   436.910    -1.000     0.000         0
   428.920     6.043     0.050         1
   429.207     5.877     0.050         1
   429.493     5.709     0.050         1
   429.778     5.551     0.050         1
   430.062     5.387     0.050         1
   430.347     5.229     0.050         1
   430.631     5.075     0.050         1
   430.912     4.923     0.050         1
   431.194     4.775     0.050         1
   431.478     4.621     0.050         1
   431.769     4.471     0.050         1
   432.053     4.331     0.050         1
   432.337     4.193     0.050         1
   432.619     4.055     0.050         1
   432.905     3.920     0.050         1
   433.187     3.797     0.050         1
   433.474     3.677     0.050         1
   433.757     3.557     0.050         1
   434.034     3.457     0.050         1
   434.318     3.355     0.050         1
   434.601     3.264     0.050         1
   434.883     3.180     0.050         1
   435.166     3.105     0.050         1
   435.447     3.041     0.050         1
   435.728     2.982     0.050         1
   436.012     2.935     0.050         1
   436.303     2.899     0.050         1
   436.587     2.888     0.050         1
   436.854     2.871     0.050         1
   429.493     9.919     0.050        11
   429.778     9.825     0.050        11
   430.062     9.735     0.050        11
   430.347     9.650     0.050        11
   430.631     9.563     0.050        11
   430.912     9.484     0.050        11
   431.194     9.401     0.050        11
   431.478     9.328     0.050        11
   431.769     9.253     0.050        11
   432.053     9.183     0.050        11
   432.337     9.126     0.050        11
   432.619     9.061     0.050        11
   432.905     9.003     0.050        11
   433.187     8.945     0.050        11
   433.474     8.903     0.050        11
   433.757     8.860     0.050        11
   434.034     8.817     0.050        11
   434.318     8.783     0.050        11
   434.601     8.748     0.050        11
   434.883     8.716     0.050        11
   435.166     8.691     0.050        11
   435.447     8.663     0.050        11
   435.728     8.642     0.050        11
   436.012     8.633     0.050        11
   436.303     8.622     0.050        11
   436.587     8.622     0.050        11
   436.854     8.615     0.050        11
   428.057    10.775     0.050        12
   429.207    10.404     0.050        12
   429.778    10.260     0.050        12
   430.347    10.096     0.050        12
   430.912     9.933     0.050        12
   431.478     9.823     0.050        12
   432.337     9.692     0.050        12
   433.474     9.508     0.050        12
   434.601     9.309     0.050        12
   436.012     9.193     0.050        12
   436.910     1.000     0.000         0
   437.152     2.883     0.050         1
   437.434     2.901     0.050         1
   437.721     2.926     0.050         1
   438.011     2.971     0.050         1
   438.301     3.022     0.050         1
   438.590     3.086     0.050         1
   438.886     3.159     0.050         1
   439.483     3.345     0.050         1
   439.784     3.454     0.050         1
   440.088     3.573     0.050         1
   440.391     3.692     0.050         1
   440.697     3.823     0.050         1
   441.000     3.959     0.050         1
   441.302     4.098     0.050         1
   441.607     4.249     0.050         1
   441.914     4.398     0.050         1
   442.218     4.559     0.050         1
   442.526     4.727     0.050         1
   442.835     4.886     0.050         1
   443.137     5.049     0.050         1
   443.437     5.213     0.050         1
   443.732     5.371     0.050         1
   444.027     5.538     0.050         1
   444.325     5.711     0.050         1
   444.621     5.881     0.050         1
   444.912     6.049     0.050         1
   437.721     8.633     0.050        11
   438.011     8.646     0.050        11
   438.301     8.663     0.050        11
   438.590     8.690     0.050        11
   439.185     8.747     0.050        11
   439.483     8.787     0.050        11
   439.784     8.834     0.050        11
   440.697     8.972     0.050        11
   441.302     9.101     0.050        11
   441.607     9.166     0.050        11
   441.914     9.232     0.050        11
   443.137     9.553     0.050        11
   444.027     9.822     0.050        11
   444.912    10.107     0.050        11
   445.795    10.432     0.050        11
   437.152     9.118     0.050        12
   437.721     9.181     0.050        12
   438.301     9.272     0.050        12
   438.886     9.368     0.050        12
   439.185     9.440     0.050        12
   439.784     9.613     0.050        12
   440.088     9.718     0.050        12
   440.391     9.842     0.050        12
   440.697     9.952     0.050        12
   441.302    10.082     0.050        12
   441.607    10.150     0.050        12
   441.914    10.222     0.050        12
   442.218    10.298     0.050        12
   442.526    10.356     0.050        12
   442.835    10.422     0.050        12
   443.137    10.497     0.050        12
   443.437    10.567     0.050        12
   443.732    10.628     0.050        12
   444.325    10.761     0.050        12
   445.205    10.941     0.050        12
   445.501    11.031     0.050        12
   436.910    -1.000     0.000         0
   432.337     4.164     0.050         1
   432.619     4.029     0.050         1
   432.905     3.895     0.050         1
   433.187     3.787     0.050         1
   433.474     3.659     0.050         1
   433.757     3.538     0.050         1
   434.034     3.447     0.050         1
   434.318     3.332     0.050         1
   434.601     3.237     0.050         1
   434.883     3.154     0.050         1
   435.166     3.074     0.050         1
   435.447     3.008     0.050         1
   435.728     2.954     0.050         1
   436.012     2.906     0.050         1
   436.303     2.879     0.050         1
   436.587     2.856     0.050         1
   436.854     2.843     0.050         1
   405.160     8.456     0.050         3
   406.445     8.319     0.050         3
   407.349     8.209     0.050         3
   408.478     8.065     0.050         3
   409.652     7.914     0.050         3
   410.528     7.792     0.050         3
   412.603     7.557     0.050         3
   414.375     7.308     0.050         3
   415.549     7.171     0.050         3
   416.139     7.096     0.050         3
   418.184     6.839     0.050         3
   419.068     6.709     0.050         3
   420.230     6.532     0.050         3
   421.684     6.309     0.050         3
   422.842     6.100     0.050         3
   424.572     5.814     0.050         3
   425.734     5.579     0.050         3
   426.317     5.447     0.050         3
   426.610     5.406     0.050         3
   426.900     5.350     0.050         3
   427.192     5.301     0.050         3
   427.482     5.241     0.050         3
   427.768     5.170     0.050         3
   428.057     5.110     0.050         3
   428.344     5.039     0.050         3
   428.633     4.978     0.050         3
   428.920     4.902     0.050         3
   429.207     4.840     0.050         3
   429.493     4.762     0.050         3
   429.778     4.715     0.050         3
   430.062     4.653     0.050         3
   430.347     4.594     0.050         3
   430.631     4.540     0.050         3
   430.912     4.481     0.050         3
   431.194     4.441     0.050         3
   431.478     4.393     0.050         3
   431.769     4.332     0.050         3
   374.653    11.994     0.050         5
   375.767    11.831     0.050         5
   377.073    11.644     0.050         5
   377.998    11.526     0.050         5
   378.927    11.398     0.050         5
   379.847    11.285     0.050         5
   380.952    11.145     0.050         5
   382.050    11.010     0.050         5
   383.139    10.898     0.050         5
   384.394    10.779     0.050         5
   385.469    10.709     0.050         5
   387.100    10.514     0.050         5
   388.901    10.290     0.050         5
   390.863    10.034     0.050         5
   392.116     9.832     0.050         5
   393.554     9.608     0.050         5
   394.823     9.379     0.050         5
   396.648     9.168     0.050         5
   398.108     9.018     0.050         5
   400.474     8.868     0.050         5
   400.656     8.809     0.050         5
   402.280     8.670     0.050         5
   403.722     8.553     0.050         5
   362.551    23.318     0.050         8
   364.270    22.903     0.050         8
   366.745    22.233     0.050         8
   369.205    21.616     0.050         8
   371.859    20.947     0.050         8
   373.541    20.440     0.050         8
   375.767    19.831     0.050         8
   377.627    19.414     0.050         8
   379.664    18.943     0.050         8
   382.050    18.438     0.050         8
   383.849    18.019     0.050         8
   386.738    17.431     0.050         8
   389.440    16.849     0.050         8
   391.400    16.320     0.050         8
   393.193    15.878     0.050         8
   398.292    14.814     0.050         8
   401.922    14.078     0.050         8
   404.634    13.567     0.050         8
   407.349    12.947     0.050         8
   409.941    12.396     0.050         8
   413.789    11.600     0.050         8
   401.016    17.031     0.050        10
   404.451    16.778     0.050        10
   407.167    16.644     0.050        10
   409.652    16.506     0.050        10
   412.306    16.170     0.050        10
   414.375    15.825     0.050        10
   416.726    15.604     0.050        10
   432.337     5.832     0.050        11
   432.619     5.699     0.050        11
   433.187     5.488     0.050        11
   433.757     5.271     0.050        11
   434.318     5.091     0.050        11
   435.166     4.899     0.050        11
   436.012     4.756     0.050        11
   436.587     4.700     0.050        11
   355.729    15.930     0.050        13
   356.860    15.858     0.050        13
   357.612    15.741     0.050        13
   359.316    15.565     0.050        13
   360.157    15.498     0.050        13
   361.039    15.333     0.050        13
   362.172    15.112     0.050        13
   363.509    14.859     0.050        13
   364.080    14.797     0.050        13
   366.177    14.514     0.050        13
   367.506    14.258     0.050        13
   367.692    14.248     0.050        13
   368.827    14.058     0.050        13
   373.913    13.160     0.050        13
   375.209    12.942     0.050        13
   377.073    12.690     0.050        13
   379.664    12.391     0.050        13
   381.317    12.234     0.050        13
   382.961    12.003     0.050        13
   384.213    11.906     0.050        13
   385.290    11.793     0.050        13
   386.193    11.715     0.050        13
   386.919    11.660     0.050        13
   387.821    11.566     0.050        13
   388.361    11.472     0.050        13
   389.259    11.370     0.050        13
   390.685    11.155     0.050        13
   392.293    10.904     0.050        13
   393.373    10.729     0.050        13
   395.187    10.382     0.050        13
   398.108     9.931     0.050        13
   400.656     9.696     0.050        13
   402.099     9.666     0.050        13
   403.364     9.611     0.050        13
   404.815     9.514     0.050        13
   405.721     9.374     0.050        13
   408.773     9.026     0.050        13
   411.714     8.717     0.050        13
   414.963     8.378     0.050        13
   418.481     8.002     0.050        13
   420.518     7.718     0.050        13
   422.842     7.335     0.050        13
   424.861     6.966     0.050        13
   426.900     6.570     0.050        13
   436.910     1.000     0.000         0
   437.152     2.859     0.050         1
   437.434     2.882     0.050         1
   437.721     2.902     0.050         1
   438.011     2.947     0.050         1
   438.301     3.003     0.050         1
   438.590     3.061     0.050         1
   438.886     3.124     0.050         1
   439.185     3.225     0.050         1
   439.483     3.313     0.050         1
   439.784     3.437     0.050         1
   440.088     3.536     0.050         1
   440.391     3.673     0.050         1
   440.697     3.810     0.050         1
   441.000     3.944     0.050         1
   441.302     4.087     0.050         1
   441.607     4.227     0.050         1
   441.914     4.377     0.050         1
   445.205     5.043     0.050         3
   447.566     5.395     0.050         3
   449.329     5.638     0.050         3
   451.427     5.920     0.050         3
   453.521     6.302     0.050         3
   455.966     6.609     0.050         3
   458.047     6.938     0.050         3
   460.092     7.255     0.050         3
   462.123     7.516     0.050         3
   464.133     7.777     0.050         3
   465.482     7.977     0.050         5
   467.852     8.380     0.050         5
   471.209     8.906     0.050         5
   473.871     9.232     0.050         5
   477.117     9.647     0.050         5
   479.047     9.902     0.050         5
   437.152     4.677     0.050        11
   437.721     4.742     0.050        11
   438.301     4.834     0.050        11
   439.185     5.034     0.050        11
   439.784     5.215     0.050        11
   440.088     5.355     0.050        11
   440.697     5.527     0.050        11
   441.000     5.677     0.050        11
   441.607     5.900     0.050        11
   445.205     6.439     0.050        13
   446.386     6.678     0.050        13
   448.281     6.994     0.050        13
   451.076     7.401     0.050        13
   453.521     7.724     0.050        13
   455.262     7.997     0.050        13
   458.389     8.544     0.050        13
   461.111     8.972     0.050        13
   464.808     9.588     0.050        13
   467.175     9.969     0.050        13
   468.865    10.244     0.050        13
   470.203    10.412     0.050        13
   472.213    10.612     0.050        13
   474.195    10.833     0.050        13
   476.149    11.083     0.050        13
   478.084    11.347     0.050        13
   436.910    -1.000     0.000         0
   428.920     6.043     0.050         1
   429.207     5.877     0.050         1
   429.493     5.709     0.050         1
   429.778     5.551     0.050         1
   430.062     5.387     0.050         1
   430.347     5.229     0.050         1
   430.631     5.075     0.050         1
   430.912     4.923     0.050         1
   431.194     4.775     0.050         1
   431.478     4.621     0.050         1
   431.769     4.471     0.050         1
   432.053     4.331     0.050         1
   432.337     4.193     0.050         1
   432.619     4.055     0.050         1
   432.905     3.920     0.050         1
   433.187     3.797     0.050         1
   433.474     3.677     0.050         1
   433.757     3.557     0.050         1
   434.034     3.457     0.050         1
   434.318     3.355     0.050         1
   434.601     3.264     0.050         1
   434.883     3.180     0.050         1
   435.166     3.105     0.050         1
   435.447     3.041     0.050         1
   435.728     2.982     0.050         1
   436.012     2.935     0.050         1
   436.303     2.899     0.050         1
   436.587     2.888     0.050         1
   436.854     2.871     0.050         1
   429.493     9.919     0.050        11
   429.778     9.825     0.050        11
   430.062     9.735     0.050        11
   430.347     9.650     0.050        11
   430.631     9.563     0.050        11
   430.912     9.484     0.050        11
   431.194     9.401     0.050        11
   431.478     9.328     0.050        11
   431.769     9.253     0.050        11
   432.053     9.183     0.050        11
   432.337     9.126     0.050        11
   432.619     9.061     0.050        11
   432.905     9.003     0.050        11
   433.187     8.945     0.050        11
   433.474     8.903     0.050        11
   433.757     8.860     0.050        11
   434.034     8.817     0.050        11
   434.318     8.783     0.050        11
   434.601     8.748     0.050        11
   434.883     8.716     0.050        11
   435.166     8.691     0.050        11
   435.447     8.663     0.050        11
   435.728     8.642     0.050        11
   436.012     8.633     0.050        11
   436.303     8.622     0.050        11
   436.587     8.622     0.050        11
   436.854     8.615     0.050        11
   428.057    10.775     0.050        12
   429.207    10.404     0.050        12
   429.778    10.250     0.050        12
   430.347    10.096     0.050        12
   430.912     9.933     0.050        12
   431.478     9.823     0.050        12
   432.337     9.692     0.050        12
   433.474     9.508     0.050        12
   434.601     9.309     0.050        12
   436.012     9.193     0.050        12
   421.394    12.180     0.050        13
   422.264    12.032     0.050        13
   422.842    11.913     0.050        13
   423.417    11.799     0.050        13
   423.995    11.685     0.050        13
   424.861    11.500     0.050        13
   425.443    11.360     0.050        13
   426.022    11.229     0.050        13
   436.910     1.000     0.000         0
   437.152     2.883     0.050         1
   437.434     2.901     0.050         1
   437.721     2.926     0.050         1
   438.011     2.971     0.050         1
   438.301     3.022     0.050         1
   438.590     3.086     0.050         1
   438.886     3.159     0.050         1
   439.483     3.345     0.050         1
   439.784     3.454     0.050         1
   440.088     3.573     0.050         1
   440.391     3.692     0.050         1
   440.697     3.823     0.050         1
   441.000     3.959     0.050         1
   441.302     4.098     0.050         1
   441.607     4.249     0.050         1
   441.914     4.398     0.050         1
   442.218     4.559     0.050         1
   442.526     4.727     0.050         1
   442.835     4.886     0.050         1
   443.137     5.049     0.050         1
   443.437     5.213     0.050         1
   443.732     5.371     0.050         1
   444.027     5.538     0.050         1
   444.325     5.711     0.050         1
   444.621     5.881     0.050         1
   444.912     6.049     0.050         1
   437.721     8.633     0.050        11
   438.011     8.646     0.050        11
   438.301     8.663     0.050        11
   438.590     8.690     0.050        11
   439.185     8.747     0.050        11
   439.483     8.787     0.050        11
   439.784     8.834     0.050        11
   440.697     8.972     0.050        11
   441.302     9.101     0.050        11
   441.607     9.166     0.050        11
   441.914     9.232     0.050        11
   443.137     9.553     0.050        11
   444.027     9.822     0.050        11
   444.912    10.107     0.050        11
   445.795    10.432     0.050        11
   437.152     9.118     0.050        12
   437.721     9.181     0.050        12
   438.301     9.272     0.050        12
   438.886     9.368     0.050        12
   439.185     9.440     0.050        12
   439.784     9.613     0.050        12
   440.088     9.718     0.050        12
   440.391     9.842     0.050        12
   440.697     9.952     0.050        12
   441.302    10.082     0.050        12
   441.607    10.150     0.050        12
   441.914    10.222     0.050        12
   442.218    10.298     0.050        12
   442.526    10.356     0.050        12
   442.835    10.422     0.050        12
   443.137    10.497     0.050        12
   443.437    10.567     0.050        12
   443.732    10.628     0.050        12
   444.325    10.761     0.050        12
   445.205    10.941     0.050        12
   445.501    11.031     0.050        12
   436.910    -1.000     0.000         0
   429.493     9.919     0.050        11
   429.778     9.825     0.050        11
   430.062     9.735     0.050        11
   430.347     9.650     0.050        11
   430.631     9.563     0.050        11
   430.912     9.484     0.050        11
   431.194     9.401     0.050        11
   431.478     9.328     0.050        11
   431.769     9.253     0.050        11
   432.053     9.183     0.050        11
   432.337     9.126     0.050        11
   432.619     9.061     0.050        11
   432.905     9.003     0.050        11
   433.187     8.945     0.050        11
   433.474     8.903     0.050        11
   433.757     8.860     0.050        11
   434.034     8.817     0.050        11
   434.318     8.783     0.050        11
   434.601     8.748     0.050        11
   434.883     8.716     0.050        11
   435.166     8.691     0.050        11
   435.447     8.663     0.050        11
   435.728     8.642     0.050        11
   436.012     8.633     0.050        11
   436.303     8.622     0.050        11
   436.587     8.622     0.050        11
   436.854     8.615     0.050        11
   428.057    10.775     0.050        12
   429.207    10.404     0.050        12
   429.778    10.250     0.050        12
   430.347    10.096     0.050        12
   430.912     9.933     0.050        12
   431.478     9.823     0.050        12
   432.337     9.692     0.050        12
   433.474     9.508     0.050        12
   434.601     9.309     0.050        12
   436.012     9.193     0.050        12
   421.394    12.225     0.050        13
   422.264    12.063     0.050        13
   422.842    11.949     0.050        13
   423.417    11.824     0.050        13
   423.995    11.724     0.050        13
   424.861    11.541     0.050        13
   425.443    11.395     0.050        13
   426.022    11.256     0.050        13
   436.910     1.000     0.000         0
   437.721     8.633     0.050        11
   438.011     8.646     0.050        11
   438.301     8.663     0.050        11
   438.590     8.690     0.050        11
   439.185     8.747     0.050        11
   439.483     8.787     0.050        11
   439.784     8.834     0.050        11
   440.697     8.972     0.050        11
   441.302     9.101     0.050        11
   441.607     9.166     0.050        11
   441.914     9.232     0.050        11
   443.137     9.553     0.050        11
   444.027     9.822     0.050        11
   444.912    10.107     0.050        11
   445.795    10.432     0.050        11
   437.152     9.118     0.050        12
   437.721     9.181     0.050        12
   438.301     9.272     0.050        12
   438.886     9.368     0.050        12
   439.185     9.440     0.050        12
   439.784     9.613     0.050        12
   440.088     9.718     0.050        12
   440.391     9.842     0.050        12
   440.697     9.952     0.050        12
   441.302    10.082     0.050        12
   441.607    10.150     0.050        12
   441.914    10.222     0.050        12
   442.218    10.298     0.050        12
   442.526    10.356     0.050        12
   442.835    10.422     0.050        12
   443.137    10.497     0.050        12
   443.437    10.567     0.050        12
   443.732    10.628     0.050        12
   444.325    10.761     0.050        12
   445.205    10.941     0.050        12
   445.501    11.031     0.050        12
   436.910    -1.000     0.000         0
   351.744    16.727     0.050         3
   354.793    16.254     0.050         3
   357.796    15.805     0.050         3
   360.303    15.422     0.050         3
   361.227    15.268     0.050         3
   363.890    14.824     0.050         3
   365.228    14.532     0.050         3
   366.367    14.429     0.050         3
   367.880    14.194     0.050         3
   372.795    13.392     0.050         3
   374.838    13.052     0.050         3
   378.555    12.676     0.050         3
   383.670    12.188     0.050         3
   387.821    11.549     0.050         3
   391.579    10.975     0.050         3
   396.283    10.278     0.050         3
   399.567     9.974     0.050         3
   403.364     9.723     0.050         3
   405.540     9.569     0.050         3
   409.360     9.089     0.050         3
   412.306     8.755     0.050         3
   417.890     8.206     0.050         3
   421.684     7.574     0.050         3
   425.443     6.861     0.050         3
   428.344     6.221     0.050         3
   336.042    29.492     0.050         4
   341.134    28.122     0.050         4
   343.548    27.732     0.050         4
   344.641    27.242     0.050         4
   348.736    26.290     0.050         4
   350.989    25.800     0.050         4
   353.643    25.196     0.050         4
   357.981    24.288     0.050         4
   361.227    23.563     0.050         4
   364.080    22.649     0.050         4
   370.155    20.921     0.050         4
   372.981    20.243     0.050         4
   377.073    19.146     0.050         4
   378.927    18.814     0.050         4
   380.582    18.353     0.050         4
   383.139    17.812     0.050         4
   385.650    17.301     0.050         4
   388.361    16.595     0.050         4
   391.757    15.891     0.050         4
   396.102    14.936     0.050         4
   399.020    14.335     0.050         4
   401.922    13.875     0.050         4
   402.099    13.846     0.050         4
   404.815    13.237     0.050         4
   406.445    12.965     0.050         4
   409.941    12.191     0.050         4
   415.549    10.943     0.050         4
   420.808     9.910     0.050         4
   423.995     9.327     0.050         4
   436.910     1.000     0.000         0
   446.090     6.514     0.050         3
   448.627     7.007     0.050         3
   451.076     7.328     0.050         3
   454.213     7.729     0.050         3
   457.005     8.090     0.050         3
   462.123     8.752     0.050         3
   467.175     9.611     0.050         3
   470.540    10.172     0.050         3
   473.871    10.605     0.050         3
   476.792    10.988     0.050         3
   478.728    11.241     0.050         3
   448.627     8.589     0.050         4
   450.729     9.148     0.050         4
   453.521     9.839     0.050         4
   455.966    10.473     0.050         4
   459.408    11.307     0.050         4
   461.787    12.034     0.050         4
   465.482    12.876     0.050         4
   468.527    13.592     0.050         4
   470.203    14.098     0.050         4
   472.875    14.804     0.050         4
   477.439    15.773     0.050         4
   479.047    16.128     0.050         4
     0.000     0.000     0.000        -1