  0.000  2.800
  0.500  2.800
  1.000  2.810
  1.500  2.820
  2.000  2.830
  2.500  2.840
  3.000  2.850
  3.500  2.860
  4.000  2.860
  4.500  2.870
  5.000  2.880
  5.500  2.880
  6.000  2.890
  6.500  2.890
  7.000  2.900
  7.500  2.900
  8.000  2.900
  8.500  2.890
  9.000  2.890
  9.500  2.890
 10.000  2.890
 10.500  2.890
 11.000  2.890
 11.500  2.880
 12.000  2.880
 12.500  2.880
 13.000  2.870
 13.500  2.870
 14.000  2.870
 14.500  2.860
 15.000  2.860
 15.500  2.860
 16.000  2.860
 16.500  2.850
 17.000  2.850
 17.500  2.850
 18.000  2.840
 18.500  2.840
 19.000  2.840
 19.500  2.840
 20.000  2.830
 20.500  2.830
 21.000  2.820
 21.500  2.820
 22.000  2.810
 22.500  2.800
 23.000  2.800
 23.500  2.800
 24.000  2.790
 24.500  2.790
 25.000  2.780
 25.500  2.780
 26.000  2.780
 26.500  2.770
 27.000  2.750
 27.500  2.740
 28.000  2.720
 28.500  2.710
 29.000  2.710
 29.500  2.710
 30.000  2.710
 30.500  2.710
 31.000  2.720
 31.500  2.720
 32.000  2.710
 32.500  2.700
 33.000  2.680
 33.500  2.660
 34.000  2.650
 34.500  2.630
 35.000  2.620
 35.500  2.610
 36.000  2.600
 36.500  2.590
 36.850  2.580
 37.500  2.570
 38.000  2.560
 38.500  2.550
 39.000  2.530
 39.500  2.520
 40.000  2.510
 40.500  2.490
 41.000  2.470
 41.500  2.460
 42.000  2.430
 42.500  2.400
 43.000  2.370
 43.500  2.340
 44.000  2.330
 44.500  2.310
 45.000  2.300
 45.500  2.280
 46.000  2.270
 46.500  2.270
 47.000  2.280
 47.500  2.290
 48.000  2.300
 48.500  2.330
 49.000  2.370
 49.500  2.420
 50.000  2.470
 50.500  2.530
 51.000  2.580
 51.500  2.620
 52.000  2.650
 52.500  2.670
 53.000  2.690
 53.500  2.700
 54.000  2.700
 54.500  2.700
 54.860  2.700
 55.500  2.700
 56.000  2.700
 56.500  2.690
 57.000  2.660
 57.500  2.640
 58.000  2.620
 58.500  2.610
 59.000  2.610
 59.500  2.600
 60.000  2.600
 60.500  2.610
 60.860  2.610
 61.500  2.610
 62.000  2.610
 62.500  2.620
 63.000  2.620
 63.500  2.630
 64.000  2.630
 64.500  2.640
 65.000  2.650
 65.500  2.660
 66.000  2.660
 66.500  2.680
 67.000  2.690
 67.500  2.700
 68.000  2.710
 68.500  2.710
 69.000  2.720
 69.500  2.730
 70.000  2.730
 70.500  2.740
 71.000  2.750
 71.500  2.760
 72.000  2.770
 72.500  2.780
 72.860  2.790
 73.500  2.800
 74.000  2.820
 74.500  2.840
 75.000  2.850
 75.500  2.850
 76.000  2.860
 76.500  2.870
 77.000  2.880
 77.500  2.880
 78.000  2.890
 78.500  2.890
 79.000  2.900
 79.500  2.900
 80.000  2.910
 80.500  2.920
 81.000  2.930
 81.500  2.940
 82.000  2.950
 82.500  2.960
 83.000  2.970
 83.500  2.970
 84.000  2.980
 84.430  2.980
 85.000  2.980
 85.500  2.970
 86.000  2.960
 86.500  2.950
 87.000  2.950
 87.500  2.950
 88.000  2.960
 88.500  2.960
 89.000  2.960
 89.500  2.950
 90.000  2.950
 90.500  2.950
 90.860  2.950
 91.500  2.950
 92.000  2.950
 92.500  2.950
 93.000  2.950
 93.500  2.950
 94.000  2.950
 94.500  2.950
 95.000  2.960
 95.500  2.950
 96.000  2.920
 96.500  2.900
 96.860  2.890
 97.500  2.870
 98.000  2.860
 98.500  2.840
 99.000  2.830
 99.500  2.830
100.000  2.840
100.500  2.850
101.000  2.840
101.500  2.810
102.000  2.750
102.500  2.680
103.000  2.630
103.500  2.600
104.000  2.610
104.500  2.620
105.000  2.610
105.500  2.580
106.000  2.540
106.500  2.520
107.000  2.470
107.500  2.430
108.000  2.410
108.500  2.400
109.000  2.410
109.500  2.430
110.000  2.450
110.500  2.460
111.000  2.480
111.500  2.490
112.000  2.500
112.500  2.520
113.000  2.550
113.500  2.590
114.000  2.610
114.500  2.610
114.810  2.600
115.500  2.590
116.000  2.590
116.500  2.600
117.000  2.610
117.500  2.620
118.000  2.640
118.500  2.650
119.000  2.660
119.500  2.670
120.000  2.690
120.500  2.740
120.860  2.770
121.500  2.820
122.000  2.840
122.500  2.860
123.000  2.870
123.500  2.870
124.000  2.840
124.500  2.810
125.000  2.780
125.500  2.740
126.000  2.710
126.400  2.695
127.000  2.670
127.500  2.670
128.000  2.670
128.500  2.670
129.000  2.680
129.500  2.690
130.000  2.700
130.500  2.710
131.000  2.720
131.500  2.740
132.000  2.740
132.500  2.740
133.000  2.750
133.500  2.780
134.000  2.800
134.500  2.820
135.000  2.830
135.500  2.850
136.000  2.870
136.500  2.900
137.000  2.930
137.500  2.980
138.000  3.010
138.500  3.050
138.750  3.060
139.125  3.075
139.500  3.090
140.000  3.110
140.500  3.120
141.000  3.110
141.500  3.100
142.000  3.090
142.500  3.050
143.000  3.000
143.500  2.960
144.000  2.950
144.500  2.950
144.750  2.960
145.125  2.965
145.500  2.970
146.000  2.970
146.500  2.970
147.000  2.960
147.500  2.950
148.000  2.940
148.500  2.920
149.000  2.900
149.500  2.890
150.000  2.880
150.730  2.850
151.000  2.830
151.500  2.750
152.000  2.650
152.500  2.570
153.000  2.520
153.500  2.480
154.000  2.430
154.590  2.290
155.330  2.120
155.787  2.060
156.243  2.000
156.700  1.940
157.207  1.873
157.713  1.805
158.220  1.738
158.727  1.670
159.233  1.603
159.740  1.535
160.247  1.468
160.753  1.400
161.260  1.333
161.767  1.265
162.273  1.198
162.780  1.130
163.275  1.066
163.770  1.001
164.265  0.937
164.760  0.873
165.255  0.809
165.750  0.744
166.245  0.680
166.740  0.616
167.235  0.551
167.730  0.487
168.225  0.423
168.720  0.359
169.215  0.294
169.710  0.230
170.212  0.229
170.714  0.228
171.215  0.226
171.717  0.225
172.219  0.224
172.721  0.223
173.223  0.222
173.724  0.220
174.226  0.219
174.728  0.218
175.230  0.217
175.732  0.216
176.233  0.214
176.735  0.213
177.237  0.212
177.739  0.211
178.241  0.210
178.743  0.208
179.244  0.207
179.746  0.206
180.248  0.205
180.750  0.203
181.252  0.202
181.753  0.201
182.255  0.200
182.757  0.199
183.259  0.197
183.761  0.196
184.262  0.195
184.764  0.194
185.266  0.193
185.768  0.191
186.270  0.190
186.771  0.189
187.273  0.188
187.775  0.187
188.277  0.185
188.779  0.184
189.280  0.183
189.782  0.182
190.284  0.181
190.786  0.179
191.288  0.178
191.790  0.177
192.291  0.176
192.793  0.175
193.295  0.173
193.797  0.172
194.299  0.171
194.800  0.170
195.302  0.169
195.804  0.167
196.306  0.166
196.808  0.165
197.309  0.164
197.811  0.163
198.313  0.161
198.815  0.160
199.317  0.159
199.818  0.158
200.320  0.157
200.822  0.155
201.324  0.154
201.826  0.153
202.327  0.152
202.829  0.150
203.331  0.149
203.833  0.148
204.335  0.147
204.837  0.146
205.338  0.144
205.840  0.143
206.342  0.142
206.844  0.141
207.346  0.140
207.847  0.138
208.349  0.137
208.851  0.136
209.353  0.135
209.855  0.134
210.356  0.132
210.858  0.131
211.360  0.130
211.823  0.250
212.287  0.370
212.750  0.490
213.243  0.619
213.735  0.748
214.227  0.876
214.720  1.005
215.213  1.134
215.705  1.262
216.197  1.391
216.690  1.520
217.212  1.655
217.734  1.790
218.256  1.925
218.778  2.060
219.300  2.195
219.822  2.330
220.344  2.465
220.866  2.600
221.388  2.735
221.910  2.870
222.305  2.955
222.700  3.040
223.100  3.140
223.500  3.240
224.000  3.310
224.500  3.360
225.000  3.400
225.500  3.430
226.000  3.440
226.500  3.440
227.000  3.450
227.500  3.450
228.000  3.470
228.500  3.480
229.000  3.490
229.500  3.500
230.000  3.520
230.500  3.530
231.000  3.540
231.500  3.550
232.000  3.560
232.500  3.560
233.000  3.570
233.500  3.570
234.000  3.570
234.670  3.570
235.000  3.580
235.500  3.580
236.000  3.590
236.500  3.590
237.000  3.590
237.500  3.600
238.000  3.600
238.500  3.600
239.000  3.600
239.500  3.590
240.000  3.590
240.500  3.600
240.760  3.600
241.500  3.590
242.000  3.570
242.500  3.530
243.000  3.510
243.500  3.510
244.000  3.530
244.500  3.530
245.000  3.530
245.500  3.520
246.000  3.510
246.500  3.480
246.790  3.470
247.500  3.440
248.000  3.450
248.500  3.460
249.000  3.450
249.500  3.420
250.000  3.400
250.500  3.380
251.000  3.350
251.500  3.320
252.000  3.280
252.500  3.240
252.810  3.220
253.500  3.180
254.000  3.150
254.500  3.130
255.000  3.100
255.500  3.070
256.000  3.040
256.500  3.010
257.000  2.990
257.500  2.930
258.000  2.830
258.500  2.730
259.000  2.650
259.500  2.570
260.000  2.510
260.500  2.440
261.000  2.370
261.500  2.310
262.000  2.250
262.500  2.210
263.000  2.200
263.500  2.210
264.000  2.220
264.500  2.240
265.000  2.260
265.500  2.260
266.000  2.250
266.500  2.240
267.000  2.220
267.500  2.200
268.000  2.190
268.500  2.170
269.000  2.160
269.500  2.140
270.000  2.110
270.500  2.090
270.810  2.070
271.500  2.020
272.000  1.980
272.500  1.950
273.000  1.920
273.500  1.890
274.000  1.840
274.500  1.780
275.000  1.710
275.500  1.640
276.000  1.590
276.500  1.560
277.000  1.540
277.500  1.510
278.000  1.470
278.500  1.420
279.000  1.370
279.500  1.320
280.000  1.270
280.500  1.220
281.000  1.180
281.500  1.130
282.000  1.080
282.730  1.020
283.000  0.990
283.500  0.950
284.000  0.920
284.500  0.890
285.000  0.860
285.500  0.820
286.000  0.770
286.500  0.720
287.000  0.690
287.500  0.660
288.000  0.640
288.740  0.580
289.120  0.545
289.500  0.510
290.000  0.500
290.500  0.500
291.000  0.500
291.500  0.490
292.000  0.460
292.500  0.450
293.000  0.470
293.500  0.510
294.000  0.560
294.500  0.620
294.790  0.650
295.500  0.710
296.000  0.760
296.500  0.810
297.000  0.860
297.500  0.900
298.000  0.940
298.500  0.970
299.000  0.990
299.500  1.000
300.000  1.010
300.500  1.030
300.790  1.040
301.500  1.070
302.000  1.100
302.500  1.120
303.000  1.140
303.500  1.170
304.000  1.190
304.500  1.210
305.000  1.220
305.500  1.220
306.000  1.220
306.390  1.220
307.000  1.220
307.500  1.200
308.000  1.180
308.500  1.190
309.000  1.220
309.500  1.240
310.000  1.260
310.500  1.270
311.000  1.270
311.500  1.270
312.000  1.260
312.500  1.270
313.000  1.290
313.500  1.320
314.000  1.340
314.500  1.360
315.000  1.380
315.500  1.380
316.000  1.390
316.500  1.400
317.000  1.420
317.500  1.430
318.000  1.440
318.500  1.450
318.780  1.460
319.500  1.490
320.000  1.510
320.500  1.520
321.000  1.540
321.500  1.570
322.000  1.600
322.500  1.630
323.000  1.650
323.500  1.680
324.000  1.710
324.500  1.730
325.000  1.760
325.500  1.790
326.000  1.810
326.500  1.840
327.000  1.860
327.500  1.880
328.000  1.910
328.500  1.940
329.000  1.970
329.500  2.000
330.000  2.030
330.385  2.055
330.770  2.080
331.500  2.130
332.000  2.150
332.500  2.170
333.000  2.180
333.500  2.190
334.000  2.200
334.500  2.220
335.000  2.240
335.500  2.260
336.000  2.260
336.630  2.260
337.000  2.250
337.500  2.230
338.000  2.210
338.500  2.190
339.000  2.160
339.500  2.140
340.000  2.100
340.500  2.070
341.000  2.040
341.500  2.010
342.000  1.980
342.680  1.950
343.000  1.940
343.500  1.930
344.000  1.920
344.500  1.920
345.000  1.930
345.630  1.940
346.000  1.950
346.500  1.960
347.000  1.980
347.500  2.000
348.000  2.010
348.590  2.000
349.000  1.990
349.500  1.970
350.000  1.950
350.500  1.930
351.000  1.910
351.580  1.900
352.000  1.890
352.500  1.880
353.000  1.870
353.500  1.860
354.000  1.850
354.540  1.830
355.000  1.800
355.500  1.780
356.000  1.770
356.500  1.790
357.000  1.840
357.450  1.910
358.000  2.000
358.500  2.100
359.000  2.210
359.500  2.310
360.000  2.430
360.430  2.530
361.000  2.660
361.500  2.770
362.000  2.870
362.500  2.930
363.000  2.980
363.420  3.030
364.000  3.090
364.500  3.140
365.000  3.170
365.500  3.180
366.000  3.180
366.480  3.180
367.000  3.170
367.500  3.160
368.000  3.160
368.500  3.160
368.990  3.140
369.540  3.080
370.010  3.100
370.490  3.110
371.000  3.070
371.500  3.010
372.000  2.930
372.580  2.830
373.130  2.740
373.590  2.650
374.010  2.610
374.500  2.640
375.000  2.660
375.500  2.640
376.000  2.600
376.500  2.560
377.000  2.510
377.500  2.470
377.960  2.410
378.480  2.330
378.960  2.280
379.500  2.250
380.000  2.200
380.500  2.170
381.000  2.110
381.410  2.030
382.000  1.930
382.500  1.850
383.000  1.760
383.500  1.640
384.000  1.500
384.550  1.390
385.000  1.280
385.500  1.230
386.000  1.200
386.500  1.180
387.000  1.170
387.560  1.170
388.000  1.170
388.500  1.170
389.000  1.170
389.500  1.170
390.000  1.160
390.590  1.170
391.000  1.190
391.500  1.240
392.000  1.300
392.500  1.330
393.000  1.340
393.500  1.360
394.000  1.370
394.500  1.360
395.000  1.350
395.500  1.340
396.000  1.340
396.580  1.340
397.000  1.340
397.500  1.340
398.000  1.350
398.500  1.360
399.000  1.390
399.500  1.420
400.000  1.450
400.500  1.460
401.000  1.490
401.500  1.530
402.000  1.590
402.640  1.700
403.000  1.770
403.500  1.890
404.000  1.980
404.500  2.040
405.000  2.090
405.500  2.120
406.000  2.150
406.500  2.170
407.000  2.210
407.560  2.267
408.120  2.323
408.680  2.380
409.120  2.367
409.560  2.353
410.000  2.340
