30.818    2.72
36.848    2.58
42.860    2.38
48.860    2.36
54.860    2.70
60.860    2.61
72.860    2.79
78.859    2.90
84.860    2.98
90.860    2.95
96.859    2.89
102.860   2.64
108.860   2.41
114.812   2.60
120.860   2.77
126.796   2.68
132.785   2.75
138.753   3.06
144.754   2.96
150.731   2.85
156.702   1.94
162.784   1.13
212.751   0.49
216.692   1.52
222.699   3.04
234.665   3.57
240.757   3.60
246.787   3.47
252.812   3.22
264.830   2.26
270.805   2.07
276.757   1.55
282.729   1.02
288.735   0.58
294.793   0.65
300.793   1.04
306.784   1.22
318.781   1.46
324.769   1.75
330.766   2.08
336.632   2.26
342.678   1.95
345.626   1.94
348.590   2.00
351.584   1.90
354.535   1.83
357.449   1.91
360.428   2.53
363.422   3.03
366.483   3.18
369.535   3.08
372.584   2.83
375.499   2.64
378.481   2.33
381.407   2.03
384.545   1.39
387.558   1.17
390.586   1.17
396.577   1.34
402.638   1.70
408.680   2.38