0.000000 8.299104 1.754145 0.000000
0.001076 8.231006 1.749825 0.111114
0.002152 8.163912 1.745632 0.222728
0.003237 8.097204 1.741524 0.335853
0.004331 8.030882 1.737501 0.450503
0.005434 7.964942 1.733562 0.566699
0.006546 7.899380 1.729707 0.684461
0.007668 7.834193 1.725935 0.803814
0.008798 7.769376 1.722244 0.924778
0.009938 7.704926 1.718634 1.047379
0.011088 7.640839 1.715105 1.171638
0.012246 7.577111 1.711655 1.297581
0.013414 7.513740 1.708285 1.425233
0.014591 7.450723 1.704992 1.554619
0.015778 7.388055 1.701777 1.685766
0.016974 7.325735 1.698638 1.818699
0.018179 7.263759 1.695576 1.953448
0.019394 7.202125 1.692589 2.090039
0.020619 7.140830 1.689677 2.228503
0.021853 7.079871 1.686840 2.368868
0.023096 7.019247 1.684076 2.511165
0.024350 6.958955 1.681385 2.655425
0.025612 6.898992 1.678768 2.801680
0.026885 6.839357 1.676222 2.949964
0.028167 6.780048 1.673749 3.100309
0.029459 6.721063 1.671347 3.252751
0.030761 6.662400 1.669015 3.407325
0.032072 6.604057 1.666755 3.564068
0.033394 6.546033 1.664564 3.723017
0.034725 6.488327 1.662443 3.884212
0.036066 6.430936 1.660392 4.047690
0.037418 6.373860 1.658410 4.213495
0.038779 6.317097 1.656497 4.381666
0.040151 6.260647 1.654652 4.552248
0.041532 6.204507 1.652876 4.725286
0.042924 6.148678 1.651168 4.900823
0.044326 6.093157 1.649529 5.078908
0.045739 6.037945 1.647957 5.259590
0.047162 5.983040 1.646453 5.442917
0.048595 5.928442 1.645017 5.628940
0.050039 5.874150 1.643649 5.817714
0.051493 5.820163 1.642348 6.009292
0.052958 5.766481 1.641115 6.203730
0.054434 5.713103 1.639949 6.401085
0.055920 5.660029 1.638852 6.601418
0.057417 5.607259 1.637822 6.804790
0.058925 5.554791 1.636861 7.011263
0.060444 5.502626 1.635967 7.220904
0.061974 5.450764 1.635142 7.433779
0.063516 5.399204 1.634386 7.649957
0.065068 5.347945 1.633698 7.869511
0.066632 5.296989 1.633080 8.092514
0.068207 5.246334 1.632531 8.319042
0.069794 5.195982 1.632052 8.549175
0.071392 5.145930 1.631643 8.782993
0.073002 5.096181 1.631306 9.020581
0.074623 5.046733 1.631039 9.262025
0.076256 4.997586 1.630845 9.507415
0.077902 4.948742 1.630723 9.756845
0.079559 4.900199 1.630674 10.010409
0.081228 4.851958 1.630699 10.268207
0.082910 4.804019 1.630798 10.530343
0.084604 4.756383 1.630973 10.796921
0.086311 4.709048 1.631224 11.068052
0.088030 4.662016 1.631552 11.343851
0.089761 4.615287 1.631958 11.624434
0.091506 4.568860 1.632443 11.909924
0.093263 4.522737 1.633008 12.200448
0.095034 4.476916 1.633655 12.496137
0.096818 4.431400 1.634383 12.797127
0.098615 4.386186 1.635195 13.103558
0.100425 4.341277 1.636093 13.415578
0.102250 4.296671 1.637076 13.733338
0.104087 4.252370 1.638147 14.056996
0.105939 4.208374 1.639307 14.386715
0.107805 4.164682 1.640559 14.722666
0.109685 4.121295 1.641903 15.065025
0.111579 4.078213 1.643341 15.413976
0.113488 4.035437 1.644875 15.769710
0.115411 3.992966 1.646508 16.132424
0.117350 3.950802 1.648240 16.502327
0.119303 3.908943 1.650075 16.879633
0.121271 3.867390 1.652015 17.264565
0.123255 3.826144 1.654061 17.657357
0.125254 3.785205 1.656217 18.058251
0.127269 3.744573 1.658485 18.467502
0.129300 3.704247 1.660867 18.885372
0.131347 3.664229 1.663367 19.312136
0.133410 3.624519 1.665987 19.748083
0.135489 3.585116 1.668730 20.193513
0.137586 3.546021 1.671600 20.648737
0.139699 3.507235 1.674601 21.114083
0.141829 3.468756 1.677734 21.589894
0.143976 3.430587 1.681005 22.076527
0.146141 3.392726 1.684417 22.574355
0.148324 3.355174 1.687975 23.083770
0.150524 3.317931 1.691681 23.605183
0.152743 3.280998 1.695542 24.139021
0.154980 3.244375 1.699561 24.685735
0.157235 3.208062 1.703743 25.245797
0.159510 3.172058 1.708094 25.819701
0.161803 3.136366 1.712618 26.407967
0.164116 3.100984 1.717321 27.011140
0.166449 3.065914 1.722210 27.629793
0.168801 3.031155 1.727289 28.264528
0.171173 2.996708 1.732566 28.915978
0.173565 2.962573 1.738047 29.584811
0.175970 2.928872 1.743719 30.269212
0.178376 2.895734 1.749562 30.966920
0.180785 2.863144 1.755580 31.678402
0.183197 2.831090 1.761777 32.404131
0.185612 2.799563 1.768157 33.144597
0.188029 2.768550 1.774724 33.900311
0.190450 2.738041 1.781482 34.671804
0.192875 2.708026 1.788436 35.459629
0.195303 2.678496 1.795590 36.264359
0.197735 2.649441 1.802948 37.086596
0.200170 2.620852 1.810517 37.926964
0.202610 2.592721 1.818300 38.786116
0.205054 2.565039 1.826303 39.664733
0.207502 2.537798 1.834532 40.563526
0.209955 2.510991 1.842993 41.483241
0.212412 2.484610 1.851691 42.424655
0.214874 2.458647 1.860632 43.388583
0.217340 2.433096 1.869823 44.375880
0.219812 2.407950 1.879271 45.387440
0.222288 2.383202 1.888983 46.424201
0.224769 2.358846 1.898964 47.487149
0.227256 2.334876 1.909224 48.577318
0.229747 2.311285 1.919769 49.695796
0.232244 2.288069 1.930608 50.843726
0.234746 2.265220 1.941748 52.022310
0.237254 2.242735 1.953199 53.232816
0.239767 2.220606 1.964969 54.476580
0.242285 2.198831 1.977068 55.755009
0.244809 2.177402 1.989504 57.069590
0.247339 2.156315 2.002288 58.421893
0.249874 2.135566 2.015429 59.813576
0.252415 2.115150 2.028940 61.246395
0.254961 2.095062 2.042830 62.722209
0.257514 2.075298 2.057111 64.242987
0.260072 2.055853 2.071795 65.810817
0.262636 2.036724 2.086895 67.427915
0.265205 2.017905 2.102422 69.096638
0.267780 1.999394 2.118391 70.819489
0.270362 1.981186 2.134814 72.599135
0.272949 1.963277 2.151707 74.438416
0.275541 1.945664 2.169084 76.340362
