0.000000 8.299104 1.754145 0.000000
0.000002 8.283810 1.758162 0.000254
0.000012 8.227516 1.773370 0.001207
0.000021 8.172601 1.788878 0.002163
0.000030 8.118556 1.804831 0.003130
0.000040 8.065383 1.821244 0.004109
0.000050 8.013075 1.838130 0.005100
0.000059 7.961628 1.855507 0.006102
0.000069 7.911036 1.873389 0.007116
0.000079 7.861295 1.891793 0.008143
0.000089 7.812398 1.910738 0.009182
0.000099 7.764341 1.930240 0.010234
0.000110 7.717117 1.950319 0.011298
0.000120 7.670721 1.970994 0.012376
0.000131 7.625148 1.992285 0.013467
0.000141 7.580391 2.014213 0.014571
0.000152 7.536444 2.036800 0.015689
0.000163 7.493301 2.060067 0.016821
0.000174 7.450956 2.084039 0.017967
0.000186 7.409403 2.108739 0.019127
0.000197 7.368634 2.134193 0.020301
0.000209 7.328644 2.160428 0.021491
