0.000000 8.299104 1.754145 0.000000
0.000046 8.262229 1.760294 0.004733
0.000134 8.192421 1.772240 0.013840
0.000223 8.123732 1.784400 0.022997
0.000313 8.055798 1.796843 0.032251
0.000404 7.988618 1.809575 0.041603
0.000495 7.922185 1.822605 0.051055
0.000588 7.856494 1.835941 0.060606
0.000681 7.791541 1.849591 0.070260
0.000775 7.727321 1.863564 0.080017
0.000871 7.663828 1.877870 0.089878
0.000967 7.601057 1.892517 0.099845
0.001065 7.539003 1.907516 0.109919
0.001163 7.477661 1.922876 0.120101
0.001262 7.417026 1.938608 0.130393
0.001363 7.357092 1.954723 0.140797
0.001464 7.297854 1.971232 0.151313
0.001567 7.239307 1.988145 0.161943
0.001670 7.181446 2.005476 0.172688
0.001775 7.124266 2.023237 0.183550
0.001881 7.067761 2.041439 0.194531
0.001987 7.011927 2.060096 0.205631
0.002095 6.956757 2.079222 0.216853
0.002204 6.902247 2.098831 0.228197
0.002315 6.848392 2.118937 0.239666
0.002426 6.795185 2.139556 0.251260
0.002538 6.742622 2.160703 0.262982
