0.000000 8.299104 1.754145 0.000000
0.000193 8.204632 1.764347 0.019884
0.000363 8.123028 1.773471 0.037445
0.000535 8.042251 1.782802 0.055194
0.000709 7.962405 1.792333 0.073107
0.000884 7.883483 1.802069 0.091189
0.001060 7.805476 1.812017 0.109440
0.001238 7.728379 1.822180 0.127864
0.001417 7.652184 1.832566 0.146460
0.001598 7.576884 1.843181 0.165233
0.001781 7.502472 1.854030 0.184184
0.001965 7.428941 1.865120 0.203315
0.002151 7.356284 1.876457 0.222629
0.002338 7.284495 1.888049 0.242127
0.002527 7.213565 1.899901 0.261812
0.002718 7.143489 1.912023 0.281686
0.002910 7.074259 1.924420 0.301752
0.003104 7.005869 1.937100 0.322012
0.003300 6.938310 1.950073 0.342467
0.003497 6.871577 1.963344 0.363122
0.003697 6.805662 1.976924 0.383978
0.003897 6.740558 1.990820 0.405037
0.004100 6.676259 2.005043 0.426303
0.004305 6.612758 2.019600 0.447777
0.004511 6.550047 2.034501 0.469462
0.004719 6.488120 2.049757 0.491362
0.004929 6.426969 2.065378 0.513478
0.005141 6.366588 2.081374 0.535814
0.005355 6.306971 2.097756 0.558372
0.005571 6.248109 2.114536 0.581155
0.005788 6.189997 2.131724 0.604165
0.006008 6.132627 2.149334 0.627406
0.006229 6.075992 2.167377 0.650881
