0.000000 8.299104 1.754145 0.000000
0.000348 8.200608 1.756806 0.035870
0.000671 8.111149 1.759396 0.069179
0.000998 8.022109 1.762144 0.103046
0.001330 7.933592 1.765050 0.137445
0.001667 7.845597 1.768118 0.172387
0.002009 7.758129 1.771353 0.207885
0.002356 7.671190 1.774758 0.243949
0.002707 7.584783 1.778339 0.280593
0.003064 7.498910 1.782099 0.317828
0.003426 7.413576 1.786045 0.355667
0.003793 7.328783 1.790180 0.394125
0.004166 7.244535 1.794510 0.433214
0.004544 7.160835 1.799041 0.472948
0.004928 7.077686 1.803780 0.513342
0.005317 6.995094 1.808731 0.554410
0.005713 6.913060 1.813902 0.596169
0.006114 6.831589 1.819299 0.638633
0.006521 6.750686 1.824931 0.681818
0.006935 6.670353 1.830803 0.725742
0.007354 6.590596 1.836924 0.770422
0.007781 6.511417 1.843303 0.815874
0.008213 6.432823 1.849948 0.862117
0.008653 6.354816 1.856869 0.909170
0.009099 6.277402 1.864074 0.957052
0.009548 6.201366 1.871496 1.005280
0.009998 6.126679 1.879137 1.053859
0.010452 6.053305 1.887002 1.102797
0.010907 5.981208 1.895094 1.152105
0.011366 5.910358 1.903418 1.201790
0.011826 5.840722 1.911977 1.251863
0.012290 5.772271 1.920778 1.302331
0.012756 5.704977 1.929823 1.353204
0.013225 5.638812 1.939119 1.404490
0.013696 5.573752 1.948671 1.456198
0.014171 5.509771 1.958484 1.508336
0.014648 5.446845 1.968564 1.560914
0.015129 5.384952 1.978916 1.613940
0.015612 5.324070 1.989548 1.667424
0.016099 5.264179 2.000465 1.721373
0.016589 5.205257 2.011674 1.775796
0.017082 5.147285 2.023182 1.830703
0.017578 5.090244 2.034996 1.886103
0.018077 5.034117 2.047124 1.942004
0.018580 4.978885 2.059573 1.998415
0.019086 4.924533 2.072352 2.055346
0.019596 4.871042 2.085468 2.112807
0.020109 4.818398 2.098931 2.170805
0.020626 4.766585 2.112750 2.229351
0.021147 4.715589 2.126933 2.288454
0.021671 4.665394 2.141490 2.348123
0.022199 4.615986 2.156431 2.408369
