0.000000 8.299104 1.754145 0.000000
0.000369 8.210257 1.754653 0.038002
0.000716 8.128104 1.755251 0.073873
0.001068 8.046296 1.755971 0.110315
0.001426 7.964904 1.756816 0.147308
0.001787 7.883929 1.757788 0.184861
0.002154 7.803371 1.758887 0.222987
0.002526 7.723231 1.760117 0.261696
0.002903 7.643510 1.761480 0.300999
0.003285 7.564210 1.762977 0.340910
0.003672 7.485330 1.764612 0.381440
0.004065 7.406873 1.766387 0.422602
0.004463 7.328840 1.768305 0.464408
0.004866 7.251232 1.770368 0.506872
0.005276 7.174052 1.772580 0.550008
0.005691 7.097301 1.774944 0.593829
0.006111 7.020980 1.777463 0.638350
0.006538 6.945093 1.780141 0.683586
0.006970 6.869640 1.782982 0.729553
0.007409 6.794625 1.785989 0.776265
0.007854 6.720049 1.789166 0.823739
0.008306 6.645915 1.792518 0.871992
0.008763 6.572226 1.796049 0.921040
0.009228 6.498984 1.799764 0.970902
0.009699 6.426191 1.803668 1.021595
0.010177 6.353852 1.807766 1.073138
0.010662 6.281967 1.812063 1.125550
0.011154 6.210542 1.816566 1.178852
0.011653 6.139578 1.821280 1.233062
0.012160 6.069078 1.826211 1.288203
0.012674 5.999047 1.831366 1.344295
0.013196 5.929488 1.836752 1.401362
0.013726 5.860403 1.842376 1.459425
0.014263 5.791797 1.848246 1.518508
0.014809 5.723673 1.854370 1.578636
0.015363 5.656034 1.860756 1.639833
0.015925 5.588886 1.867412 1.702125
0.016496 5.522231 1.874349 1.765538
0.017076 5.456073 1.881575 1.830101
0.017665 5.390418 1.889102 1.895840
0.018262 5.325307 1.896933 1.962744
0.018863 5.261377 1.905000 2.030164
0.019466 5.198591 1.913305 2.098120
0.020073 5.136918 1.921854 2.166624
0.020682 5.076329 1.930652 2.235691
0.021295 5.016797 1.939701 2.305334
0.021912 4.958295 1.949009 2.375567
0.022531 4.900798 1.958580 2.446403
0.023155 4.844282 1.968419 2.517856
0.023782 4.788724 1.978533 2.589939
0.024412 4.734103 1.988927 2.662665
0.025047 4.680397 1.999607 2.736048
0.025685 4.627587 2.010581 2.810102
0.026327 4.575653 2.021854 2.884839
0.026973 4.524577 2.033434 2.960275
0.027623 4.474341 2.045328 3.036422
0.028277 4.424927 2.057543 3.113295
0.028936 4.376320 2.070089 3.190907
0.029599 4.328502 2.082971 3.269272
0.030266 4.281460 2.096201 3.348405
0.030937 4.235178 2.109785 3.428320
0.031613 4.189641 2.123733 3.509032
0.032293 4.144836 2.138055 3.590555
0.032978 4.100750 2.152760 3.672904
0.033668 4.057368 2.167859 3.756094
