0.000000 8.299104 1.754145 0.000000
0.000417 8.219296 1.752614 0.043013
0.000818 8.143901 1.751264 0.084453
0.001225 8.068829 1.750016 0.126511
0.001636 7.994124 1.748869 0.169175
0.002053 7.919783 1.747826 0.212454
0.002475 7.845805 1.746885 0.256361
0.002902 7.772188 1.746049 0.300906
0.003335 7.698931 1.745317 0.346100
0.003773 7.626033 1.744690 0.391956
0.004216 7.553492 1.744169 0.438484
0.004665 7.481308 1.743755 0.485699
0.005120 7.409480 1.743448 0.533612
0.005581 7.338008 1.743251 0.582236
0.006047 7.266890 1.743163 0.631585
0.006520 7.196127 1.743185 0.681673
0.006998 7.125718 1.743320 0.732513
0.007483 7.055663 1.743569 0.784121
0.007974 6.985962 1.743932 0.836510
0.008471 6.916615 1.744411 0.889697
0.008975 6.847622 1.745008 0.943697
0.009485 6.778984 1.745725 0.998526
0.010002 6.710700 1.746563 1.054202
0.010525 6.642772 1.747524 1.110740
0.011055 6.575199 1.748609 1.168159
0.011593 6.507983 1.749822 1.226477
0.012137 6.441125 1.751164 1.285712
0.012689 6.374624 1.752637 1.345884
0.013248 6.308483 1.754245 1.407012
0.013814 6.242702 1.755988 1.469116
0.014388 6.177283 1.757871 1.532217
0.014969 6.112226 1.759896 1.596338
0.015559 6.047534 1.762066 1.661499
0.016156 5.983207 1.764383 1.727723
0.016762 5.919247 1.766852 1.795035
0.017375 5.855656 1.769476 1.863458
0.017997 5.792435 1.772258 1.933016
0.018628 5.729586 1.775202 2.003737
0.019267 5.667111 1.778312 2.075644
0.019915 5.605013 1.781592 2.148767
0.020571 5.543292 1.785047 2.223133
0.021237 5.481951 1.788680 2.298770
0.021913 5.420993 1.792498 2.375709
0.022598 5.360419 1.796505 2.453980
0.023292 5.300233 1.800706 2.533614
0.023996 5.240435 1.805107 2.614644
0.024710 5.181030 1.809714 2.697104
0.025435 5.122019 1.814532 2.781028
0.026169 5.063405 1.819569 2.866452
0.026914 5.005191 1.824830 2.953412
0.027670 4.947379 1.830323 3.041947
0.028437 4.889973 1.836056 3.132095
0.029215 4.832976 1.842035 3.223898
0.030004 4.776389 1.848270 3.317396
0.030805 4.720218 1.854769 3.412633
0.031618 4.664464 1.861540 3.509652
0.032443 4.609131 1.868593 3.608501
0.033279 4.554221 1.875938 3.709226
0.034129 4.499740 1.883585 3.811876
0.034983 4.446154 1.891475 3.915590
0.035842 4.393524 1.899600 4.020228
0.036704 4.341826 1.907964 4.125814
0.037571 4.291035 1.916573 4.232373
0.038442 4.241129 1.925430 4.339927
0.039318 4.192084 1.934540 4.448501
0.040198 4.143882 1.943910 4.558118
0.041082 4.096502 1.953544 4.668802
0.041972 4.049924 1.963448 4.780576
0.042866 4.004132 1.973627 4.893466
0.043765 3.959107 1.984089 5.007495
0.044670 3.914834 1.994840 5.122687
0.045579 3.871295 2.005886 5.239068
0.046493 3.828476 2.017234 5.356662
0.047413 3.786362 2.028891 5.475495
0.048339 3.744939 2.040866 5.595591
0.049270 3.704193 2.053165 5.716977
0.050206 3.664110 2.065798 5.839679
0.051148 3.624679 2.078772 5.963724
0.052096 3.585886 2.092096 6.089137
0.053050 3.547721 2.105779 6.215948
0.054009 3.510170 2.119831 6.344183
0.054975 3.473224 2.134261 6.473870
0.055947 3.436871 2.149080 6.605039
0.056925 3.401101 2.164298 6.737718
