0.000000 8.299104 1.754145 0.000000
0.000469 8.223546 1.751641 0.048374
0.000926 8.151267 1.749331 0.095548
0.001388 8.079321 1.747115 0.143400
0.001855 8.007736 1.744994 0.191921
0.002329 7.936508 1.742968 0.241123
0.002807 7.865636 1.741038 0.291015
0.003292 7.795115 1.739203 0.341611
0.003782 7.724945 1.737463 0.392921
0.004278 7.655122 1.735818 0.444958
0.004780 7.585645 1.734269 0.497734
0.005288 7.516512 1.732815 0.551261
0.005801 7.447721 1.731458 0.605553
0.006321 7.379270 1.730196 0.660624
0.006848 7.311157 1.729031 0.716486
0.007380 7.243382 1.727963 0.773154
0.007919 7.175942 1.726993 0.830642
0.008464 7.108837 1.726120 0.888966
0.009016 7.042066 1.725346 0.948140
0.009574 6.975627 1.724670 1.008180
0.010140 6.909520 1.724095 1.069102
0.010712 6.843743 1.723620 1.130923
0.011291 6.778297 1.723246 1.193659
0.011877 6.713180 1.722974 1.257329
0.012470 6.648393 1.722805 1.321949
0.013070 6.583934 1.722740 1.387539
0.013677 6.519803 1.722781 1.454117
0.014292 6.456002 1.722927 1.521704
0.014915 6.392528 1.723181 1.590317
0.015545 6.329382 1.723543 1.659980
0.016183 6.266565 1.724016 1.730712
0.016829 6.204077 1.724600 1.802535
0.017483 6.141918 1.725297 1.875472
0.018145 6.080087 1.726109 1.949546
0.018815 6.018587 1.727037 2.024781
0.019493 5.957416 1.728084 2.101200
0.020180 5.896577 1.729251 2.178830
0.020876 5.836069 1.730540 2.257696
0.021581 5.775894 1.731954 2.337825
0.022294 5.716052 1.733494 2.419244
0.023016 5.656543 1.735163 2.501981
0.023748 5.597371 1.736964 2.586066
0.024489 5.538534 1.738899 2.671529
0.025239 5.480034 1.740971 2.758400
0.026000 5.421874 1.743183 2.846712
0.026770 5.364053 1.745538 2.936497
0.027550 5.306573 1.748039 3.027789
0.028340 5.249436 1.750690 3.120623
0.029140 5.192643 1.753494 3.215036
0.029951 5.136196 1.756455 3.311064
0.030773 5.080096 1.759576 3.408745
0.031605 5.024345 1.762863 3.508120
0.032449 4.968945 1.766318 3.609229
0.033303 4.913898 1.769947 3.712113
0.034170 4.859205 1.773755 3.816817
0.035047 4.804868 1.777746 3.923386
0.035937 4.750890 1.781925 4.031865
0.036839 4.697272 1.786298 4.142303
0.037753 4.644017 1.790871 4.254748
0.038679 4.591126 1.795650 4.369252
0.039618 4.538603 1.800641 4.485868
0.040570 4.486449 1.805850 4.604650
0.041535 4.434667 1.811285 4.725654
0.042514 4.383259 1.816952 4.848938
0.043506 4.332228 1.822859 4.974563
0.044512 4.281575 1.829015 5.102590
0.045532 4.231305 1.835428 5.233084
0.046567 4.181419 1.842105 5.366111
0.047616 4.131920 1.849058 5.501740
0.048680 4.082811 1.856294 5.640041
0.049750 4.034504 1.863760 5.779890
0.050825 3.987051 1.871449 5.921108
0.051904 3.940429 1.879365 6.063735
0.052988 3.894618 1.887511 6.207803
0.054078 3.849598 1.895893 6.353350
0.055172 3.805349 1.904516 6.500411
0.056271 3.761853 1.913384 6.649021
0.057376 3.719093 1.922502 6.799218
0.058487 3.677053 1.931876 6.951037
0.059602 3.635716 1.941512 7.104515
0.060724 3.595068 1.951415 7.259690
0.061851 3.555093 1.961591 7.416600
0.062985 3.515778 1.972047 7.575283
0.064124 3.477108 1.982790 7.735778
0.065270 3.439072 1.993826 7.898124
0.066421 3.401657 2.005163 8.062362
0.067579 3.364849 2.016807 8.228532
0.068744 3.328639 2.028767 8.396677
0.069915 3.293014 2.041050 8.566838
0.071093 3.257964 2.053665 8.739057
0.072277 3.223479 2.066621 8.913380
0.073468 3.189547 2.079926 9.089850
0.074666 3.156160 2.093589 9.268513
0.075872 3.123307 2.107620 9.449416
0.077084 3.090980 2.122030 9.632605
0.078304 3.059169 2.136828 9.818129
0.079531 3.027865 2.152025 10.006037
0.080765 2.997061 2.167632 10.196380
