0.000000 8.299104 1.754145 0.000000
0.000577 8.227469 1.750714 0.059489
0.001145 8.158011 1.747462 0.118279
0.001720 8.088906 1.744300 0.177879
0.002301 8.020168 1.741228 0.238287
0.002889 7.951794 1.738247 0.299514
0.003483 7.883779 1.735356 0.361572
0.004083 7.816120 1.732553 0.424476
0.004689 7.748815 1.729839 0.488236
0.005303 7.681859 1.727214 0.552868
0.005923 7.615250 1.724677 0.618383
0.006549 7.548986 1.722227 0.684797
0.007183 7.483062 1.719865 0.752124
0.007823 7.417478 1.717590 0.820378
0.008470 7.352229 1.715402 0.889574
0.009124 7.287314 1.713300 0.959728
0.009785 7.222731 1.711286 1.030855
0.010453 7.158477 1.709357 1.102972
0.011129 7.094550 1.707516 1.176096
0.011811 7.030949 1.705760 1.250243
0.012501 6.967671 1.704091 1.325431
0.013199 6.904716 1.702508 1.401679
0.013904 6.842081 1.701011 1.479004
0.014617 6.779764 1.699602 1.557426
0.015337 6.717766 1.698278 1.636964
0.016065 6.656083 1.697042 1.717639
0.016801 6.594716 1.695893 1.799470
0.017545 6.533662 1.694831 1.882480
0.018297 6.472922 1.693857 1.966689
0.019058 6.412493 1.692971 2.052121
0.019826 6.352376 1.692173 2.138798
0.020603 6.292569 1.691464 2.226745
0.021389 6.233072 1.690845 2.315984
0.022183 6.173885 1.690316 2.406542
0.022986 6.115006 1.689877 2.498444
0.023797 6.056436 1.689530 2.591717
0.024618 5.998174 1.689275 2.686388
0.025447 5.940220 1.689113 2.782484
0.026286 5.882573 1.689044 2.880036
0.027134 5.825234 1.689070 2.979072
0.027991 5.768202 1.689192 3.079623
0.028858 5.711478 1.689411 3.181721
0.029735 5.655062 1.689727 3.285398
0.030621 5.598953 1.690142 3.390688
0.031517 5.543152 1.690658 3.497625
0.032424 5.487660 1.691275 3.606245
0.033340 5.432475 1.691996 3.716584
0.034267 5.377600 1.692820 3.828680
0.035205 5.323035 1.693752 3.942571
0.036153 5.268779 1.694790 4.058299
0.037112 5.214833 1.695939 4.175904
0.038082 5.161199 1.697199 4.295429
0.039063 5.107876 1.698572 4.416917
0.040056 5.054866 1.700061 4.540416
0.041060 5.002168 1.701668 4.665970
0.042075 4.949785 1.703395 4.793629
0.043103 4.897716 1.705244 4.923443
0.044142 4.845963 1.707218 5.055462
0.045194 4.794526 1.709320 5.189741
0.046258 4.743407 1.711553 5.326335
0.047335 4.692607 1.713918 5.465299
0.048424 4.642126 1.716421 5.606694
0.049526 4.591965 1.719062 5.750579
0.050642 4.542127 1.721847 5.897017
0.051771 4.492611 1.724779 6.046073
0.052914 4.443420 1.727861 6.197815
0.054070 4.394554 1.731098 6.352312
0.055240 4.346016 1.734493 6.509634
0.056425 4.297805 1.738050 6.669858
0.057624 4.249924 1.741775 6.833059
0.058838 4.202374 1.745671 6.999317
0.060067 4.155157 1.749745 7.168714
0.061312 4.108273 1.754000 7.341336
0.062571 4.061725 1.758443 7.517272
0.063847 4.015515 1.763079 7.696611
0.065138 3.969643 1.767914 7.879451
0.066446 3.924112 1.772955 8.065888
0.067770 3.878923 1.778207 8.256024
0.069111 3.834078 1.783678 8.449966
0.070470 3.789580 1.789375 8.647823
0.071845 3.745429 1.795306 8.849708
0.073239 3.701628 1.801478 9.055739
0.074650 3.658178 1.807899 9.266039
0.076075 3.615216 1.814558 9.480057
0.077505 3.573004 1.821417 9.696513
0.078940 3.531522 1.828480 9.915480
0.080381 3.490750 1.835750 10.137022
0.081827 3.450673 1.843232 10.361206
0.083278 3.411274 1.850931 10.588100
0.084736 3.372537 1.858849 10.817771
0.086199 3.334448 1.866993 11.050288
0.087669 3.296992 1.875366 11.285723
0.089144 3.260156 1.883975 11.524146
0.090626 3.223926 1.892824 11.765631
0.092115 3.188291 1.901918 12.010251
0.093610 3.153237 1.911263 12.258083
0.095112 3.118754 1.920866 12.509203
0.096621 3.084831 1.930732 12.763692
0.098136 3.051455 1.940868 13.021629
0.099659 3.018618 1.951280 13.283096
0.101189 2.986309 1.961975 13.548180
0.102726 2.954518 1.972960 13.816965
0.104271 2.923236 1.984243 14.089541
0.105823 2.892454 1.995831 14.365997
0.107383 2.862163 2.007732 14.646428
0.108951 2.832355 2.019955 14.930929
0.110527 2.803021 2.032507 15.219596
0.112110 2.774154 2.045399 15.512530
0.113702 2.745746 2.058638 15.809835
0.115302 2.717788 2.072235 16.111616
0.116910 2.690275 2.086199 16.417982
0.118526 2.663199 2.100541 16.729044
0.120151 2.636552 2.115271 17.044916
0.121784 2.610329 2.130401 17.365717
0.123427 2.584522 2.145941 17.691568
0.125077 2.559125 2.161903 18.022593
