0.000000 8.299104 1.754145 0.000000
0.000747 8.229759 1.750142 0.077075
0.001490 8.161893 1.746293 0.153955
0.002240 8.094400 1.742533 0.231869
0.002997 8.027283 1.738860 0.310822
0.003762 7.960540 1.735275 0.390827
0.004534 7.894166 1.731776 0.471900
0.005314 7.828158 1.728364 0.554055
0.006101 7.762511 1.725036 0.637308
0.006896 7.697222 1.721794 0.721675
0.007699 7.632288 1.718635 0.807173
0.008509 7.567706 1.715560 0.893818
0.009328 7.503472 1.712568 0.981628
0.010154 7.439582 1.709658 1.070620
0.010988 7.376035 1.706830 1.160811
0.011830 7.312827 1.704084 1.252222
0.012680 7.249956 1.701418 1.344869
0.013538 7.187419 1.698833 1.438774
0.014404 7.125214 1.696328 1.533956
0.015278 7.063337 1.693902 1.630435
0.016161 7.001788 1.691556 1.728232
0.017052 6.940563 1.689288 1.827369
0.017951 6.879661 1.687100 1.927869
0.018859 6.819080 1.684989 2.029753
0.019775 6.758818 1.682957 2.133045
0.020701 6.698873 1.681003 2.237768
0.021634 6.639244 1.679126 2.343949
0.022577 6.579929 1.677327 2.451611
0.023528 6.520926 1.675606 2.560781
0.024489 6.462235 1.673961 2.671485
0.025458 6.403853 1.672394 2.783752
0.026436 6.345781 1.670905 2.897608
0.027424 6.288016 1.669492 3.013083
0.028421 6.230558 1.668157 3.130207
0.029427 6.173405 1.666899 3.249010
0.030443 6.116558 1.665719 3.369525
0.031468 6.060014 1.664616 3.491782
0.032503 6.003774 1.663591 3.615816
0.033548 5.947836 1.662644 3.741662
0.034603 5.892200 1.661776 3.869354
0.035667 5.836866 1.660986 3.998928
0.036742 5.781833 1.660275 4.130423
0.037827 5.727101 1.659644 4.263877
0.038922 5.672668 1.659092 4.399329
0.040027 5.618536 1.658620 4.536821
0.041143 5.564704 1.658230 4.676394
0.042269 5.511172 1.657921 4.818093
0.043407 5.457938 1.657694 4.961962
0.044555 5.405005 1.657550 5.108047
0.045714 5.352370 1.657489 5.256396
0.046884 5.300035 1.657513 5.407058
0.048066 5.247999 1.657621 5.560084
0.049258 5.196263 1.657816 5.715526
0.050463 5.144827 1.658098 5.873437
0.051679 5.093690 1.658468 6.033875
0.052907 5.042853 1.658927 6.196896
0.054146 4.992317 1.659476 6.362559
0.055398 4.942081 1.660117 6.530926
0.056662 4.892146 1.660850 6.702060
0.057939 4.842511 1.661678 6.876027
0.059228 4.793179 1.662602 7.052893
0.060530 4.744148 1.663623 7.232730
0.061844 4.695420 1.664743 7.415609
0.063172 4.646994 1.665963 7.601605
0.064513 4.598872 1.667285 7.790796
0.065867 4.551053 1.668712 7.983260
0.067235 4.503538 1.670245 8.179081
0.068617 4.456329 1.671886 8.378345
0.070013 4.409424 1.673638 8.581139
0.071423 4.362826 1.675503 8.787556
0.072847 4.316534 1.677482 8.997691
0.074286 4.270549 1.679580 9.211641
0.075739 4.224872 1.681798 9.429510
0.077208 4.179503 1.684138 9.651402
0.078692 4.134443 1.686605 9.877427
0.080191 4.089694 1.689201 10.107699
0.081706 4.045255 1.691929 10.342336
0.083236 4.001127 1.694793 10.581459
0.084783 3.957311 1.697796 10.825196
0.086346 3.913808 1.700942 11.073679
0.087925 3.870619 1.704234 11.327043
0.089522 3.827745 1.707677 11.585432
0.091135 3.785186 1.711275 11.848992
0.092766 3.742943 1.715033 12.117878
0.094414 3.701018 1.718954 12.392247
0.096080 3.659411 1.723044 12.672267
0.097764 3.618123 1.727307 12.958108
0.099467 3.577155 1.731750 13.249952
0.101188 3.536508 1.736378 13.547984
0.102928 3.496183 1.741196 13.852398
0.104687 3.456182 1.746211 14.163397
0.106466 3.416505 1.751429 14.481192
0.108264 3.377154 1.756857 14.806002
0.110083 3.338129 1.762501 15.138056
0.111922 3.299433 1.768370 15.477593
0.113774 3.261219 1.774445 15.823443
0.115631 3.223658 1.780704 16.174148
0.117493 3.186731 1.787148 16.529855
0.119360 3.150425 1.793783 16.890703
0.121232 3.114725 1.800611 17.256838
0.123110 3.079618 1.807638 17.628406
0.124993 3.045090 1.814866 18.005557
0.126882 3.011131 1.822302 18.388448
0.128777 2.977726 1.829948 18.777235
0.130678 2.944867 1.837809 19.172083
0.132585 2.912540 1.845892 19.573159
0.134499 2.880736 1.854200 19.980635
0.136419 2.849445 1.862739 20.394687
0.138346 2.818656 1.871515 20.815499
0.140280 2.788362 1.880533 21.243258
0.142221 2.758551 1.889799 21.678158
0.144168 2.729216 1.899319 22.120397
0.146123 2.700349 1.909101 22.570183
0.148085 2.671940 1.919149 23.027727
0.150055 2.643982 1.929472 23.493248
0.152032 2.616468 1.940077 23.966974
0.154016 2.589389 1.950970 24.449138
0.156008 2.562740 1.962160 24.939982
0.158008 2.536512 1.973654 25.439757
0.160016 2.510699 1.985461 25.948722
0.162032 2.485295 1.997590 26.467144
0.164056 2.460292 2.010048 26.995301
0.166088 2.435686 2.022846 27.533482
0.168128 2.411469 2.035993 28.081983
0.170177 2.387636 2.049498 28.641115
0.172234 2.364181 2.063373 29.211197
0.174300 2.341098 2.077627 29.792561
0.176374 2.318383 2.092272 30.385554
0.178457 2.296030 2.107318 30.990532
0.180548 2.274033 2.122779 31.607869
0.182649 2.252388 2.138666 32.237951
0.184758 2.231090 2.154991 32.881180
