7090 1.903
7113 1.904
7076 1.914
7107 1.902
7055 1.919
7083 1.908
7030 1.914
7039 1.923
7077 1.902
7013 1.924
7023 1.926
7059 1.901
6993 1.924
6998 1.933
7025 1.914
6959 1.917
6977 1.939
6992 1.93
6881 1.902
6958 1.933
6962 1.943
6975 1.925
6882 1.915
6943 1.943
6948 1.947
6952 1.925
6840 1.911
6926 1.942
6928 1.936
6950 1.904
6892 1.935
6900 1.937
6928 1.902
6875 1.939
6875 1.931
6729 1.903
6857 1.944
6846 1.931
6730 1.919
6822 1.949
6827 1.916
6737 1.935
6781 1.937
6749 1.949
6754 1.912
6849 1.906
6703 1.936
6714 1.907
6871 1.914
6912 1.9
6912 1.905
6782 1.904
6660 1.934
6703 1.917
6855 1.924
6969 1.906
6875 1.904
6855 1.911
6768 1.903
6772 1.909
6633 1.923
6690 1.926
6832 1.933
6915 1.913
6871 1.904
6804 1.913
6823 1.916
6760 1.901
6752 1.915
7092 1.908
6651 1.924
6777 1.943
6853 1.924
6806 1.909
6747 1.916
6763 1.922
6847 1.906
6735 1.92
6744 1.907
7072 1.916
6768 1.948
6790 1.925
6705 1.914
6680 1.924
6723 1.926
6819 1.901
6719 1.926
6722 1.913
7047 1.923
6885 1.901
6622 1.942
6691 1.926
6622 1.93
6695 1.927
6721 1.9
6700 1.931
6700 1.92
7105 1.925
6934 1.919
6638 1.936
6618 1.934
6735 1.904
6690 1.933
6671 1.931
7122 1.923
6971 1.932
6580 1.946
6671 1.914
6683 1.931
6645 1.941
6669 1.912
7127 1.9
7052 1.932
6928 1.932
6646 1.905
6649 1.941
6630 1.943
6656 1.91
7071 1.913
6980 1.939
6889 1.929
6652 1.928
6610 1.945
6647 1.905
7007 1.918
6930 1.942
6872 1.93
6626 1.94
6607 1.925
6845 1.906
6922 1.935
6876 1.944
6813 1.912
6579 1.948
6830 1.916
6853 1.942
6841 1.941
6631 1.916
6799 1.936
6772 1.947
6783 1.919
6721 1.945
6755 1.944
6750 1.907
6639 1.942
6748 1.932
6628 1.949
6699 1.915
6659 1.939
6642 1.916
6929 1.953
6916 1.957
6912 1.95
6905 1.962
6889 1.951
6895 1.967
6869 1.956
6879 1.969
6869 1.968
6822 1.953
6875 1.975
6842 1.969
6775 1.954
6861 1.977
6839 1.976
6769 1.96
6809 1.967
6858 1.984
6791 1.975
6718 1.955
6770 1.967
6853 1.988
6789 1.981
6699 1.965
6721 1.97
6842 1.99
6793 1.987
6690 1.974
6588 1.953
6767 1.982
6836 1.996
6732 1.986
6620 1.97
6613 1.97
6788 1.993
6735 1.992
6611 1.979
6714 1.989
6692 1.993
6554 1.978
6636 1.953
6726 1.955
6621 1.992
6673 1.995
6521 1.981
6656 1.967
6621 1.995
6602 1.975
6615 1.957
6635 1.999
6562 1.967
6575 1.975
6496 1.992
6538 1.975
6526 1.98
6512 1.982
6590 1.955
6531 1.997
6484 1.989
6582 1.956
6576 1.957
6462 1.992
6462 1.991
6565 1.958
6564 1.963
6545 1.999
6553 1.968
6549 1.954
6534 1.965
6541 1.969
6666 1.951
6535 1.973
6607 1.953
6838 2.001
6823 2.004
6834 2.01
6731 2
6777 2.011
6785 2.01
6594 2.008
6809 2.02
6740 2.008
6636 2.019
6830 2.027
6691 2.007
6578 2.024
6811 2.033
6722 2.013
6508 2.024
6787 2.039
6760 2.023
6696 2.043
6826 2.041
6612 2.005
6436 2.025
6706 2.02
6755 2.033
6415 2.036
6771 2.043
6407 2.018
6783 2.049
6417 2.024
6409 2.032
6768 2.046
6394 2.023
6413 2.039
6809 2.049
6453 2.045
6479 2.047
6777 2.017
6346 2.045
6378 2.032
6338 2.049
6408 2.043
6727 2.029
6681 2.031
6463 2.016
6709 2.053
6615 2.06
6841 2.065
6713 2.076
6854 2.07
6748 2.086
6867 2.08
6784 2.098
6798 2.107
6652 2.094
6420 2.064
6860 2.071
6371 2.053
6412 2.053
6477 2.06
6736 2.141
6556 2.063
6685 2.115
6533 2.063
6371 2.05
6815 2.065
6492 2.065
6796 2.087
6490 2.068
6669 2.136
6792 2.109
6421 2.063
6707 2.159
6407 2.053
6572 2.108
6729 2.091
6722 2.104
6660 2.083
6553 2.07
