6617 1.905
6586 1.91
6555 1.916
6568 1.935
6499 1.901
6553 1.905
6443 1.913
6589 1.929
6482 1.905
6523 1.912
6511 1.948
6640 1.902
6457 1.9
6479 1.919
6552 1.923
6494 1.948
6453 1.921
6496 1.928
6597 1.919
6391 1.947
6595 1.902
6403 1.914
6454 1.935
6529 1.94
6520 1.922
6533 1.932
6192 1.904
6508 1.921
6305 1.903
6414 1.93
6460 1.943
6444 1.926
6427 1.934
6548 1.939
6405 1.948
6224 1.902
6376 1.932
6470 1.943
6323 1.929
6368 1.939
6513 1.94
6425 1.933
6170 1.907
6356 1.939
6280 1.934
6222 1.936
6397 1.946
6553 1.924
6408 1.927
6508 1.901
6121 1.911
6339 1.946
6155 1.934
6159 1.942
6371 1.947
6525 1.916
6347 1.945
6420 1.91
6167 1.931
6092 1.937
6036 1.94
6348 1.946
6496 1.905
5682 1.917
6347 1.92
6523 1.907
5941 1.901
6202 1.945
5935 1.935
6036 1.947
6400 1.924
6579 1.93
6599 1.916
6290 1.937
6302 1.925
6062 1.932
5875 1.936
5903 1.944
6306 1.932
6544 1.915
6577 1.923
6234 1.94
6272 1.93
6594 1.927
6105 1.946
5659 1.932
5888 1.947
6298 1.921
6528 1.939
5401 1.913
6133 1.946
6407 1.93
5898 1.918
5735 1.938
5513 1.932
6082 1.949
6273 1.909
6515 1.949
5316 1.909
6364 1.941
6017 1.944
5421 1.927
5501 1.935
6033 1.947
6224 1.906
6441 1.942
5202 1.922
5617 1.904
5652 1.942
5235 1.922
5471 1.934
6041 1.94
6300 1.91
6339 1.935
6524 1.949
5881 1.945
5243 1.921
5152 1.921
5789 1.94
6100 1.911
6218 1.945
6294 1.9
6564 1.936
5553 1.914
5388 1.93
5207 1.921
5927 1.932
6092 1.914
6119 1.938
6408 1.948
6587 1.912
5584 1.948
5098 1.912
5399 1.922
6003 1.912
6009 1.933
6005 1.914
6079 1.944
6504 1.927
5516 1.921
5165 1.915
5113 1.909
5837 1.911
5923 1.933
5882 1.923
6092 1.936
6284 1.947
6537 1.911
5354 1.934
5367 1.908
5813 1.92
5819 1.946
5765 1.92
6147 1.935
5640 1.94
6399 1.925
5528 1.927
5695 1.936
5685 1.926
6075 1.929
5518 1.932
6344 1.925
5313 1.902
5168 1.92
5586 1.926
5573 1.92
6002 1.921
5394 1.924
6289 1.927
5391 1.913
5531 1.92
5756 1.945
5470 1.901
5260 1.948
6361 1.916
5474 1.924
5396 1.908
5159 1.901
6061 1.936
6356 1.907
5165 1.923
5033 1.925
6022 1.921
5453 1.9
5125 1.915
5902 1.93
6138 1.902
5582 1.927
6191 1.937
5821 1.931
6016 1.902
5675 1.932
5974 1.906
5712 1.923
5245 1.901
5205 1.905
5005 1.948
5666 1.911
5318 1.913
5553 1.909
5347 1.919
5565 1.9
5438 1.919
5899 1.949
5337 1.907
5289 1.919
5448 1.93
5634 1.933
5835 1.921
5417 1.937
5447 1.935
5240 1.918
5243 1.947
6530 1.951
6483 1.955
6456 1.953
6358 1.954
6463 1.979
6429 1.95
6457 1.985
6386 1.961
6457 1.953
6296 1.966
6360 1.974
6404 1.951
6452 1.961
6423 1.952
6274 1.972
6429 1.989
6324 1.972
6396 1.958
6445 1.969
6469 1.983
6341 1.954
6342 1.983
6298 1.967
6390 1.966
6438 1.977
6409 1.985
6257 1.955
6290 1.98
6270 1.967
6359 1.968
6417 1.984
6316 1.981
6127 1.951
6315 1.982
6244 1.977
6185 1.951
6395 1.987
6433 1.995
6306 1.994
6135 1.962
6191 1.95
6419 1.986
6238 1.977
6214 1.978
6242 1.965
6401 1.998
6135 1.974
6022 1.951
5907 1.983
6300 1.975
6199 1.98
6194 1.972
6296 1.98
6097 1.98
5964 1.95
6509 1.965
6449 1.985
6201 1.971
6171 1.989
6146 1.963
6058 1.956
6295 1.987
5989 1.972
6425 1.96
6444 1.974
5714 1.976
6260 1.969
6143 1.985
6121 1.983
5983 1.969
6329 1.952
6506 1.958
6096 1.96
6000 1.986
6321 1.954
6341 1.973
5623 1.97
6243 1.966
6109 1.988
5982 1.983
5997 1.963
6323 1.958
6448 1.957
6246 1.987
5847 1.967
6247 1.967
6228 1.964
6450 1.98
6112 1.966
6018 1.997
5827 1.981
6095 1.962
6342 1.959
5950 1.959
5821 1.973
6152 1.964
6122 1.957
6367 1.962
6012 1.968
5823 1.993
5899 1.97
6195 1.961
6363 1.958
5942 1.999
6046 1.953
6033 1.96
6291 1.953
5908 1.987
5706 1.988
5981 1.972
6209 1.968
5977 1.972
5657 1.963
5936 1.954
6361 1.953
5640 1.996
5902 1.98
6141 1.972
5919 1.968
5541 1.956
5640 1.972
5719 1.989
6015 1.98
6210 1.954
5562 1.964
5471 1.952
5699 1.997
5997 1.98
5812 1.959
5479 1.958
5438 1.973
5941 1.986
6114 1.951
5670 1.982
5325 1.963
5933 1.988
5870 1.969
6166 1.988
5360 1.987
5989 1.964
5560 1.971
5198 1.957
5885 1.976
5664 1.982
5256 1.986
5879 1.961
5629 1.976
5087 1.953
5788 1.971
5793 1.994
5089 1.962
5751 1.974
5762 1.988
5061 1.986
5789 1.968
5510 1.952
5048 1.986
5766 1.968
5667 1.971
4987 1.98
5682 1.979
5605 1.961
5934 1.971
5664 1.962
5553 1.975
5556 1.998
5707 1.982
5460 1.986
5424 1.978
5043 1.995
5209 1.954
5067 1.957
6335 2.002
6368 2.003
6421 2.001
6404 2.006
6397 2.002
6415 2.01
6329 2.011
6400 2.01
6289 2.015
6339 2.002
6344 2.02
5898 2
6123 2.002
6383 2.017
6278 2.023
6090 2.012
6248 2.025
6072 2.015
6318 2.007
6320 2.037
6051 2.018
6031 2.015
5831 2
6195 2.029
5922 2.013
5634 2.001
6313 2.044
5855 2.018
5621 2.011
6060 2.019
5678 2.005
5699 2.019
5554 2.006
6290 2.022
5667 2.021
5530 2.025
5590 2.006
5522 2.028
5445 2.021
5738 2.005
6334 2.048
5433 2.004
5414 2.028
5406 2.022
5764 2.009
6148 2.038
5391 2.01
5305 2.029
5384 2.026
5730 2.008
6235 2.046
5295 2.026
5262 2.03
5597 2.018
6178 2.045
5230 2.006
5160 2.026
5321 2.034
5612 2.009
6113 2.045
5098 2.021
5259 2.038
5554 2.013
5928 2.026
5123 2.008
5068 2.033
5409 2.031
6269 2.03
5784 2.004
4957 2.005
5123 2.039
5479 2.019
6101 2.043
6371 2.025
5121 2.039
5543 2.014
5922 2.033
6308 2.011
5026 2.032
5519 2.012
5753 2.017
4912 2.021
5481 2.008
5036 2.013
6228 2.057
6156 2.053
