   410.000     0.000     1.500
   412.000     0.000     1.500
   414.000     0.000     1.500
   416.000     0.000     1.500
   418.000     0.000     1.500
   420.000     0.000     1.500
   422.000     0.000     1.500
   424.000     0.000     1.500
   426.000     0.000     1.500
   428.000     0.000     1.500
   430.000     0.000     1.500
   432.000     0.000     1.500
   434.000     0.000     1.500
   436.000     0.000     1.500
   438.000     0.000     1.500
   440.000     0.000     1.500
   442.000     0.000     1.500
   444.000     0.000     1.500
   446.000     0.000     1.500
   448.000     0.000     1.500
   450.000     0.000     1.500
   452.000     0.000     1.500
   454.000     0.000     1.500
   456.000     0.000     1.500
   458.000     0.000     1.500
   460.000     0.000     1.500
   462.000     0.000     1.500
   464.000     0.000     1.500
   466.000     0.000     1.500
   410.000     0.500     1.500
   412.000     0.500     1.500
   414.000     0.500     1.500
   416.000     0.500     1.500
   418.000     0.500     1.500
   420.000     0.500     1.500
   422.000     0.500     1.500
   424.000     0.500     1.500
   426.000     0.500     1.500
   428.000     0.500     1.500
   430.000     0.500     1.500
   432.000     0.500     1.500
   434.000     0.500     1.500
   436.000     0.500     1.500
   438.000     0.500     1.500
   440.000     0.500     1.500
   442.000     0.500     1.500
   444.000     0.500     1.500
   446.000     0.500     1.500
   448.000     0.500     1.500
   450.000     0.500     1.500
   452.000     0.500     1.500
   454.000     0.500     1.500
   456.000     0.500     1.500
   458.000     0.500     1.500
   460.000     0.500     1.500
   462.000     0.500     1.500
   464.000     0.500     1.500
   466.000     0.500     1.500
   410.000     1.000     1.500
   412.000     1.000     1.500
   414.000     1.000     1.500
   416.000     1.000     1.500
   418.000     1.000     1.500
   420.000     1.000     1.500
   422.000     1.000     1.500
   424.000     1.000     1.500
   426.000     1.000     1.500
   428.000     1.000     1.500
   430.000     1.000     1.500
   432.000     1.000     1.500
   434.000     1.000     1.500
   436.000     1.000     1.500
   438.000     1.000     1.500
   440.000     1.000     1.500
   442.000     1.000     1.500
   444.000     1.000     1.500
   446.000     1.000     1.500
   448.000     1.000     1.500
   450.000     1.000     1.500
   452.000     1.000     1.500
   454.000     1.000     1.500
   456.000     1.000     1.500
   458.000     1.000     1.500
   460.000     1.000     1.500
   462.000     1.000     1.500
   464.000     1.000     1.500
   466.000     1.000     1.500
   410.000     1.500     1.500
   412.000     1.500     1.500
   414.000     1.500     1.500
   416.000     1.500     1.500
   418.000     1.500     1.500
   420.000     1.500     1.500
   422.000     1.500     1.500
   424.000     1.500     1.500
   426.000     1.500     1.500
   428.000     1.500     1.500
   430.000     1.500     1.500
   432.000     1.500     1.500
   434.000     1.500     1.500
   436.000     1.500     1.500
   438.000     1.500     1.500
   440.000     1.500     1.500
   442.000     1.500     1.500
   444.000     1.500     1.500
   446.000     1.500     1.500
   448.000     1.500     1.500
   450.000     1.500     1.500
   452.000     1.500     1.500
   454.000     1.500     1.500
   456.000     1.500     1.500
   458.000     1.500     1.500
   460.000     1.500     1.500
   462.000     1.500     1.500
   464.000     1.500     1.500
   466.000     1.500     1.500
   410.000     2.000     1.500
   412.000     2.000     1.500
   414.000     2.000     1.500
   416.000     2.000     1.500
   418.000     2.000     1.500
   420.000     2.000     1.500
   422.000     2.000     1.500
   424.000     2.000     1.500
   426.000     2.000     1.500
   428.000     2.000     1.500
   430.000     2.000     1.500
   432.000     2.000     1.500
   434.000     2.000     1.500
   436.000     2.000     1.500
   438.000     2.000     1.500
   440.000     2.000     1.500
   442.000     2.000     1.500
   444.000     2.000     1.500
   446.000     2.000     1.500
   448.000     2.000     1.500
   450.000     2.000     1.500
   452.000     2.000     1.500
   454.000     2.000     1.500
   456.000     2.000     1.500
   458.000     2.000     1.500
   460.000     2.000     1.500
   462.000     2.000     1.500
   464.000     2.000     1.500
   466.000     2.000     1.500
   410.000     2.500     1.500
   412.000     2.500     1.500
   414.000     2.500     1.500
   416.000     2.500     1.500
   418.000     2.500     1.500
   420.000     2.500     1.500
   422.000     2.500     1.500
   424.000     2.500     1.500
   426.000     2.500     1.500
   428.000     2.500     1.500
   430.000     2.500     1.500
   432.000     2.500     1.500
   434.000     2.500     1.500
   436.000     2.500     1.500
   438.000     2.500     1.500
   440.000     2.500     1.500
   442.000     2.500     1.500
   444.000     2.500     1.500
   446.000     2.500     1.500
   448.000     2.500     1.500
   450.000     2.500     1.500
   452.000     2.500     1.500
   454.000     2.500     1.500
   456.000     2.500     1.500
   458.000     2.500     1.500
   460.000     2.500     1.500
   462.000     2.500     1.500
   464.000     2.500     1.500
   466.000     2.500     1.500
   410.000     3.000     1.500
   412.000     3.000     1.500
   414.000     3.000     1.500
   416.000     3.000     1.500
   418.000     3.000     1.500
   420.000     3.000     1.500
   422.000     3.000     1.500
   424.000     3.000     1.500
   426.000     3.000     1.500
   428.000     3.000     1.500
   430.000     3.000     1.500
   432.000     3.000     1.500
   434.000     3.000     1.500
   436.000     3.000     1.500
   438.000     3.000     1.500
   440.000     3.000     1.500
   442.000     3.000     1.500
   444.000     3.000     1.500
   446.000     3.000     1.500
   448.000     3.000     1.500
   450.000     3.000     1.500
   452.000     3.000     1.500
   454.000     3.000     1.500
   456.000     3.000     1.500
   458.000     3.000     1.500
   460.000     3.000     1.500
   462.000     3.000     1.500
   464.000     3.000     1.500
   466.000     3.000     1.500
   410.000     3.500     1.500
   412.000     3.500     1.500
   414.000     3.500     1.500
   416.000     3.500     1.500
   418.000     3.500     1.500
   420.000     3.500     1.500
   422.000     3.500     1.500
   424.000     3.500     1.500
   426.000     3.500     1.500
   428.000     3.500     1.500
   430.000     3.500     1.500
   432.000     3.500     1.500
   434.000     3.500     1.500
   436.000     3.500     1.500
   438.000     3.500     1.500
   440.000     3.500     1.500
   442.000     3.500     1.500
   444.000     3.500     1.500
   446.000     3.500     1.500
   448.000     3.500     1.500
   450.000     3.500     1.500
   452.000     3.500     1.500
   454.000     3.500     1.500
   456.000     3.500     1.500
   458.000     3.500     1.500
   460.000     3.500     1.500
   462.000     3.500     1.500
   464.000     3.500     1.500
   466.000     3.500     1.500
   410.000     4.000     2.176
   412.000     4.000     2.232
   414.000     4.000     2.282
   416.000     4.000     2.329
   418.000     4.000     2.353
   420.000     4.000     2.338
   422.000     4.000     2.319
   424.000     4.000     2.296
   426.000     4.000     2.271
   428.000     4.000     1.500
   430.000     4.000     1.500
   432.000     4.000     1.500
   434.000     4.000     1.500
   436.000     4.000     1.500
   438.000     4.000     1.500
   440.000     4.000     1.500
   442.000     4.000     1.500
   444.000     4.000     1.500
   446.000     4.000     1.500
   448.000     4.000     1.500
   450.000     4.000     1.500
   452.000     4.000     1.500
   454.000     4.000     1.500
   456.000     4.000     1.500
   458.000     4.000     1.500
   460.000     4.000     1.500
   462.000     4.000     1.500
   464.000     4.000     1.500
   466.000     4.000     1.500
   410.000     4.500     2.193
   412.000     4.500     2.222
   414.000     4.500     2.248
   416.000     4.500     2.279
   418.000     4.500     2.300
   420.000     4.500     2.301
   422.000     4.500     2.296
   424.000     4.500     2.289
   426.000     4.500     2.283
   428.000     4.500     2.279
   430.000     4.500     2.274
   432.000     4.500     2.270
   434.000     4.500     2.250
   436.000     4.500     2.221
   438.000     4.500     2.169
   440.000     4.500     2.146
   442.000     4.500     2.125
   444.000     4.500     2.118
   446.000     4.500     2.124
   448.000     4.500     2.130
   450.000     4.500     2.135
   452.000     4.500     2.141
   454.000     4.500     2.148
   456.000     4.500     2.157
   458.000     4.500     2.167
   460.000     4.500     2.177
   462.000     4.500     2.188
   464.000     4.500     2.200
   410.000     5.000     3.167
   412.000     5.000     3.150
   414.000     5.000     3.148
   416.000     5.000     3.086
   418.000     5.000     3.012
   420.000     5.000     2.265
   422.000     5.000     2.273
   424.000     5.000     2.282
   426.000     5.000     3.077
   428.000     5.000     3.230
   430.000     5.000     3.337
   432.000     5.000     3.409
   434.000     5.000     3.378
   436.000     5.000     3.299
   438.000     5.000     2.325
   440.000     5.000     2.313
   442.000     5.000     2.312
   444.000     5.000     2.317
   446.000     5.000     2.328
   448.000     5.000     2.338
   450.000     5.000     2.349
   452.000     5.000     2.360
   454.000     5.000     2.376
   456.000     5.000     2.401
   458.000     5.000     2.429
   460.000     5.000     2.459
   462.000     5.000     3.003
   464.000     5.000     3.043
   412.000     5.500     3.581
   414.000     5.500     3.560
   416.000     5.500     3.525
   418.000     5.500     3.471
   420.000     5.500     3.420
   422.000     5.500     3.436
   424.000     5.500     3.492
   426.000     5.500     3.620
   428.000     5.500     3.894
   430.000     5.500     6.012
   432.000     5.500     6.022
   434.000     5.500     6.025
   436.000     5.500     6.019
   438.000     5.500     6.003
   440.000     5.500     3.803
   442.000     5.500     3.630
   444.000     5.500     3.518
   446.000     5.500     3.453
   448.000     5.500     3.428
   450.000     5.500     3.435
   452.000     5.500     3.456
   454.000     5.500     3.488
   456.000     5.500     3.531
   458.000     5.500     3.568
   460.000     5.500     3.585
   462.000     5.500     3.561
   464.000     5.500     3.549
   412.000     6.000     5.824
   414.000     6.000     5.828
   416.000     6.000     3.965
   418.000     6.000     3.929
   420.000     6.000     3.909
   422.000     6.000     3.920
   424.000     6.000     5.967
   426.000     6.000     6.026
   428.000     6.000     6.083
   430.000     6.000     6.108
   432.000     6.000     6.116
   434.000     6.000     6.119
   436.000     6.000     6.114
   438.000     6.000     6.101
   440.000     6.000     6.086
   442.000     6.000     6.067
   444.000     6.000     6.047
   446.000     6.000     6.028
   448.000     6.000     6.017
   450.000     6.000     6.019
   452.000     6.000     6.025
   454.000     6.000     6.031
   456.000     6.000     6.036
   458.000     6.000     6.039
   460.000     6.000     6.037
   462.000     6.000     6.024
   464.000     6.000     6.013
   412.000     6.500     5.966
   414.000     6.500     5.971
   416.000     6.500     5.982
   418.000     6.500     5.992
   420.000     6.500     6.014
   422.000     6.500     6.042
   424.000     6.500     6.087
   426.000     6.500     6.136
   428.000     6.500     6.183
   430.000     6.500     6.203
   432.000     6.500     6.210
   434.000     6.500     6.213
   436.000     6.500     6.210
   438.000     6.500     6.200
   440.000     6.500     6.188
   442.000     6.500     6.174
   444.000     6.500     6.158
   446.000     6.500     6.143
   448.000     6.500     6.134
   450.000     6.500     6.134
   452.000     6.500     6.139
   454.000     6.500     6.143
   456.000     6.500     6.146
   458.000     6.500     6.148
   460.000     6.500     6.146
   462.000     6.500     6.136
   464.000     6.500     6.134
   412.000     7.000     6.109
   414.000     7.000     6.114
   416.000     7.000     6.123
   418.000     7.000     6.133
   420.000     7.000     6.151
   422.000     7.000     6.173
   424.000     7.000     6.208
   426.000     7.000     6.246
   428.000     7.000     6.282
   430.000     7.000     6.298
   432.000     7.000     6.304
   434.000     7.000     6.307
   436.000     7.000     6.306
   438.000     7.000     6.299
   440.000     7.000     6.290
   442.000     7.000     6.280
   444.000     7.000     6.269
   446.000     7.000     6.258
   448.000     7.000     6.250
   450.000     7.000     6.250
   452.000     7.000     6.253
   454.000     7.000     6.255
   456.000     7.000     6.257
   458.000     7.000     6.258
   460.000     7.000     6.256
   462.000     7.000     6.247
   414.000     7.500     6.256
   416.000     7.500     6.265
   418.000     7.500     6.273
   420.000     7.500     6.287
   422.000     7.500     6.303
   424.000     7.500     6.329
   426.000     7.500     6.356
   428.000     7.500     6.382
   430.000     7.500     6.393
   432.000     7.500     6.399
   434.000     7.500     6.401
   436.000     7.500     6.401
   438.000     7.500     6.397
   440.000     7.500     6.393
   442.000     7.500     6.387
   444.000     7.500     6.381
   446.000     7.500     6.373
   448.000     7.500     6.367
   450.000     7.500     6.366
   452.000     7.500     6.366
   454.000     7.500     6.367
   456.000     7.500     6.367
   458.000     7.500     6.367
   460.000     7.500     6.365
   462.000     7.500     6.359
   416.000     8.000     6.406
   418.000     8.000     6.413
   420.000     8.000     6.423
   422.000     8.000     6.433
   424.000     8.000     6.449
   426.000     8.000     6.466
   428.000     8.000     6.481
   430.000     8.000     6.489
   432.000     8.000     6.493
   434.000     8.000     6.495
   436.000     8.000     6.497
   438.000     8.000     6.496
   440.000     8.000     6.495
   442.000     8.000     6.493
   444.000     8.000     6.492
   446.000     8.000     6.488
   448.000     8.000     6.483
   450.000     8.000     6.481
   452.000     8.000     6.480
   454.000     8.000     6.479
   456.000     8.000     6.478
   458.000     8.000     6.476
   460.000     8.000     6.474
   416.000     8.500     6.548
   418.000     8.500     6.553
   420.000     8.500     6.559
   422.000     8.500     6.564
   424.000     8.500     6.570
   426.000     8.500     6.575
   428.000     8.500     6.581
   430.000     8.500     6.584
   432.000     8.500     6.587
   434.000     8.500     6.589
   436.000     8.500     6.592
   438.000     8.500     6.595
   440.000     8.500     6.597
   442.000     8.500     6.600
   444.000     8.500     6.602
   446.000     8.500     6.602
   448.000     8.500     6.600
   450.000     8.500     6.597
   452.000     8.500     6.594
   454.000     8.500     6.591
   456.000     8.500     6.588
   458.000     8.500     6.586
   418.000     9.000     6.644
   420.000     9.000     6.645
   422.000     9.000     6.648
   424.000     9.000     6.651
   426.000     9.000     6.654
   428.000     9.000     6.658
   430.000     9.000     6.662
   432.000     9.000     6.665
   434.000     9.000     6.669
   436.000     9.000     6.673
   438.000     9.000     6.677
   440.000     9.000     6.681
   442.000     9.000     6.686
   444.000     9.000     6.690
   446.000     9.000     6.693
   448.000     9.000     6.694
   450.000     9.000     6.694
   452.000     9.000     6.695
   454.000     9.000     6.696
   456.000     9.000     6.695
