    54.860    -1.000     0.000         0
    14.458     9.461     0.060        14
    14.458     8.549     0.060         5
    14.458    15.769     0.060        24
    14.619     9.441     0.060        14
    14.619     8.528     0.060         5
    14.619    15.735     0.060        24
    14.784     9.407     0.060        14
    14.784     8.495     0.060         5
    14.784    15.679     0.060        24
    14.945     9.383     0.060        14
    14.945     8.470     0.060         5
    14.945    15.638     0.060        24
    15.271     9.340     0.060        14
    15.271     8.427     0.060         5
    15.271    15.566     0.060        24
    15.435     9.339     0.060        14
    15.435     8.426     0.060         5
    15.435    15.565     0.060        24
    15.600     9.261     0.060        14
    15.600     8.348     0.060         5
    15.600    15.435     0.060        24
    15.750     9.236     0.060        14
    15.750     8.324     0.060         5
    15.750    15.394     0.060        24
    15.922     9.211     0.060        14
    15.922     8.298     0.060         5
    15.922    15.351     0.060        24
    16.087     9.185     0.060        14
    16.087     8.273     0.060         5
    16.087    15.309     0.060        24
    16.248     9.175     0.060        14
    16.248     8.262     0.060         5
    16.248    15.291     0.060        24
    16.412     9.152     0.060        14
    16.412     8.239     0.060         5
    16.412    15.253     0.060        24
    16.574     9.141     0.060        14
    16.574     8.228     0.060         5
    16.574    15.235     0.060        24
    16.738     9.124     0.060        14
    16.738     8.211     0.060         5
    16.738    15.206     0.060        24
    16.910     9.092     0.060        14
    16.910     8.179     0.060         5
    16.910    15.153     0.060        24
    17.074     9.032     0.060        14
    17.074     8.119     0.060         5
    17.074    15.053     0.060        24
    17.236     9.019     0.060        14
    17.236     8.106     0.060         5
    17.236    15.032     0.060        24
    17.397     8.998     0.060        14
    17.397     8.085     0.060         5
    17.397    14.996     0.060        24
    17.558     8.975     0.060        14
    17.558     8.063     0.060         5
    17.558    14.959     0.060        24
    17.709     8.959     0.060        14
    17.709     8.046     0.060         5
    17.709    14.932     0.060        24
    17.870     8.945     0.060        14
    17.870     8.033     0.060         5
    17.870    14.909     0.060        24
    18.032     8.884     0.060        14
    18.032     7.971     0.060         5
    18.032    14.806     0.060        24
    18.183     8.890     0.060        14
    18.183     7.977     0.060         5
    18.183    14.816     0.060        24
    18.341     8.871     0.060        14
    18.341     7.958     0.060         5
    18.341    14.785     0.060        24
    18.502     8.850     0.060        14
    18.502     7.937     0.060         5
    18.502    14.750     0.060        24
    18.656     8.832     0.060        14
    18.656     7.919     0.060         5
    18.656    14.720     0.060        24
    18.817     8.768     0.060        14
    18.817     7.855     0.060         5
    18.817    14.613     0.060        24
    18.979     8.756     0.060        14
    18.979     7.844     0.060         5
    18.979    14.594     0.060        24
    19.129     8.738     0.060        14
    19.129     7.826     0.060         5
    19.129    14.564     0.060        24
    19.291     8.709     0.060        14
    19.291     7.796     0.060         5
    19.291    14.515     0.060        24
    19.441     8.683     0.060        14
    19.441     7.770     0.060         5
    19.441    14.471     0.060        24
    19.603     8.650     0.060        14
    19.603     7.737     0.060         5
    19.603    14.417     0.060        24
    19.753     8.633     0.060        14
    19.753     7.721     0.060         5
    19.753    14.389     0.060        24
    19.915     8.611     0.060        14
    19.915     7.698     0.060         5
    19.915    14.352     0.060        24
    20.065     8.575     0.060        14
    20.065     7.662     0.060         5
    20.065    14.291     0.060        24
    20.216     8.540     0.060        14
    20.216     7.627     0.060         5
    20.216    14.233     0.060        24
    20.377     8.521     0.060        14
    20.377     7.608     0.060         5
    20.377    14.201     0.060        24
    20.531     8.497     0.060        14
    20.531     7.584     0.060         5
    20.531    14.162     0.060        24
    20.692     8.478     0.060        14
    20.692     7.565     0.060         5
    20.692    14.130     0.060        24
    20.843     8.462     0.060        14
    20.843     7.549     0.060         5
    20.843    14.103     0.060        24
    21.008     8.438     0.060        14
    21.008     7.525     0.060         5
    21.008    14.063     0.060        24
    21.158     8.427     0.060        14
    21.158     7.514     0.060         5
    21.158    14.045     0.060        24
    21.320     8.363     0.060        14
    21.320     7.450     0.060         5
    21.320    13.938     0.060        24
    21.473     8.342     0.060        14
    21.473     7.429     0.060         5
    21.473    13.903     0.060        24
    21.635     8.328     0.060        14
    21.635     7.415     0.060         5
    21.635    13.880     0.060        24
    21.785     8.310     0.060        14
    21.785     7.397     0.060         5
    21.785    13.850     0.060        24
    21.947     8.284     0.060        14
    21.947     7.371     0.060         5
    21.947    13.806     0.060        24
    22.100     8.218     0.060        14
    22.100     7.305     0.060         5
    22.100    13.696     0.060        24
    22.251     8.202     0.060        14
    22.251     7.289     0.060         5
    22.251    13.670     0.060        24
    22.402     8.186     0.060        14
    22.402     7.274     0.060         5
    22.402    13.644     0.060        24
    22.566     8.165     0.060        14
    22.566     7.252     0.060         5
    22.566    13.608     0.060        24
    22.717     8.152     0.060        14
    22.717     7.239     0.060         5
    22.717    13.586     0.060        24
    22.878     8.132     0.060        14
    22.878     7.220     0.060         5
    22.878    13.554     0.060        24
    23.032     8.101     0.060        14
    23.032     7.188     0.060         5
    23.032    13.502     0.060        24
    23.193     8.075     0.060        14
    23.193     7.162     0.060         5
    23.193    13.458     0.060        24
    23.344     8.015     0.060        14
    23.344     7.103     0.060         5
    23.344    13.359     0.060        24
    23.505     7.994     0.060        14
    23.505     7.081     0.060         5
    23.505    13.323     0.060        24
    23.656     7.978     0.060        14
    23.656     7.065     0.060         5
    23.656    13.296     0.060        24
    23.820     7.958     0.060        14
    23.820     7.046     0.060         5
    23.820    13.264     0.060        24
    23.981     7.939     0.060        14
    23.981     7.026     0.060         5
    23.981    13.232     0.060        24
    24.129     7.921     0.060        14
    24.129     7.008     0.060         5
    24.129    13.202     0.060        24
    24.291     7.888     0.060        14
    24.291     6.975     0.060         5
    24.291    13.146     0.060        24
    24.441     7.865     0.060        14
    24.441     6.953     0.060         5
    24.441    13.109     0.060        24
    24.600     7.816     0.060        14
    24.600     6.903     0.060         5
    24.600    13.026     0.060        24
    24.761     7.804     0.060        14
    24.761     6.891     0.060         5
    24.761    13.007     0.060        24
    24.922     7.783     0.060        14
    24.922     6.870     0.060         5
    24.922    12.972     0.060        24
    25.073     7.763     0.060        14
    25.073     6.850     0.060         5
    25.073    12.938     0.060        24
    25.231     7.737     0.060        14
    25.231     6.824     0.060         5
    25.231    12.895     0.060        24
    25.393     7.721     0.060        14
    25.393     6.808     0.060         5
    25.393    12.868     0.060        24
    25.543     7.698     0.060        14
    25.543     6.785     0.060         5
    25.543    12.830     0.060        24
    25.705     7.672     0.060        14
    25.705     6.759     0.060         5
    25.705    12.787     0.060        24
    25.855     7.635     0.060        14
    25.855     6.722     0.060         5
    25.855    12.725     0.060        24
    26.017     7.604     0.060        14
    26.017     6.692     0.060         5
    26.017    12.674     0.060        24
    26.167     7.579     0.060        14
    26.167     6.666     0.060         5
    26.167    12.632     0.060        24
    26.329     7.556     0.060        14
    26.329     6.643     0.060         5
    26.329    12.593     0.060        24
    26.479     7.531     0.060        14
    26.479     6.618     0.060         5
    26.479    12.551     0.060        24
    26.641     7.507     0.060        14
    26.641     6.594     0.060         5
    26.641    12.512     0.060        24
    26.794     7.484     0.060        14
    26.794     6.572     0.060         5
    26.794    12.474     0.060        24
    26.956     7.458     0.060        14
    26.956     6.545     0.060         5
    26.956    12.430     0.060        24
    27.117     7.418     0.060        14
    27.117     6.505     0.060         5
    27.117    12.363     0.060        24
    27.268     7.398     0.060        14
    27.268     6.485     0.060         5
    27.268    12.330     0.060        24
    27.432     7.383     0.060        14
    27.432     6.470     0.060         5
    27.432    12.305     0.060        24
    27.593     7.371     0.060        14
    27.593     6.458     0.060         5
    27.593    12.285     0.060        24
    27.744     7.353     0.060        14
    27.744     6.440     0.060         5
    27.744    12.255     0.060        24
    27.905     7.295     0.060        14
    27.905     6.383     0.060         5
    27.905    12.159     0.060        24
    28.067     7.276     0.060        14
    28.067     6.363     0.060         5
    28.067    12.127     0.060        24
    28.217     7.243     0.060        14
    28.217     6.330     0.060         5
    28.217    12.072     0.060        24
    28.379     7.205     0.060        14
    28.379     6.292     0.060         5
    28.379    12.008     0.060        24
    28.543     7.186     0.060        14
    28.543     6.273     0.060         5
    28.543    11.976     0.060        24
    28.694     7.169     0.060        14
    28.694     6.257     0.060         5
    28.694    11.949     0.060        24
    28.858     7.145     0.060        14
    28.858     6.233     0.060         5
    28.858    11.909     0.060        24
    29.020     7.123     0.060        14
    29.020     6.210     0.060         5
    29.020    11.871     0.060        24
    29.184     7.104     0.060        14
    29.184     6.191     0.060         5
    29.184    11.840     0.060        24
    29.335     7.087     0.060        14
    29.335     6.174     0.060         5
    29.335    11.811     0.060        24
    29.496     7.001     0.060        14
    29.496     6.089     0.060         5
    29.496    11.669     0.060        24
    29.660     6.983     0.060        14
    29.660     6.071     0.060         5
    29.660    11.639     0.060        24
    29.822     6.970     0.060        14
    29.822     6.057     0.060         5
    29.822    11.617     0.060        24
    29.972     6.952     0.060        14
    29.972     6.039     0.060         5
    29.972    11.586     0.060        24
    30.131     6.938     0.060        14
    30.131     6.025     0.060         5
    30.131    11.563     0.060        24
    30.284     6.919     0.060        14
    30.284     6.006     0.060         5
    30.284    11.532     0.060        24
    30.446     6.870     0.060        14
    30.446     5.957     0.060         5
    30.446    11.450     0.060        24
    30.610     6.814     0.060        14
    30.610     5.901     0.060         5
    30.610    11.356     0.060        24
    30.761     6.779     0.060        14
    30.761     5.866     0.060         5
    30.761    11.298     0.060        24
    30.922     6.757     0.060        14
    30.922     5.844     0.060         5
    30.922    11.262     0.060        24
    31.076     6.741     0.060        14
    31.076     5.828     0.060         5
    31.076    11.235     0.060        24
    31.237     6.731     0.060        14
    31.237     5.819     0.060         5
    31.237    11.219     0.060        24
    31.388     6.695     0.060        14
    31.388     5.782     0.060         5
    31.388    11.158     0.060        24
    31.552     6.681     0.060        14
    31.552     5.768     0.060         5
    31.552    11.135     0.060        24
    31.713     6.665     0.060        14
    31.713     5.752     0.060         5
    31.713    11.108     0.060        24
    31.878     6.641     0.060        14
    31.878     5.729     0.060         5
    31.878    11.069     0.060        24
    32.031     6.577     0.060        14
    32.031     5.664     0.060         5
    32.031    10.962     0.060        24
    32.196     6.542     0.060        14
    32.196     5.629     0.060         5
    32.196    10.903     0.060        24
    32.357     6.527     0.060        14
    32.357     5.615     0.060         5
    32.357    10.879     0.060        24
    32.521     6.496     0.060        14
    32.521     5.583     0.060         5
    32.521    10.827     0.060        24
    32.683     6.472     0.060        14
    32.683     5.559     0.060         5
    32.683    10.787     0.060        24
    32.844     6.440     0.060        14
    32.844     5.528     0.060         5
    32.844    10.734     0.060        24
    33.006     6.427     0.060        14
    33.006     5.514     0.060         5
    33.006    10.711     0.060        24
    33.156     6.401     0.060        14
    33.156     5.488     0.060         5
    33.156    10.668     0.060        24
    33.318     6.376     0.060        14
    33.318     5.463     0.060         5
    33.318    10.626     0.060        24
    33.482     6.346     0.060        14
    33.482     5.433     0.060         5
    33.482    10.577     0.060        24
    33.643     6.309     0.060        14
    33.643     5.396     0.060         5
    33.643    10.515     0.060        24
    33.808     6.277     0.060        14
    33.808     5.364     0.060         5
    33.808    10.461     0.060        24
    33.969     6.268     0.060        14
    33.969     5.355     0.060         5
    33.969    10.446     0.060        24
    34.130     6.218     0.060        14
    34.130     5.305     0.060         5
    34.130    10.363     0.060        24
    34.292     6.221     0.060        14
    34.292     5.309     0.060         5
    34.292    10.369     0.060        24
    34.456     6.184     0.060        14
    34.456     5.271     0.060         5
    34.456    10.306     0.060        24
    34.617     6.151     0.060        14
    34.617     5.238     0.060         5
    34.617    10.252     0.060        24
    34.782     6.133     0.060        14
    34.782     5.220     0.060         5
    34.782    10.221     0.060        24
    34.943     6.070     0.060        14
    34.943     5.157     0.060         5
    34.943    10.116     0.060        24
    35.107     6.035     0.060        14
    35.107     5.122     0.060         5
    35.107    10.058     0.060        24
    35.279     6.014     0.060        14
    35.279     5.102     0.060         5
    35.279    10.024     0.060        24
    35.444     5.978     0.060        14
    35.444     5.065     0.060         5
    35.444     9.963     0.060        24
    35.605     5.948     0.060        14
    35.605     5.036     0.060         5
    35.605     9.914     0.060        24
    35.766     5.920     0.060        14
    35.766     5.007     0.060         5
    35.766     9.866     0.060        24
    35.931     5.896     0.060        14
    35.931     4.983     0.060         5
    35.931     9.826     0.060        24
    36.092     5.873     0.060        14
    36.092     4.960     0.060         5
    36.092     9.788     0.060        24
    36.253     5.843     0.060        14
    36.253     4.931     0.060         5
    36.253     9.739     0.060        24
    36.415     5.811     0.060        14
    36.415     4.898     0.060         5
    36.415     9.685     0.060        24
    36.584     5.779     0.060        14
    36.584     4.866     0.060         5
    36.584     9.631     0.060        24
    36.745     5.750     0.060        14
    36.745     4.837     0.060         5
    36.745     9.583     0.060        24
    36.906     5.719     0.060        14
    36.906     4.806     0.060         5
    36.906     9.531     0.060        24
    37.057     5.685     0.060        14
    37.057     4.772     0.060         5
    37.057     9.475     0.060        24
    37.221     5.651     0.060        14
    37.221     4.738     0.060         5
    37.221     9.418     0.060        24
    37.383     5.618     0.060        14
    37.383     4.705     0.060         5
    37.383     9.363     0.060        24
    37.544     5.594     0.060        14
    37.544     4.681     0.060         5
    37.544     9.323     0.060        24
    37.705     5.563     0.060        14
    37.705     4.650     0.060         5
    37.705     9.271     0.060        24
    37.870     5.533     0.060        14
    37.870     4.620     0.060         5
    37.870     9.222     0.060        24
    38.031     5.492     0.060        14
    38.031     4.580     0.060         5
    38.031     9.154     0.060        24
    38.192     5.454     0.060        14
    38.192     4.541     0.060         5
    38.192     9.090     0.060        24
    38.357     5.429     0.060        14
    38.357     4.517     0.060         5
    38.357     9.049     0.060        24
    38.518     5.403     0.060        14
    38.518     4.490     0.060         5
    38.518     9.005     0.060        24
    38.679     5.377     0.060        14
    38.679     4.464     0.060         5
    38.679     8.961     0.060        24
    38.844     5.350     0.060        14
    38.844     4.437     0.060         5
    38.844     8.917     0.060        24
    39.005     5.325     0.060        14
    39.005     4.412     0.060         5
    39.005     8.875     0.060        24
    39.169     5.297     0.060        14
    39.169     4.385     0.060         5
    39.169     8.829     0.060        24
    39.331     5.261     0.060        14
    39.331     4.348     0.060         5
    39.331     8.768     0.060        24
    39.492     5.226     0.060        14
    39.492     4.313     0.060         5
    39.492     8.710     0.060        24
    39.656     5.198     0.060        14
    39.656     4.286     0.060         5
    39.656     8.664     0.060        24
    39.818     5.171     0.060        14
    39.818     4.259     0.060         5
    39.818     8.619     0.060        24
    39.982     5.144     0.060        14
    39.982     4.231     0.060         5
    39.982     8.573     0.060        24
    40.144     5.116     0.060        14
    40.144     4.203     0.060         5
    40.144     8.527     0.060        24
    40.305     5.088     0.060        14
    40.305     4.175     0.060         5
    40.305     8.480     0.060        24
    40.469     5.057     0.060        14
    40.469     4.145     0.060         5
    40.469     8.429     0.060        24
    40.631     5.027     0.060        14
    40.631     4.114     0.060         5
    40.631     8.378     0.060        24
    40.792     4.982     0.060        14
    40.792     4.069     0.060         5
    40.792     8.303     0.060        24
    40.967     4.954     0.060        14
    40.967     4.041     0.060         5
    40.967     8.257     0.060        24
    41.128     4.919     0.060        14
    41.128     4.006     0.060         5
    41.128     8.198     0.060        24
    54.860     1.000     0.000         0
    74.090     6.335     0.060        14
    74.090     5.422     0.060         5
    74.090    10.558     0.060        24
    74.991     6.476     0.060        14
    74.991     5.563     0.060         5
    74.991    10.793     0.060        24
    75.440     6.532     0.060        14
    75.440     5.619     0.060         5
    75.440    10.886     0.060        24
    75.752     6.585     0.060        14
    75.752     5.672     0.060         5
    75.752    10.975     0.060        24
    76.221     6.652     0.060        14
    76.221     5.739     0.060         5
    76.221    11.087     0.060        24
    76.676     6.704     0.060        14
    76.676     5.792     0.060         5
    76.676    11.174     0.060        24
    76.829     6.746     0.060        14
    76.829     5.833     0.060         5
    76.829    11.243     0.060        24
    77.295     6.820     0.060        14
    77.295     5.907     0.060         5
    77.295    11.366     0.060        24
    77.761     6.885     0.060        14
    77.761     5.972     0.060         5
    77.761    11.475     0.060        24
    78.073     6.934     0.060        14
    78.073     6.021     0.060         5
    78.073    11.556     0.060        24
    78.223     6.976     0.060        14
    78.223     6.063     0.060         5
    78.223    11.626     0.060        24
    78.697     7.048     0.060        14
    78.697     6.135     0.060         5
    78.697    11.747     0.060        24
    78.847     7.078     0.060        14
    78.847     6.165     0.060         5
    78.847    11.796     0.060        24
    79.317     7.148     0.060        14
    79.317     6.236     0.060         5
    79.317    11.914     0.060        24
    79.619     7.214     0.060        14
    79.619     6.301     0.060         5
    79.619    12.023     0.060        24
    80.541     7.361     0.060        14
    80.541     6.449     0.060         5
    80.541    12.269     0.060        24
    81.165     7.459     0.060        14
    81.165     6.546     0.060         5
    81.165    12.431     0.060        24
    81.477     7.512     0.060        14
    81.477     6.599     0.060         5
    81.477    12.520     0.060        24
    81.789     7.551     0.060        14
    81.789     6.638     0.060         5
    81.789    12.585     0.060        24
    82.101     7.616     0.060        14
    82.101     6.704     0.060         5
    82.101    12.694     0.060        24
    82.883     7.753     0.060        14
    82.883     6.840     0.060         5
    82.883    12.921     0.060        24
    83.668     7.897     0.060        14
    83.668     6.984     0.060         5
    83.668    13.161     0.060        24
    84.449     8.010     0.060        14
    84.449     7.097     0.060         5
    84.449    13.350     0.060        24
    84.610     8.054     0.060        14
    84.610     7.142     0.060         5
    84.610    13.424     0.060        24
    85.073     8.147     0.060        14
    85.073     7.234     0.060         5
    85.073    13.578     0.060        24
    85.549     8.223     0.060        14
    85.549     7.310     0.060         5
    85.549    13.705     0.060        24
    86.025     8.275     0.060        14
    86.025     7.362     0.060         5
    86.025    13.792     0.060        24
    86.176     8.313     0.060        14
    86.176     7.400     0.060         5
    86.176    13.855     0.060        24
    86.655     8.395     0.060        14
    86.655     7.482     0.060         5
    86.655    13.991     0.060        24
    87.132     8.467     0.060        14
    87.132     7.554     0.060         5
    87.132    14.111     0.060        24
    87.443     8.511     0.060        14
    87.443     7.598     0.060         5
    87.443    14.185     0.060        24
    87.755     8.554     0.060        14
    87.755     7.641     0.060         5
    87.755    14.257     0.060        24
    88.070     8.610     0.060        14
    88.070     7.697     0.060         5
    88.070    14.350     0.060        24
    91.193     9.080     0.060        14
    91.193     8.168     0.060         5
    91.193    15.134     0.060        24
    91.507     9.137     0.060        14
    91.507     8.224     0.060         5
    91.507    15.228     0.060        24
    91.973     9.192     0.060        14
    91.973     8.279     0.060         5
    91.973    15.320     0.060        24
    92.288     9.258     0.060        14
    92.288     8.345     0.060         5
    92.288    15.430     0.060        24
    92.764     9.335     0.060        14
    92.764     8.423     0.060         5
    92.764    15.559     0.060        24
    93.399     9.425     0.060        14
    93.399     8.513     0.060         5
    93.399    15.709     0.060        24
    93.875     9.491     0.060        14
    93.875     8.578     0.060         5
    93.875    15.818     0.060        24
    94.351     9.559     0.060        14
    94.351     8.646     0.060         5
    94.351    15.931     0.060        24
    95.140     9.667     0.060        14
    95.140     8.754     0.060         5
    95.140    16.112     0.060        24
    95.451     9.713     0.060        14
    95.451     8.801     0.060         5
    95.451    16.189     0.060        24
   107.145    11.398     0.060        14
   107.145    10.485     0.060         5
   107.145    18.996     0.060        24
   108.083    11.537     0.060        14
   108.083    10.624     0.060         5
   108.083    19.228     0.060        24
   108.855    11.636     0.060        14
   108.855    10.723     0.060         5
   108.855    19.393     0.060        24
   110.102    11.842     0.060        14
   110.102    10.929     0.060         5
   110.102    19.736     0.060        24
   111.192    12.019     0.060        14
   111.192    11.106     0.060         5
   111.192    20.032     0.060        24
   112.440    12.234     0.060        14
   112.440    11.321     0.060         5
   112.440    20.390     0.060        24
   113.351    12.404     0.060        14
   113.351    11.491     0.060         5
   113.351    20.673     0.060        24
   114.308    12.583     0.060        14
   114.308    11.670     0.060         5
   114.308    20.972     0.060        24
   115.118    12.739     0.060        14
   115.118    11.826     0.060         5
   115.118    21.231     0.060        24
   115.279    12.781     0.060        14
   115.279    11.868     0.060         5
   115.279    21.302     0.060        24
   115.924    12.905     0.060        14
   115.924    11.993     0.060         5
   115.924    21.509     0.060        24
   116.394    13.010     0.060        14
   116.394    12.097     0.060         5
   116.394    21.683     0.060        24
   116.556    13.044     0.060        14
   116.556    12.131     0.060         5
   116.556    21.740     0.060        24
   116.714    13.067     0.060        14
   116.714    12.155     0.060         5
   116.714    21.779     0.060        24
   116.875    13.093     0.060        14
   116.875    12.180     0.060         5
   116.875    21.821     0.060        24
   117.026    13.138     0.060        14
   117.026    12.225     0.060         5
   117.026    21.896     0.060        24
   117.187    13.170     0.060        14
   117.187    12.257     0.060         5
   117.187    21.950     0.060        24
   117.345    13.179     0.060        14
   117.345    12.266     0.060         5
   117.345    21.965     0.060        24
   117.496    13.214     0.060        14
   117.496    12.301     0.060         5
   117.496    22.023     0.060        24
   117.657    13.225     0.060        14
   117.657    12.312     0.060         5
   117.657    22.042     0.060        24
   117.808    13.250     0.060        14
   117.808    12.338     0.060         5
   117.808    22.084     0.060        24
   117.969    13.297     0.060        14
   117.969    12.384     0.060         5
   117.969    22.162     0.060        24
   118.131    13.325     0.060        14
   118.131    12.413     0.060         5
   118.131    22.209     0.060        24
   118.292    13.351     0.060        14
   118.292    12.438     0.060         5
   118.292    22.252     0.060        24
   118.443    13.369     0.060        14
   118.443    12.456     0.060         5
   118.443    22.281     0.060        24
   118.604    13.390     0.060        14
   118.604    12.477     0.060         5
   118.604    22.317     0.060        24
   118.765    13.403     0.060        14
   118.765    12.491     0.060         5
   118.765    22.339     0.060        24
   118.929    13.441     0.060        14
   118.929    12.528     0.060         5
   118.929    22.402     0.060        24
   119.080    13.468     0.060        14
   119.080    12.555     0.060         5
   119.080    22.447     0.060        24
   119.241    13.492     0.060        14
   119.241    12.579     0.060         5
   119.241    22.487     0.060        24
   119.406    13.520     0.060        14
   119.406    12.608     0.060         5
   119.406    22.534     0.060        24
   119.567    13.543     0.060        14
   119.567    12.630     0.060         5
   119.567    22.571     0.060        24
   119.728    13.570     0.060        14
   119.728    12.657     0.060         5
   119.728    22.617     0.060        24
   119.890    13.610     0.060        14
   119.890    12.697     0.060         5
   119.890    22.683     0.060        24
   120.051    13.635     0.060        14
   120.051    12.722     0.060         5
   120.051    22.725     0.060        24
   120.212    13.658     0.060        14
   120.212    12.745     0.060         5
   120.212    22.763     0.060        24
   120.373    13.677     0.060        14
   120.373    12.764     0.060         5
   120.373    22.795     0.060        24
   120.535    13.688     0.060        14
   120.535    12.776     0.060         5
   120.535    22.814     0.060        24
   120.696    13.730     0.060        14
   120.696    12.817     0.060         5
   120.696    22.883     0.060        24
   120.857    13.747     0.060        14
   120.857    12.834     0.060         5
   120.857    22.912     0.060        24
   121.022    13.768     0.060        14
   121.022    12.855     0.060         5
   121.022    22.947     0.060        24
   121.183    13.811     0.060        14
   121.183    12.898     0.060         5
   121.183    23.018     0.060        24
   121.344    13.822     0.060        14
   121.344    12.909     0.060         5
   121.344    23.037     0.060        24
   123.421    14.096     0.060        14
   123.421    13.184     0.060         5
   123.421    23.494     0.060        24
   124.521    14.243     0.060        14
   124.521    13.331     0.060         5
   124.521    23.739     0.060        24
   125.635    14.409     0.060        14
   125.635    13.496     0.060         5
   125.635    24.015     0.060        24
   126.721    14.567     0.060        14
   126.721    13.655     0.060         5
   126.721    24.279     0.060        24
   127.654    14.704     0.060        14
   127.654    13.791     0.060         5
   127.654    24.507     0.060        24
   129.411    14.966     0.060        14
   129.411    14.053     0.060         5
   129.411    24.943     0.060        24
   130.213    15.072     0.060        14
   130.213    14.159     0.060         5
   130.213    25.120     0.060        24
   130.692    15.163     0.060        14
   130.692    14.250     0.060         5
   130.692    25.271     0.060        24
     0.000     0.000     0.000        -1
