   342.678    -1.000     0.000         0
   338.557     3.009     0.060         1
   338.718     2.891     0.060         1
   338.879     2.797     0.060         1
   339.040     2.715     0.060         1
   339.202     2.608     0.060         1
   339.352     2.523     0.060         1
   339.513     2.441     0.060         1
   339.674     2.335     0.060         1
   339.833     2.240     0.060         1
   339.983     2.151     0.060         1
   340.145     2.065     0.060         1
   340.306     1.995     0.060         1
   340.453     1.926     0.060         1
   340.615     1.849     0.060         1
   340.773     1.751     0.060         1
   340.934     1.689     0.060         1
   341.092     1.637     0.060         1
   341.254     1.580     0.060         1
   341.404     1.523     0.060         1
   341.568     1.478     0.060         1
   341.719     1.425     0.060         1
   341.883     1.373     0.060         1
   342.047     1.336     0.060         1
   342.197     1.312     0.060         1
   342.361     1.284     0.060         1
   342.522     1.269     0.060         1
   342.656     1.269     0.060         1
   340.934     2.300     0.060         2
   341.092     2.271     0.060         2
   341.254     2.242     0.060         2
   341.404     2.210     0.060         2
   341.568     2.173     0.060         2
   341.719     2.159     0.060         2
   341.883     2.132     0.060         2
   342.047     2.111     0.060         2
   342.197     2.085     0.060         2
   342.361     2.060     0.060         2
   342.522     2.051     0.060         2
   342.656     2.056     0.060         2
   339.202     2.930     0.060         3
   339.352     2.885     0.060         3
   339.513     2.835     0.060         3
   339.674     2.789     0.060         3
   339.833     2.723     0.060         3
   339.983     2.664     0.060         3
   340.145     2.617     0.060         3
   340.306     2.573     0.060         3
   340.453     2.527     0.060         3
   340.615     2.495     0.060         3
   340.773     2.467     0.060         3
   340.934     2.427     0.060         3
   341.092     2.403     0.060         3
   341.254     2.425     0.060         3
   341.404     2.386     0.060         3
   341.568     2.388     0.060         3
   341.719     2.362     0.060         3
   341.883     2.348     0.060         3
   342.047     2.338     0.060         3
   342.197     2.323     0.060         3
   342.361     2.306     0.060         3
   342.522     2.286     0.060         3
   342.656     2.270     0.060         3
   252.528    17.397     0.060         5
   253.009    17.299     0.060         5
   253.795    17.133     0.060         5
   253.946    17.109     0.060         5
   254.567    17.005     0.060         5
   254.878    16.917     0.060         5
   255.499    16.808     0.060         5
   255.811    16.739     0.060         5
   256.434    16.598     0.060         5
   256.585    16.545     0.060         5
   257.208    16.425     0.060         5
   257.842    16.304     0.060         5
   258.329    16.169     0.060         5
   258.802    16.078     0.060         5
   259.278    15.982     0.060         5
   259.754    15.902     0.060         5
   260.068    15.850     0.060         5
   260.391    15.798     0.060         5
   260.864    15.718     0.060         5
   261.340    15.630     0.060         5
   261.652    15.586     0.060         5
   262.138    15.506     0.060         5
   262.786    15.416     0.060         5
   262.947    15.378     0.060         5
   263.907    15.226     0.060         5
   264.401    15.138     0.060         5
   264.734    15.110     0.060         5
   265.222    15.014     0.060         5
   265.714    14.910     0.060         5
   266.699    14.755     0.060         5
   267.672    14.556     0.060         5
   267.995    14.513     0.060         5
   268.638    14.405     0.060         5
   269.276    14.272     0.060         5
   269.597    14.157     0.060         5
   269.918    14.094     0.060         5
   270.712    13.911     0.060         5
   271.355    13.797     0.060         5
   271.837    13.684     0.060         5
   271.998    13.642     0.060         5
   272.649    13.515     0.060         5
   273.133    13.418     0.060         5
   273.616    13.322     0.060         5
   274.100    13.221     0.060         5
   274.587    13.122     0.060         5
   275.237    12.988     0.060         5
   275.737    12.891     0.060         5
   276.227    12.803     0.060         5
   276.729    12.719     0.060         5
   277.048    12.634     0.060         5
   277.680    12.518     0.060         5
   278.163    12.438     0.060         5
   278.650    12.366     0.060         5
   279.287    12.242     0.060         5
   280.099    12.062     0.060         5
   280.578    11.972     0.060         5
   281.056    11.875     0.060         5
   281.543    11.760     0.060         5
   282.022    11.695     0.060         5
   282.498    11.602     0.060         5
   283.288    11.446     0.060         5
   284.090    11.260     0.060         5
   284.240    11.228     0.060         5
   285.205    11.051     0.060         5
   285.684    10.975     0.060         5
   286.174    10.863     0.060         5
   286.978    10.724     0.060         5
   287.790    10.562     0.060         5
   288.421    10.404     0.060         5
   288.582    10.375     0.060         5
   288.743    10.353     0.060         5
   288.905    10.329     0.060         5
   289.066    10.312     0.060         5
   289.227    10.300     0.060         5
   289.388    10.263     0.060         5
   289.557    10.248     0.060         5
   289.718    10.227     0.060         5
   289.879    10.198     0.060         5
   290.041    10.187     0.060         5
   290.202    10.163     0.060         5
   290.366    10.158     0.060         5
   290.527    10.118     0.060         5
   290.688    10.110     0.060         5
   290.850    10.074     0.060         5
   291.021    10.046     0.060         5
   291.183    10.051     0.060         5
   291.344    10.020     0.060         5
   291.505    10.025     0.060         5
   291.669    10.002     0.060         5
   291.830     9.967     0.060         5
   291.994     9.951     0.060         5
   292.145     9.950     0.060         5
   292.309     9.918     0.060         5
   292.470     9.910     0.060         5
   292.624     9.873     0.060         5
   292.785     9.875     0.060         5
   292.949     9.830     0.060         5
   293.100     9.826     0.060         5
   293.253     9.792     0.060         5
   293.414     9.777     0.060         5
   293.568     9.741     0.060         5
   293.718     9.717     0.060         5
   293.883     9.697     0.060         5
   294.033     9.683     0.060         5
   294.184     9.678     0.060         5
   294.348     9.670     0.060         5
   294.498     9.637     0.060         5
   294.649     9.631     0.060         5
   294.813     9.618     0.060         5
   294.963     9.621     0.060         5
   295.114     9.596     0.060         5
   295.278     9.567     0.060         5
   295.429     9.549     0.060         5
   295.579     9.527     0.060         5
   295.733     9.521     0.060         5
   295.883     9.499     0.060         5
   296.044     9.483     0.060         5
   296.195     9.458     0.060         5
   296.348     9.454     0.060         5
   296.499     9.456     0.060         5
   296.663     9.436     0.060         5
   296.814     9.421     0.060         5
   296.964     9.398     0.060         5
   297.118     9.376     0.060         5
   297.279     9.340     0.060         5
   297.432     9.328     0.060         5
   297.583     9.313     0.060         5
   297.736     9.288     0.060         5
   297.890     9.271     0.060         5
   298.040     9.259     0.060         5
   298.194     9.228     0.060         5
   298.358     9.186     0.060         5
   298.501     9.183     0.060         5
   298.654     9.163     0.060         5
   298.808     9.166     0.060         5
   298.961     9.156     0.060         5
   299.115     9.137     0.060         5
   299.268     9.121     0.060         5
   299.421     9.096     0.060         5
   299.575     9.079     0.060         5
   299.728     9.059     0.060         5
   299.874     9.046     0.060         5
   300.025     9.037     0.060         5
   300.178     9.030     0.060         5
   300.332     9.006     0.060         5
   300.482     9.005     0.060         5
   300.633     8.993     0.060         5
   300.783     8.961     0.060         5
   300.934     8.955     0.060         5
   301.084     8.925     0.060         5
   301.232     8.908     0.060         5
   301.382     8.896     0.060         5
   301.543     8.863     0.060         5
   301.702     8.859     0.060         5
   301.863     8.842     0.060         5
   302.021     8.836     0.060         5
   302.172     8.823     0.060         5
   302.333     8.811     0.060         5
   302.494     8.815     0.060         5
   302.655     8.787     0.060         5
   302.816     8.755     0.060         5
   302.967     8.750     0.060         5
   303.128     8.726     0.060         5
   303.286     8.694     0.060         5
   303.437     8.678     0.060         5
   303.598     8.651     0.060         5
   303.749     8.626     0.060         5
   303.910     8.618     0.060         5
   304.060     8.612     0.060         5
   304.221     8.581     0.060         5
   304.533     8.525     0.060         5
   304.845     8.485     0.060         5
   305.321     8.407     0.060         5
   305.783     8.345     0.060         5
   306.095     8.305     0.060         5
   306.570     8.233     0.060         5
   307.046     8.183     0.060         5
   307.197     8.165     0.060         5
   307.350     8.119     0.060         5
   307.511     8.103     0.060         5
   307.662     8.075     0.060         5
   307.815     8.039     0.060         5
   307.977     8.024     0.060         5
   308.130     7.997     0.060         5
   308.291     7.987     0.060         5
   308.445     7.965     0.060         5
   308.598     7.954     0.060         5
   308.759     7.908     0.060         5
   308.913     7.889     0.060         5
   309.074     7.867     0.060         5
   309.225     7.852     0.060         5
   309.386     7.826     0.060         5
   309.536     7.806     0.060         5
   309.697     7.788     0.060         5
   309.848     7.785     0.060         5
   310.009     7.766     0.060         5
   310.160     7.732     0.060         5
   310.632     7.678     0.060         5
   310.944     7.630     0.060         5
   311.256     7.573     0.060         5
   311.568     7.509     0.060         5
   312.043     7.432     0.060         5
   312.506     7.364     0.060         5
   312.978     7.286     0.060         5
   313.444     7.224     0.060         5
   313.906     7.158     0.060         5
   314.382     7.093     0.060         5
   314.844     7.025     0.060         5
   315.317     6.959     0.060         5
   315.628     6.913     0.060         5
   315.929     6.865     0.060         5
   316.405     6.799     0.060         5
   316.717     6.753     0.060         5
   317.200     6.693     0.060         5
   317.512     6.648     0.060         5
   318.160     6.562     0.060         5
   318.482     6.533     0.060         5
   318.633     6.513     0.060         5
   318.955     6.479     0.060         5
   319.589     6.403     0.060         5
   320.059     6.355     0.060         5
   320.370     6.315     0.060         5
   320.685     6.269     0.060         5
   320.989     6.233     0.060         5
   321.451     6.161     0.060         5
   321.906     6.100     0.060         5
   322.521     6.006     0.060         5
   322.987     5.940     0.060         5
   323.151     5.908     0.060         5
   323.452     5.884     0.060         5
   323.906     5.799     0.060         5
   324.361     5.733     0.060         5
   324.672     5.679     0.060         5
   325.288     5.570     0.060         5
   325.449     5.538     0.060         5
   325.922     5.464     0.060         5
   326.072     5.456     0.060         5
   326.384     5.404     0.060         5
   326.854     5.327     0.060         5
   327.327     5.259     0.060         5
   327.638     5.190     0.060         5
   327.947     5.144     0.060         5
   328.424     5.084     0.060         5
   328.891     5.028     0.060         5
   329.196     4.988     0.060         5
   329.669     4.932     0.060         5
   329.970     4.908     0.060         5
   330.124     4.893     0.060         5
   330.285     4.848     0.060         5
   330.435     4.832     0.060         5
   330.589     4.785     0.060         5
   330.750     4.765     0.060         5
   330.903     4.741     0.060         5
   331.054     4.713     0.060         5
   331.208     4.686     0.060         5
   331.372     4.652     0.060         5
   331.525     4.649     0.060         5
   331.676     4.615     0.060         5
   331.829     4.566     0.060         5
   331.993     4.505     0.060         5
   332.147     4.468     0.060         5
   332.298     4.456     0.060         5
   332.451     4.443     0.060         5
   332.605     4.418     0.060         5
   332.769     4.394     0.060         5
   332.922     4.379     0.060         5
   333.073     4.351     0.060         5
   333.226     4.337     0.060         5
   333.369     4.303     0.060         5
   333.523     4.282     0.060         5
   333.676     4.260     0.060         5
   225.679    21.917     0.060         8
   226.564    21.797     0.060         8
   227.005    21.741     0.060         8
   227.586    21.653     0.060         8
   227.877    21.628     0.060         8
   229.028    21.459     0.060         8
   229.458    21.399     0.060         8
   230.023    21.303     0.060         8
   230.856    21.163     0.060         8
   231.423    21.101     0.060         8
   231.851    21.007     0.060         8
   232.845    20.839     0.060         8
   233.553    20.723     0.060         8
   233.972    20.651     0.060         8
   234.669    20.560     0.060         8
   235.529    20.395     0.060         8
   235.949    20.356     0.060         8
   236.382    20.251     0.060         8
   236.813    20.179     0.060         8
   237.391    20.100     0.060         8
   238.273    19.960     0.060         8
   238.886    19.877     0.060         8
   239.343    19.801     0.060         8
   239.970    19.705     0.060         8
   240.295    19.649     0.060         8
   240.443    19.668     0.060         8
   240.593    19.609     0.060         8
   240.894    19.557     0.060         8
   242.120    19.386     0.060         8
   242.844    19.263     0.060         8
   243.419    19.187     0.060         8
   244.314    19.030     0.060         8
   245.079    18.902     0.060         8
   245.689    18.818     0.060         8
   246.431    18.683     0.060         8
   246.888    18.598     0.060         8
   247.986    18.408     0.060         8
   248.147    18.374     0.060         8
   248.921    18.229     0.060         8
   249.236    18.173     0.060         8
   250.013    18.029     0.060         8
   250.471    17.953     0.060         8
   250.939    17.845     0.060         8
   251.410    17.756     0.060         8
   252.046    17.631     0.060         8
   252.845    17.459     0.060         8
   253.174    17.402     0.060         8
   253.946    17.257     0.060         8
   254.416    17.164     0.060         8
   255.037    17.069     0.060         8
   255.811    16.929     0.060         8
   255.972    16.886     0.060         8
   256.434    16.783     0.060         8
   256.896    16.698     0.060         8
   257.369    16.619     0.060         8
   257.681    16.533     0.060         8
   258.168    16.444     0.060         8
   258.479    16.375     0.060         8
   258.802    16.289     0.060         8
   259.278    16.200     0.060         8
   259.915    16.096     0.060         8
   260.552    15.995     0.060         8
   261.340    15.870     0.060         8
   262.138    15.754     0.060         8
   262.625    15.686     0.060         8
   263.584    15.557     0.060         8
   264.081    15.493     0.060         8
   264.562    15.433     0.060         8
   265.383    15.329     0.060         8
   265.882    15.253     0.060         8
   266.538    15.152     0.060         8
   267.347    15.043     0.060         8
   267.833    14.963     0.060         8
   267.995    14.900     0.060         8
   268.474    14.837     0.060         8
   268.802    14.761     0.060         8
   269.120    14.692     0.060         8
   269.597    14.606     0.060         8
   269.918    14.564     0.060         8
   270.559    14.442     0.060         8
   270.877    14.385     0.060         8
   271.041    14.376     0.060         8
   271.684    14.244     0.060         8
   272.163    14.168     0.060         8
   272.488    14.082     0.060         8
   272.810    14.017     0.060         8
   273.616    13.866     0.060         8
   274.422    13.719     0.060         8
   274.912    13.609     0.060         8
   275.902    13.432     0.060         8
   276.557    13.308     0.060         8
   277.368    13.172     0.060         8
   277.680    13.120     0.060         8
   278.811    12.932     0.060         8
   279.126    12.854     0.060         8
   279.773    12.747     0.060         8
   280.099    12.691     0.060         8
   280.892    12.544     0.060         8
   282.022    12.350     0.060         8
   282.648    12.226     0.060         8
   283.452    12.094     0.060         8
   283.928    12.014     0.060         8
   285.205    11.794     0.060         8
   285.684    11.717     0.060         8
   286.327    11.606     0.060         8
   286.814    11.526     0.060         8
   288.102    11.318     0.060         8
   288.582    11.264     0.060         8
   289.718    11.135     0.060         8
   291.021    10.991     0.060         8
   291.830    10.932     0.060         8
   292.309    10.903     0.060         8
   293.718    10.799     0.060         8
   294.649    10.745     0.060         8
   295.883    10.640     0.060         8
   296.964    10.576     0.060         8
   297.583    10.542     0.060         8
   298.194    10.517     0.060         8
   298.808    10.472     0.060         8
   299.421    10.464     0.060         8
   300.332    10.434     0.060         8
   301.382    10.364     0.060         8
   302.172    10.326     0.060         8
   303.128    10.313     0.060         8
   304.060    10.234     0.060         8
   292.949    10.726     0.060        14
   294.649    10.536     0.060        14
   296.195    10.385     0.060        14
   297.279    10.257     0.060        14
   298.358    10.138     0.060        14
   299.115    10.042     0.060        14
   300.482     9.890     0.060        14
   301.863     9.751     0.060        14
   302.967     9.636     0.060        14
   304.060     9.483     0.060        14
   304.845     9.383     0.060        14
   305.632     9.287     0.060        14
   307.046     9.070     0.060        14
   307.662     8.982     0.060        14
   309.074     8.789     0.060        14
   310.160     8.653     0.060        14
   311.417     8.473     0.060        14
   312.667     8.325     0.060        14
   314.844     8.020     0.060        14
   315.929     7.884     0.060        14
   317.200     7.716     0.060        14
   318.160     7.587     0.060        14
   318.955     7.479     0.060        14
   319.908     7.355     0.060        14
   320.836     7.239     0.060        14
   322.207     7.059     0.060        14
   323.756     6.838     0.060        14
   325.288     6.584     0.060        14
   326.384     6.403     0.060        14
   327.477     6.225     0.060        14
   328.733     6.028     0.060        14
   246.888    30.993     0.060        24
   247.836    30.736     0.060        24
   248.459    30.560     0.060        24
   249.548    30.246     0.060        24
   250.317    30.023     0.060        24
   250.939    29.846     0.060        24
   251.410    29.730     0.060        24
   252.528    29.387     0.060        24
   253.009    29.278     0.060        24
   254.258    28.903     0.060        24
   255.348    28.596     0.060        24
   256.735    28.221     0.060        24
   288.582    19.141     0.060        24
   289.557    18.866     0.060        24
   291.021    18.439     0.060        24
   292.145    18.128     0.060        24
   293.568    17.730     0.060        24
   342.678     1.000     0.000         0
   342.842     1.304     0.060         1
   343.001     1.320     0.060         1
   343.166     1.348     0.060         1
   343.330     1.384     0.060         1
   343.491     1.431     0.060         1
   343.655     1.486     0.060         1
   343.819     1.530     0.060         1
   343.980     1.577     0.060         1
   344.134     1.635     0.060         1
   344.295     1.712     0.060         1
   344.459     1.786     0.060         1
   344.612     1.857     0.060         1
   344.773     1.931     0.060         1
   344.927     2.035     0.060         1
   345.091     2.125     0.060         1
   345.252     2.218     0.060         1
   345.403     2.306     0.060         1
   345.564     2.410     0.060         1
   345.728     2.511     0.060         1
   345.878     2.591     0.060         1
   346.039     2.686     0.060         1
   346.204     2.786     0.060         1
   346.354     2.883     0.060         1
   342.842     2.067     0.060         2
   343.001     2.076     0.060         2
   343.166     2.092     0.060         2
   343.330     2.116     0.060         2
   343.491     2.148     0.060         2
   343.655     2.176     0.060         2
   343.819     2.204     0.060         2
   342.842     2.270     0.060         3
   343.001     2.275     0.060         3
   343.166     2.264     0.060         3
   343.330     2.289     0.060         3
   343.491     2.297     0.060         3
   343.655     2.324     0.060         3
   343.819     2.346     0.060         3
   343.980     2.375     0.060         3
   344.134     2.385     0.060         3
   344.295     2.420     0.060         3
   344.459     2.456     0.060         3
   344.612     2.505     0.060         3
   344.773     2.524     0.060         3
   347.938     3.451     0.060         5
   348.091     3.504     0.060         5
   348.256     3.541     0.060         5
   348.409     3.578     0.060         5
   348.573     3.612     0.060         5
   348.727     3.644     0.060         5
   348.891     3.690     0.060         5
   349.045     3.735     0.060         5
   349.209     3.772     0.060         5
   349.360     3.817     0.060         5
   349.521     3.850     0.060         5
   349.682     3.888     0.060         5
   349.843     3.929     0.060         5
   350.004     3.965     0.060         5
   350.165     4.005     0.060         5
   350.323     4.081     0.060         5
   350.484     4.113     0.060         5
   350.645     4.153     0.060         5
   350.792     4.196     0.060         5
   350.953     4.248     0.060         5
   351.114     4.293     0.060         5
   351.272     4.333     0.060         5
   351.433     4.369     0.060         5
   351.584     4.404     0.060         5
   351.745     4.439     0.060         5
   351.906     4.478     0.060         5
   352.067     4.518     0.060         5
   352.228     4.552     0.060         5
   352.393     4.587     0.060         5
   352.554     4.626     0.060         5
   352.704     4.652     0.060         5
   352.865     4.692     0.060         5
   353.016     4.727     0.060         5
   353.177     4.763     0.060         5
   353.330     4.794     0.060         5
   353.491     4.821     0.060         5
   353.642     4.851     0.060         5
   353.806     4.875     0.060         5
   353.957     4.895     0.060         5
   354.110     4.927     0.060         5
   354.271     4.969     0.060         5
   354.425     4.959     0.060         5
   354.586     4.964     0.060         5
   354.739     4.947     0.060         5
   354.900     5.003     0.060         5
   355.054     5.038     0.060         5
   355.215     5.037     0.060         5
   355.369     5.112     0.060         5
   355.530     5.128     0.060         5
   355.683     5.139     0.060         5
   355.834     5.198     0.060         5
   355.998     5.251     0.060         5
   356.148     5.284     0.060         5
   356.312     5.353     0.060         5
   356.463     5.354     0.060         5
   356.624     5.407     0.060         5
   356.788     5.412     0.060         5
   356.939     5.441     0.060         5
   357.103     5.478     0.060         5
   357.264     5.524     0.060         5
   357.417     5.564     0.060         5
   357.578     5.570     0.060         5
   357.743     5.621     0.060         5
   357.896     5.652     0.060         5
   358.057     5.656     0.060         5
   358.211     5.719     0.060         5
   358.375     5.724     0.060         5
   358.536     5.781     0.060         5
   358.700     5.802     0.060         5
   358.861     5.856     0.060         5
   359.015     5.872     0.060         5
   359.179     5.938     0.060         5
   359.340     5.933     0.060         5
   359.504     6.016     0.060         5
   359.665     6.058     0.060         5
   359.819     6.141     0.060         5
   359.980     6.187     0.060         5
   360.130     6.221     0.060         5
   360.295     6.252     0.060         5
   360.445     6.299     0.060         5
   360.609     6.327     0.060         5
   360.770     6.381     0.060         5
   360.934     6.410     0.060         5
   361.096     6.444     0.060         5
   361.260     6.491     0.060         5
   361.421     6.526     0.060         5
   361.582     6.559     0.060         5
   361.732     6.583     0.060         5
   361.893     6.630     0.060         5
   362.044     6.685     0.060         5
   362.208     6.721     0.060         5
   362.359     6.772     0.060         5
   362.520     6.779     0.060         5
   362.681     6.808     0.060         5
   362.842     6.837     0.060         5
   363.006     6.874     0.060         5
   363.167     6.893     0.060         5
   363.339     6.955     0.060         5
   363.500     7.008     0.060         5
   363.664     7.022     0.060         5
   363.825     7.043     0.060         5
   363.986     7.105     0.060         5
   364.147     7.130     0.060         5
   364.309     7.175     0.060         5
   364.470     7.249     0.060         5
   364.631     7.301     0.060         5
   364.795     7.351     0.060         5
   364.945     7.414     0.060         5
   365.109     7.447     0.060         5
   365.271     7.496     0.060         5
   365.424     7.570     0.060         5
   365.585     7.633     0.060         5
   365.749     7.658     0.060         5
   365.910     7.699     0.060         5
   366.064     7.738     0.060         5
   366.225     7.794     0.060         5
   366.386     7.868     0.060         5
   366.540     7.941     0.060         5
   366.701     7.969     0.060         5
   366.865     7.998     0.060         5
   367.015     8.011     0.060         5
   367.176     8.048     0.060         5
   367.341     8.090     0.060         5
   367.491     8.123     0.060         5
   367.655     8.156     0.060         5
   367.816     8.189     0.060         5
   367.967     8.203     0.060         5
   368.131     8.224     0.060         5
   368.292     8.258     0.060         5
   368.445     8.271     0.060         5
   368.607     8.329     0.060         5
   368.760     8.349     0.060         5
   368.921     8.372     0.060         5
   369.072     8.396     0.060         5
   369.236     8.444     0.060         5
   369.386     8.479     0.060         5
   369.550     8.511     0.060         5
   369.711     8.547     0.060         5
   369.862     8.595     0.060         5
   370.023     8.629     0.060         5
   370.187     8.651     0.060         5
   370.338     8.666     0.060         5
   370.499     8.678     0.060         5
   370.660     8.702     0.060         5
   370.810     8.731     0.060         5
   370.971     8.743     0.060         5
   371.122     8.763     0.060         5
   371.283     8.778     0.060         5
   371.444     8.789     0.060         5
   371.595     8.812     0.060         5
   371.756     8.836     0.060         5
   371.906     8.879     0.060         5
   372.067     8.920     0.060         5
   372.218     8.916     0.060         5
   372.379     8.924     0.060         5
   372.529     8.961     0.060         5
   372.690     8.932     0.060         5
   372.852     8.976     0.060         5
   373.013     8.998     0.060         5
   373.174     8.984     0.060         5
   373.338     9.025     0.060         5
   373.488     9.041     0.060         5
   373.652     9.016     0.060         5
   373.814     9.043     0.060         5
   373.978     9.098     0.060         5
   374.139     9.127     0.060         5
   374.289     9.113     0.060         5
   374.453     9.133     0.060         5
   374.615     9.155     0.060         5
   374.779     9.157     0.060         5
   374.943     9.218     0.060         5
   375.104     9.264     0.060         5
   375.268     9.325     0.060         5
   375.418     9.363     0.060         5
   375.583     9.357     0.060         5
   375.744     9.379     0.060         5
   375.908     9.409     0.060         5
   376.069     9.459     0.060         5
   376.219     9.469     0.060         5
   376.384     9.476     0.060         5
   376.545     9.492     0.060         5
   376.706     9.499     0.060         5
   376.870     9.502     0.060         5
   377.031     9.513     0.060         5
   377.192     9.548     0.060         5
   377.356     9.543     0.060         5
   377.517     9.556     0.060         5
   377.678     9.562     0.060         5
   377.843     9.579     0.060         5
   378.004     9.585     0.060         5
   378.168     9.623     0.060         5
   378.329     9.640     0.060         5
   378.501     9.649     0.060         5
   378.665     9.683     0.060         5
   378.826     9.704     0.060         5
   378.987     9.701     0.060         5
   379.140     9.715     0.060         5
   379.302     9.748     0.060         5
   379.466     9.749     0.060         5
   379.627     9.744     0.060         5
   379.791     9.751     0.060         5
   379.952     9.755     0.060         5
   380.105     9.770     0.060         5
   380.270     9.755     0.060         5
   380.745     9.760     0.060         5
   381.227     9.754     0.060         5
   381.703     9.748     0.060         5
   382.020     9.738     0.060         5
   382.342     9.737     0.060         5
   382.810     9.756     0.060         5
   383.125     9.763     0.060         5
   383.751     9.806     0.060         5
   384.370     9.832     0.060         5
   384.848     9.876     0.060         5
   385.628     9.951     0.060         5
   386.397    10.055     0.060         5
   387.012    10.148     0.060         5
   387.631    10.240     0.060         5
   388.558    10.381     0.060         5
   389.184    10.478     0.060         5
     0.000     0.000     0.000        -1
