   162.784    -1.000     0.000         0
   100.002    13.231     0.060         5
   100.465    13.167     0.060         5
   100.777    13.120     0.060         5
   101.232    13.052     0.060         5
   101.689    12.992     0.060         5
   101.994    12.953     0.060         5
   102.462    12.881     0.060         5
   103.068    12.797     0.060         5
   103.372    12.762     0.060         5
   103.684    12.722     0.060         5
   104.314    12.627     0.060         5
   104.793    12.555     0.060         5
   105.258    12.487     0.060         5
   105.727    12.411     0.060         5
   106.367    12.315     0.060         5
   106.991    12.216     0.060         5
   107.457    12.148     0.060         5
   107.922    12.076     0.060         5
   108.543    11.984     0.060         5
   109.006    11.917     0.060         5
   109.640    11.829     0.060         5
   110.264    11.725     0.060         5
   110.880    11.654     0.060         5
   111.354    11.599     0.060         5
   112.440    11.444     0.060         5
   112.749    11.425     0.060         5
   113.201    11.386     0.060         5
   113.671    11.331     0.060         5
   114.309    11.251     0.060         5
   114.957    11.185     0.060         5
   115.441    11.129     0.060         5
   115.925    11.066     0.060         5
   116.395    11.006     0.060         5
   116.876    10.939     0.060         5
   117.658    10.827     0.060         5
   118.132    10.768     0.060         5
   118.930    10.653     0.060         5
   119.407    10.589     0.060         5
   120.213    10.482     0.060         5
   120.374    10.474     0.060         5
   121.022    10.387     0.060         5
   121.345    10.360     0.060         5
   122.634    10.249     0.060         5
   122.798    10.225     0.060         5
   122.959    10.181     0.060         5
   123.110    10.153     0.060         5
   123.271    10.134     0.060         5
   123.422    10.111     0.060         5
   123.583    10.088     0.060         5
   123.734    10.069     0.060         5
   123.895    10.042     0.060         5
   124.046    10.007     0.060         5
   124.207     9.980     0.060         5
   124.368     9.953     0.060         5
   124.522     9.926     0.060         5
   124.686     9.899     0.060         5
   124.837     9.865     0.060         5
   124.998     9.846     0.060         5
   125.162     9.816     0.060         5
   125.313     9.782     0.060         5
   125.474     9.771     0.060         5
   125.636     9.749     0.060         5
   125.786     9.722     0.060         5
   125.947     9.700     0.060         5
   126.098     9.677     0.060         5
   126.249     9.643     0.060         5
   126.410     9.620     0.060         5
   126.561     9.602     0.060         5
   126.722     9.571     0.060         5
   126.873     9.545     0.060         5
   127.031     9.534     0.060         5
   127.181     9.498     0.060         5
   127.343     9.477     0.060         5
   127.493     9.452     0.060         5
   127.655     9.431     0.060         5
   127.805     9.403     0.060         5
   127.970     9.394     0.060         5
   128.120     9.365     0.060         5
   128.281     9.336     0.060         5
   128.446     9.304     0.060         5
   128.607     9.291     0.060         5
   128.771     9.271     0.060         5
   128.922     9.254     0.060         5
   129.086     9.229     0.060         5
   129.250     9.217     0.060         5
   129.412     9.188     0.060         5
   129.576     9.172     0.060         5
   129.737     9.148     0.060         5
   129.888     9.128     0.060         5
   130.052     9.096     0.060         5
   130.213     9.077     0.060         5
   130.378     9.057     0.060         5
   130.528     9.029     0.060         5
   130.693     9.009     0.060         5
   130.854     8.981     0.060         5
   131.018     8.961     0.060         5
   131.169     8.937     0.060         5
   131.330     8.913     0.060         5
   131.491     8.893     0.060         5
   131.656     8.870     0.060         5
   131.806     8.850     0.060         5
   131.970     8.824     0.060         5
   132.132     8.809     0.060         5
   132.296     8.778     0.060         5
   132.457     8.759     0.060         5
   132.622     8.736     0.060         5
   132.783     8.709     0.060         5
   132.947     8.698     0.060         5
   133.101     8.683     0.060         5
   133.262     8.652     0.060         5
   133.426     8.633     0.060         5
   133.588     8.611     0.060         5
   133.752     8.588     0.060         5
   133.913     8.573     0.060         5
   134.077     8.546     0.060         5
   134.239     8.527     0.060         5
   134.400     8.504     0.060         5
   134.564     8.497     0.060         5
   134.725     8.478     0.060         5
   134.890     8.456     0.060         5
   135.043     8.441     0.060         5
   135.205     8.425     0.060         5
   135.366     8.410     0.060         5
   135.530     8.374     0.060         5
   135.681     8.350     0.060         5
   135.842     8.323     0.060         5
   135.996     8.305     0.060         5
   136.157     8.301     0.060         5
   136.307     8.272     0.060         5
   136.472     8.244     0.060         5
   136.633     8.224     0.060         5
   136.787     8.203     0.060         5
   136.948     8.178     0.060         5
   137.098     8.155     0.060         5
   137.263     8.141     0.060         5
   137.424     8.112     0.060         5
   137.575     8.085     0.060         5
   137.739     8.063     0.060         5
   137.900     8.043     0.060         5
   138.051     8.019     0.060         5
   138.215     7.997     0.060         5
   138.366     7.967     0.060         5
   138.527     7.943     0.060         5
   138.688     7.915     0.060         5
   138.852     7.887     0.060         5
   139.003     7.857     0.060         5
   139.167     7.831     0.060         5
   139.328     7.803     0.060         5
   139.490     7.779     0.060         5
   139.654     7.751     0.060         5
   139.805     7.728     0.060         5
   139.966     7.697     0.060         5
   140.127     7.670     0.060         5
   140.291     7.647     0.060         5
   140.453     7.624     0.060         5
   140.614     7.602     0.060         5
   140.775     7.571     0.060         5
   140.929     7.543     0.060         5
   141.090     7.519     0.060         5
   141.251     7.491     0.060         5
   141.416     7.451     0.060         5
   141.577     7.425     0.060         5
   141.738     7.392     0.060         5
   141.900     7.354     0.060         5
   142.064     7.323     0.060         5
   142.225     7.297     0.060         5
   142.379     7.266     0.060         5
   142.540     7.234     0.060         5
   142.701     7.206     0.060         5
   142.865     7.186     0.060         5
   143.016     7.154     0.060         5
   143.177     7.128     0.060         5
   143.339     7.076     0.060         5
   143.503     7.049     0.060         5
   143.664     7.029     0.060         5
   143.825     6.993     0.060         5
   143.987     6.958     0.060         5
   144.148     6.938     0.060         5
   144.309     6.910     0.060         5
   144.474     6.881     0.060         5
   144.624     6.839     0.060         5
   144.785     6.803     0.060         5
   144.947     6.776     0.060         5
   145.111     6.728     0.060         5
   145.272     6.696     0.060         5
   145.434     6.654     0.060         5
   145.595     6.663     0.060         5
   145.756     6.625     0.060         5
   145.917     6.580     0.060         5
   146.082     6.539     0.060         5
   146.243     6.502     0.060         5
   146.404     6.482     0.060         5
   146.566     6.455     0.060         5
   146.716     6.396     0.060         5
   147.042     6.334     0.060         5
   147.203     6.297     0.060         5
   147.354     6.262     0.060         5
   147.515     6.246     0.060         5
   147.679     6.206     0.060         5
   147.840     6.154     0.060         5
   148.002     6.124     0.060         5
   148.152     6.094     0.060         5
   148.316     6.063     0.060         5
   148.478     6.022     0.060         5
   148.642     5.985     0.060         5
   148.793     5.945     0.060         5
   148.954     5.899     0.060         5
   149.115     5.836     0.060         5
   149.266     5.784     0.060         5
   149.430     5.737     0.060         5
   149.581     5.705     0.060         5
   149.745     5.646     0.060         5
   149.906     5.604     0.060         5
   150.059     5.548     0.060         5
   150.224     5.485     0.060         5
   150.374     5.429     0.060         5
   150.536     5.376     0.060         5
   150.689     5.323     0.060         5
   150.850     5.274     0.060         5
   151.004     5.221     0.060         5
   151.154     5.195     0.060         5
   151.308     5.067     0.060         5
   151.469     5.033     0.060         5
   151.622     4.977     0.060         5
   151.776     4.917     0.060         5
   151.929     4.860     0.060         5
   152.090     4.819     0.060         5
   152.244     4.778     0.060         5
   152.397     4.746     0.060         5
   152.550     4.697     0.060         5
   152.715     4.642     0.060         5
   152.868     4.590     0.060         5
   153.018     4.534     0.060         5
   153.172     4.474     0.060         5
   153.325     4.419     0.060         5
   153.475     4.365     0.060         5
   153.629     4.298     0.060         5
   153.782     4.227     0.060         5
   153.932     4.173     0.060         5
   154.086     4.121     0.060         5
   154.239     4.070     0.060         5
   154.381     4.023     0.060         5
   154.534     3.977     0.060         5
   154.687     3.927     0.060         5
   154.840     3.882     0.060         5
   154.993     3.829     0.060         5
   155.146     3.779     0.060         5
   155.299     3.726     0.060         5
   155.452     3.669     0.060         5
   155.604     3.611     0.060         5
   155.755     3.565     0.060         5
   155.916     3.497     0.060         5
   156.069     3.434     0.060         5
   156.369     3.316     0.060         5
   156.530     3.273     0.060         5
   156.681     3.241     0.060         5
   156.831     3.188     0.060         5
   156.984     3.123     0.060         5
   157.127     3.067     0.060         5
   157.280     3.016     0.060         5
   157.425     2.967     0.060         5
   157.568     2.915     0.060         5
    75.441    17.077     0.060         7
    76.372    16.932     0.060         7
    77.608    16.764     0.060         7
    78.375    16.668     0.060         7
    79.318    16.548     0.060         7
    80.233    16.419     0.060         7
    81.166    16.287     0.060         7
    81.790    16.207     0.060         7
    82.723    16.074     0.060         7
    83.508    15.966     0.060         7
    84.286    15.853     0.060         7
    85.238    15.717     0.060         7
    86.177    15.576     0.060         7
    87.132    15.456     0.060         7
    88.537    15.255     0.060         7
    89.794    15.083     0.060         7
    90.563    14.970     0.060         7
    91.193    14.890     0.060         7
    92.289    14.754     0.060         7
    93.550    14.574     0.060         7
    94.979    14.394     0.060         7
    95.939    14.274     0.060         7
    96.415    14.205     0.060         7
    97.354    14.089     0.060         7
    98.298    13.969     0.060         7
    99.228    13.845     0.060         7
   100.153    13.721     0.060         7
   101.081    13.605     0.060         7
   102.147    13.473     0.060         7
   102.613    13.438     0.060         7
   103.372    13.362     0.060         7
   104.467    13.222     0.060         7
   105.573    13.127     0.060         7
   105.891    13.096     0.060         7
   106.830    12.988     0.060         7
   107.922    12.856     0.060         7
   109.167    12.704     0.060         7
   110.264    12.589     0.060         7
   111.504    12.478     0.060         7
   112.588    12.342     0.060         7
   113.352    12.271     0.060         7
   114.309    12.200     0.060         7
   115.280    12.113     0.060         7
   115.602    12.069     0.060         7
   116.715    11.950     0.060         7
     3.096    27.280     0.060         8
     4.056    27.176     0.060         8
     5.040    27.052     0.060         8
     6.340    26.892     0.060         8
     7.628    26.732     0.060         8
     8.939    26.568     0.060         8
     9.751    26.464     0.060         8
    10.879    26.324     0.060         8
    12.206    26.160     0.060         8
    13.978    25.920     0.060         8
    15.435    25.740     0.060         8
    16.248    25.636     0.060         8
    18.182    25.396     0.060         8
    19.602    25.216     0.060         8
    21.158    25.024     0.060         8
    22.566    24.815     0.060         8
    23.820    24.626     0.060         8
    25.073    24.433     0.060         8
    26.479    24.244     0.060         8
    28.217    24.024     0.060         8
    29.334    23.851     0.060         8
    30.130    23.735     0.060         8
   162.784     1.000     0.000         0
   215.598    11.064     0.060         5
   215.745    11.104     0.060         5
   215.853    11.128     0.060         5
   215.921    11.155     0.060         5
   215.989    11.124     0.060         5
   216.071    11.185     0.060         5
   216.158    11.205     0.060         5
   216.259    11.233     0.060         5
   216.357    11.260     0.060         5
   216.467    11.272     0.060         5
   216.584    11.293     0.060         5
   216.712    11.342     0.060         5
   216.851    11.373     0.060         5
   216.976    11.410     0.060         5
   217.120    11.443     0.060         5
   217.254    11.460     0.060         5
   217.398    11.510     0.060         5
   217.542    11.550     0.060         5
   217.691    11.589     0.060         5
   217.842    11.621     0.060         5
   217.999    11.617     0.060         5
   218.148    11.700     0.060         5
   218.301    11.734     0.060         5
   218.455    11.783     0.060         5
   218.609    11.822     0.060         5
   218.762    11.816     0.060         5
   218.902    11.892     0.060         5
   219.045    11.899     0.060         5
   219.185    11.971     0.060         5
   219.325    12.007     0.060         5
   219.731    12.102     0.060         5
   219.871    12.151     0.060         5
   220.011    12.186     0.060         5
   220.148    12.236     0.060         5
   220.277    12.287     0.060         5
   220.414    12.299     0.060         5
   220.554    12.366     0.060         5
   220.680    12.424     0.060         5
   220.820    12.433     0.060         5
   220.957    12.461     0.060         5
   221.097    12.499     0.060         5
   221.223    12.542     0.060         5
   221.363    12.589     0.060         5
   221.500    12.633     0.060         5
   221.640    12.706     0.060         5
   221.787    12.762     0.060         5
   221.927    12.771     0.060         5
   222.067    12.835     0.060         5
   222.204    12.865     0.060         5
   222.344    12.944     0.060         5
   222.494    13.007     0.060         5
   222.634    13.036     0.060         5
   222.774    13.084     0.060         5
   222.925    13.176     0.060         5
   223.065    13.216     0.060         5
   223.205    13.257     0.060         5
   223.355    13.295     0.060         5
   223.495    13.367     0.060         5
   223.646    13.405     0.060         5
   223.785    13.413     0.060         5
   223.936    13.459     0.060         5
   224.076    13.504     0.060         5
   224.226    13.574     0.060         5
   224.366    13.643     0.060         5
   224.517    13.694     0.060         5
   224.657    13.734     0.060         5
   224.807    13.768     0.060         5
   224.947    13.793     0.060         5
   225.098    13.814     0.060         5
   225.238    13.857     0.060         5
   225.388    13.885     0.060         5
   225.528    13.921     0.060         5
   225.679    13.960     0.060         5
   225.829    14.000     0.060         5
   225.972    14.085     0.060         5
   226.123    14.094     0.060         5
   226.273    14.122     0.060         5
   226.413    14.151     0.060         5
   226.564    14.186     0.060         5
   226.714    14.221     0.060         5
   226.854    14.259     0.060         5
   227.005    14.283     0.060         5
   227.145    14.327     0.060         5
   227.295    14.372     0.060         5
   227.435    14.446     0.060         5
   227.586    14.444     0.060         5
   227.736    14.455     0.060         5
   227.876    14.484     0.060         5
   228.027    14.516     0.060         5
   228.167    14.572     0.060         5
   228.317    14.564     0.060         5
   228.460    14.599     0.060         5
   228.608    14.624     0.060         5
   228.748    14.654     0.060         5
   228.888    14.674     0.060         5
   229.028    14.704     0.060         5
   229.178    14.747     0.060         5
   229.318    14.770     0.060         5
   229.458    14.796     0.060         5
   229.595    14.790     0.060         5
   229.745    14.816     0.060         5
   229.882    14.844     0.060         5
   230.022    14.897     0.060         5
   230.159    14.920     0.060         5
   230.299    14.947     0.060         5
   230.439    14.970     0.060         5
   230.576    14.998     0.060         5
   230.716    15.033     0.060         5
   230.856    15.071     0.060         5
   230.992    15.035     0.060         5
   231.132    15.108     0.060         5
   231.283    15.093     0.060         5
   231.423    15.166     0.060         5
   231.700    15.169     0.060         5
   231.850    15.191     0.060         5
   231.987    15.231     0.060         5
   232.127    15.259     0.060         5
   232.267    15.307     0.060         5
   232.407    15.339     0.060         5
   232.557    15.345     0.060         5
   232.697    15.362     0.060         5
   232.845    15.397     0.060         5
   232.985    15.415     0.060         5
   233.125    15.442     0.060         5
   233.264    15.516     0.060         5
   233.415    15.492     0.060         5
   233.552    15.523     0.060         5
   233.692    15.547     0.060         5
   233.832    15.596     0.060         5
   233.972    15.631     0.060         5
   234.111    15.658     0.060         5
   234.251    15.645     0.060         5
   234.528    15.694     0.060         5
   234.948    15.766     0.060         5
   235.098    15.792     0.060         5
   235.378    15.840     0.060         5
   235.809    15.906     0.060         5
   235.949    15.927     0.060         5
   236.239    15.968     0.060         5
   236.522    16.008     0.060         5
   236.812    16.055     0.060         5
   237.100    16.097     0.060         5
   237.390    16.137     0.060         5
   237.691    16.177     0.060         5
   237.982    16.225     0.060         5
   238.272    16.263     0.060         5
   238.423    16.285     0.060         5
   238.724    16.328     0.060         5
   238.885    16.349     0.060         5
   239.189    16.394     0.060         5
   308.130    24.636     0.060        13
   309.074    24.748     0.060        13
   309.536    24.808     0.060        13
   310.009    24.881     0.060        13
   311.255    25.059     0.060        13
   312.355    25.225     0.060        13
   313.755    25.424     0.060        13
   315.316    25.646     0.060        13
   316.877    25.864     0.060        13
   317.834    26.018     0.060        13
   318.793    26.165     0.060        13
   319.908    26.348     0.060        13
     0.000     0.000     0.000        -1
