   390.586    -1.000     0.000         0
   388.398     1.534     0.050         1
   388.559     1.473     0.050         1
   388.712     1.379     0.050         1
   388.873     1.297     0.050         1
   389.024     1.211     0.050         1
   389.185     1.158     0.050         1
   389.346     1.089     0.050         1
   389.510     1.016     0.050         1
   389.660     0.951     0.050         1
   389.821     0.914     0.050         1
   389.982     0.862     0.050         1
   390.136     0.833     0.050         1
   390.296     0.810     0.050         1
   390.445     0.806     0.050         1
   390.546     0.807     0.050         1
   389.510     1.353     0.050         2
   389.660     1.300     0.050         2
   389.821     1.271     0.050         2
   389.982     1.244     0.050         2
   390.136     1.216     0.050         2
   390.296     1.209     0.050         2
   390.445     1.193     0.050         2
   329.669    13.120     0.050         5
   329.820    13.090     0.050         5
   329.970    13.080     0.050         5
   330.124    13.083     0.050         5
   330.285    13.056     0.050         5
   330.435    13.036     0.050         5
   330.589    13.005     0.050         5
   330.750    13.005     0.050         5
   330.904    12.989     0.050         5
   331.054    12.958     0.050         5
   331.208    12.958     0.050         5
   331.372    12.930     0.050         5
   331.525    12.905     0.050         5
   331.676    12.895     0.050         5
   331.829    12.873     0.050         5
   331.993    12.860     0.050         5
   332.147    12.835     0.050         5
   332.297    12.816     0.050         5
   332.451    12.808     0.050         5
   332.604    12.776     0.050         5
   332.769    12.752     0.050         5
   332.922    12.736     0.050         5
   333.073    12.716     0.050         5
   333.226    12.688     0.050         5
   333.369    12.677     0.050         5
   333.522    12.652     0.050         5
   333.676    12.624     0.050         5
   333.826    12.626     0.050         5
   333.980    12.585     0.050         5
   334.134    12.561     0.050         5
   334.284    12.538     0.050         5
   334.437    12.517     0.050         5
   334.591    12.504     0.050         5
   334.741    12.486     0.050         5
   334.906    12.462     0.050         5
   335.059    12.452     0.050         5
   335.223    12.418     0.050         5
   335.374    12.394     0.050         5
   335.535    12.377     0.050         5
   335.688    12.371     0.050         5
   335.853    12.343     0.050         5
   336.003    12.320     0.050         5
   336.167    12.299     0.050         5
   336.328    12.273     0.050         5
   336.492    12.255     0.050         5
   336.646    12.231     0.050         5
   336.807    12.203     0.050         5
   336.971    12.205     0.050         5
   337.135    12.193     0.050         5
   337.289    12.157     0.050         5
   337.453    12.145     0.050         5
   337.607    12.117     0.050         5
   337.771    12.074     0.050         5
   337.932    12.042     0.050         5
   338.096    12.033     0.050         5
   338.246    12.005     0.050         5
   338.408    11.989     0.050         5
   338.558    11.961     0.050         5
   338.719    11.951     0.050         5
   338.880    11.922     0.050         5
   339.042    11.901     0.050         5
   339.203    11.873     0.050         5
   339.353    11.870     0.050         5
   339.514    11.822     0.050         5
   339.675    11.806     0.050         5
   339.834    11.786     0.050         5
   339.984    11.746     0.050         5
   340.145    11.713     0.050         5
   340.306    11.683     0.050         5
   340.454    11.672     0.050         5
   340.615    11.648     0.050         5
   340.773    11.613     0.050         5
   340.934    11.590     0.050         5
   341.092    11.566     0.050         5
   341.253    11.538     0.050         5
   341.404    11.509     0.050         5
   341.568    11.488     0.050         5
   341.719    11.455     0.050         5
   341.883    11.429     0.050         5
   342.047    11.394     0.050         5
   342.197    11.382     0.050         5
   342.361    11.358     0.050         5
   342.523    11.338     0.050         5
   342.687    11.318     0.050         5
   342.840    11.301     0.050         5
   343.001    11.274     0.050         5
   343.166    11.249     0.050         5
   343.330    11.243     0.050         5
   343.491    11.213     0.050         5
   343.655    11.191     0.050         5
   343.819    11.175     0.050         5
   343.980    11.148     0.050         5
   344.134    11.124     0.050         5
   344.295    11.112     0.050         5
   344.459    11.084     0.050         5
   344.613    11.076     0.050         5
   344.774    11.032     0.050         5
   344.927    11.012     0.050         5
   345.091    10.987     0.050         5
   345.252    10.969     0.050         5
   345.403    10.965     0.050         5
   345.564    10.925     0.050         5
   345.728    10.893     0.050         5
   345.879    10.885     0.050         5
   346.040    10.861     0.050         5
   346.204    10.846     0.050         5
   346.354    10.826     0.050         5
   346.516    10.802     0.050         5
   346.680    10.786     0.050         5
   346.841    10.766     0.050         5
   346.991    10.744     0.050         5
   347.155    10.727     0.050         5
   347.309    10.695     0.050         5
   347.470    10.658     0.050         5
   347.624    10.630     0.050         5
   347.788    10.611     0.050         5
   347.938    10.595     0.050         5
   348.092    10.591     0.050         5
   348.256    10.551     0.050         5
   348.409    10.535     0.050         5
   348.573    10.503     0.050         5
   348.727    10.487     0.050         5
   348.891    10.449     0.050         5
   349.045    10.430     0.050         5
   349.209    10.404     0.050         5
   349.359    10.367     0.050         5
   349.520    10.343     0.050         5
   349.681    10.336     0.050         5
   349.843    10.287     0.050         5
   350.004    10.254     0.050         5
   350.165    10.239     0.050         5
   350.323    10.203     0.050         5
   350.484    10.194     0.050         5
   350.645    10.186     0.050         5
   350.793    10.139     0.050         5
   350.954    10.111     0.050         5
   351.115    10.067     0.050         5
   351.273    10.050     0.050         5
   351.434     9.994     0.050         5
   351.585     9.966     0.050         5
   351.746     9.940     0.050         5
   351.907     9.922     0.050         5
   352.068     9.890     0.050         5
   352.229     9.854     0.050         5
   352.393     9.801     0.050         5
   352.554     9.769     0.050         5
   352.705     9.737     0.050         5
   352.866     9.711     0.050         5
   353.016     9.689     0.050         5
   353.178     9.649     0.050         5
   353.331     9.622     0.050         5
   353.492     9.603     0.050         5
   353.643     9.564     0.050         5
   353.807     9.536     0.050         5
   353.957     9.508     0.050         5
   354.111     9.462     0.050         5
   354.272     9.448     0.050         5
   354.425     9.416     0.050         5
   354.587     9.369     0.050         5
   354.740     9.343     0.050         5
   354.901     9.315     0.050         5
   355.055     9.291     0.050         5
   355.216     9.263     0.050         5
   355.369     9.239     0.050         5
   355.530     9.211     0.050         5
   355.684     9.187     0.050         5
   355.834     9.159     0.050         5
   355.999     9.135     0.050         5
   356.149     9.111     0.050         5
   356.313     9.091     0.050         5
   356.464     9.059     0.050         5
   356.625     9.027     0.050         5
   356.789     9.023     0.050         5
   356.939     9.001     0.050         5
   357.103     8.985     0.050         5
   357.265     8.952     0.050         5
   357.418     8.936     0.050         5
   357.579     8.933     0.050         5
   357.743     8.901     0.050         5
   357.897     8.885     0.050         5
   358.058     8.882     0.050         5
   358.211     8.864     0.050         5
   358.376     8.859     0.050         5
   358.537     8.839     0.050         5
   358.701     8.828     0.050         5
   358.862     8.812     0.050         5
   359.015     8.788     0.050         5
   359.180     8.801     0.050         5
   359.341     8.781     0.050         5
   359.505     8.761     0.050         5
   359.666     8.752     0.050         5
   359.819     8.747     0.050         5
   359.981     8.772     0.050         5
   360.131     8.790     0.050         5
   360.295     8.778     0.050         5
   360.446     8.771     0.050         5
   360.610     8.748     0.050         5
   360.771     8.743     0.050         5
   360.935     8.736     0.050         5
   361.096     8.731     0.050         5
   361.260     8.746     0.050         5
   361.421     8.755     0.050         5
   361.733     8.757     0.050         5
   361.894     8.758     0.050         5
   362.045     8.746     0.050         5
   362.209     8.731     0.050         5
   362.359     8.723     0.050         5
   362.520     8.715     0.050         5
   362.681     8.715     0.050         5
   362.843     8.698     0.050         5
   363.007     8.702     0.050         5
   363.168     8.665     0.050         5
   363.340     8.637     0.050         5
   363.501     8.623     0.050         5
   363.665     8.605     0.050         5
   363.826     8.579     0.050         5
   363.987     8.560     0.050         5
   364.148     8.530     0.050         5
   364.309     8.521     0.050         5
   364.470     8.504     0.050         5
   364.631     8.462     0.050         5
   364.796     8.418     0.050         5
   364.946     8.404     0.050         5
   365.110     8.365     0.050         5
   365.271     8.319     0.050         5
   365.425     8.318     0.050         5
   365.586     8.294     0.050         5
   374.290     6.093     0.050         7
   374.454     6.058     0.050         7
   374.615     6.027     0.050         7
   374.779     5.997     0.050         7
   374.943     5.958     0.050         7
   375.104     5.922     0.050         7
   375.269     5.869     0.050         7
   375.419     5.825     0.050         7
   375.583     5.783     0.050         7
   375.744     5.750     0.050         7
   375.908     5.707     0.050         7
   376.070     5.652     0.050         7
   376.220     5.608     0.050         7
   376.384     5.563     0.050         7
   376.545     5.523     0.050         7
   376.706     5.470     0.050         7
   376.870     5.430     0.050         7
   377.031     5.382     0.050         7
   377.193     5.335     0.050         7
   377.357     5.295     0.050         7
   377.518     5.275     0.050         7
   377.679     5.236     0.050         7
   377.843     5.184     0.050         7
   378.004     5.136     0.050         7
   378.168     5.082     0.050         7
   378.329     5.020     0.050         7
   378.501     4.964     0.050         7
   378.665     4.925     0.050         7
   378.826     4.875     0.050         7
   378.987     4.829     0.050         7
   379.141     4.783     0.050         7
   379.302     4.733     0.050         7
   379.466     4.679     0.050         7
   379.627     4.637     0.050         7
   379.791     4.584     0.050         7
   379.952     4.532     0.050         7
   380.106     4.484     0.050         7
   380.270     4.430     0.050         7
   380.431     4.377     0.050         7
   380.595     4.334     0.050         7
   380.746     4.301     0.050         7
   380.910     4.263     0.050         7
   381.074     4.225     0.050         7
   381.228     4.184     0.050         7
   381.389     4.152     0.050         7
   381.553     4.128     0.050         7
   381.703     4.104     0.050         7
   381.867     4.076     0.050         7
   382.021     4.048     0.050         7
   382.182     4.024     0.050         7
   382.343     4.003     0.050         7
   382.497     3.985     0.050         7
   382.658     3.990     0.050         7
   382.811     3.973     0.050         7
   245.825    26.415     0.050         8
   248.147    25.994     0.050         8
   249.085    25.791     0.050         8
   249.859    25.644     0.050         8
   251.256    25.359     0.050         8
   252.199    25.170     0.050         8
   252.681    25.057     0.050         8
   253.795    24.807     0.050         8
   254.878    24.557     0.050         8
   255.810    24.388     0.050         8
   257.208    24.087     0.050         8
   258.006    23.921     0.050         8
   259.592    23.624     0.050         8
   261.014    23.372     0.050         8
   262.138    23.184     0.050         8
   262.947    23.064     0.050         8
   264.892    22.773     0.050         8
   265.222    22.754     0.050         8
   267.346    22.431     0.050         8
   268.637    22.215     0.050         8
   269.750    21.982     0.050         8
   271.205    21.721     0.050         8
   271.998    21.556     0.050         8
   273.455    21.263     0.050         8
   274.261    21.081     0.050         8
   275.901    20.760     0.050         8
   277.206    20.540     0.050         8
   278.810    20.256     0.050         8
   280.577    19.931     0.050         8
   281.217    19.823     0.050         8
   282.497    19.578     0.050         8
   283.603    19.394     0.050         8
   284.891    19.178     0.050         8
   286.652    18.902     0.050         8
   287.464    18.766     0.050         8
   288.421    18.606     0.050         8
   288.904    18.526     0.050         8
   290.527    18.254     0.050         8
   291.505    18.107     0.050         8
   292.470    17.986     0.050         8
   293.100    17.892     0.050         8
   294.184    17.761     0.050         8
   294.964    17.679     0.050         8
   296.195    17.557     0.050         8
   297.432    17.448     0.050         8
   298.808    17.303     0.050         8
   299.115    17.317     0.050         8
   299.875    17.275     0.050         8
   300.633    17.204     0.050         8
   301.383    17.139     0.050         8
   302.333    17.049     0.050         8
   302.817    17.047     0.050         8
   303.749    16.957     0.050         8
   304.999    16.815     0.050         8
   306.095    16.694     0.050         8
   306.571    16.654     0.050         8
   307.512    16.555     0.050         8
   308.131    16.477     0.050         8
   309.075    16.359     0.050         8
   309.537    16.323     0.050         8
   310.945    16.203     0.050         8
   311.732    16.130     0.050         8
   366.540     8.235     0.050        10
   366.701     8.171     0.050        10
   366.866     8.144     0.050        10
   367.016     8.098     0.050        10
   367.177     8.066     0.050        10
   367.341     8.027     0.050        10
   367.492     7.980     0.050        10
   367.656     7.944     0.050        10
   367.817     7.901     0.050        10
   367.967     7.858     0.050        10
   368.132     7.818     0.050        10
   368.293     7.771     0.050        10
   368.446     7.732     0.050        10
   368.607     7.690     0.050        10
   368.761     7.638     0.050        10
   368.922     7.588     0.050        10
   369.072     7.544     0.050        10
   369.237     7.491     0.050        10
   369.387     7.432     0.050        10
   369.551     7.377     0.050        10
   369.712     7.318     0.050        10
   369.863     7.277     0.050        10
   370.024     7.202     0.050        10
   370.188     7.130     0.050        10
   370.338     7.085     0.050        10
   370.500     7.034     0.050        10
   370.661     6.978     0.050        10
   370.811     6.956     0.050        10
   370.972     6.908     0.050        10
   371.123     6.854     0.050        10
   371.284     6.790     0.050        10
   371.445     6.761     0.050        10
   371.595     6.697     0.050        10
   371.756     6.673     0.050        10
   371.907     6.623     0.050        10
   372.068     6.623     0.050        10
   372.218     6.525     0.050        10
   372.380     6.477     0.050        10
   372.530     6.435     0.050        10
   372.691     6.401     0.050        10
   372.852     6.363     0.050        10
   373.013     6.301     0.050        10
   373.174     6.275     0.050        10
   373.338     6.216     0.050        10
   373.489     6.168     0.050        10
   373.653     6.126     0.050        10
   373.814     6.108     0.050        10
   373.978     6.078     0.050        10
   374.139     6.045     0.050        10
   374.290     6.010     0.050        10
   374.454     5.970     0.050        10
   374.615     5.931     0.050        10
   374.779     5.895     0.050        10
   374.943     5.855     0.050        10
   375.104     5.815     0.050        10
   375.269     5.771     0.050        10
   375.419     5.728     0.050        10
   375.583     5.680     0.050        10
   375.744     5.622     0.050        10
   375.908     5.557     0.050        10
   376.070     5.521     0.050        10
   376.220     5.482     0.050        10
   376.384     5.434     0.050        10
   376.545     5.390     0.050        10
   376.706     5.335     0.050        10
   376.870     5.288     0.050        10
   377.031     5.241     0.050        10
   377.193     5.187     0.050        10
   377.357     5.148     0.050        10
   377.518     5.101     0.050        10
   377.679     4.987     0.050        10
   377.843     4.936     0.050        10
   378.004     4.893     0.050        10
   378.168     4.842     0.050        10
   378.329     4.800     0.050        10
   378.501     4.751     0.050        10
   378.665     4.708     0.050        10
   378.826     4.641     0.050        10
   378.987     4.590     0.050        10
   379.141     4.528     0.050        10
   379.302     4.473     0.050        10
   379.466     4.417     0.050        10
   379.627     4.351     0.050        10
   379.791     4.292     0.050        10
   379.952     4.229     0.050        10
   380.106     4.180     0.050        10
   380.270     4.133     0.050        10
   380.431     4.092     0.050        10
   380.595     4.035     0.050        10
   380.746     3.956     0.050        10
   380.910     3.911     0.050        10
   381.074     3.870     0.050        10
   381.228     3.825     0.050        10
   381.389     3.805     0.050        10
   381.553     3.752     0.050        10
   381.703     3.720     0.050        10
   381.867     3.675     0.050        10
   382.021     3.634     0.050        10
   382.182     3.557     0.050        10
   382.343     3.495     0.050        10
   382.497     3.443     0.050        10
   382.658     3.398     0.050        10
   382.811     3.343     0.050        10
   382.972     3.300     0.050        10
   383.126     3.253     0.050        10
   383.287     3.209     0.050        10
   383.437     3.155     0.050        10
   383.591     3.112     0.050        10
   383.752     3.069     0.050        10
   383.905     3.030     0.050        10
   384.066     3.003     0.050        10
   384.220     2.972     0.050        10
   384.370     2.922     0.050        10
   384.534     2.879     0.050        10
   384.685     2.848     0.050        10
   384.849     2.810     0.050        10
   385.003     2.775     0.050        10
   385.317     2.644     0.050        10
   385.468     2.549     0.050        10
   385.782     2.468     0.050        10
   386.097     2.374     0.050        10
   386.097     3.702     0.050        11
   386.247     3.625     0.050        11
   386.398     3.538     0.050        11
   386.559     3.470     0.050        11
   386.712     3.372     0.050        11
   386.863     3.310     0.050        11
   387.013     3.256     0.050        11
   387.164     3.194     0.050        11
   387.328     3.133     0.050        11
   387.478     3.071     0.050        11
   387.632     3.020     0.050        11
   387.782     2.954     0.050        11
   387.943     2.914     0.050        11
   388.097     2.858     0.050        11
   388.247     2.807     0.050        11
   388.398     2.753     0.050        11
   388.559     2.688     0.050        11
   388.712     2.638     0.050        11
   388.873     2.597     0.050        11
   389.024     2.564     0.050        11
   389.185     2.531     0.050        11
   389.346     2.495     0.050        11
   389.510     2.456     0.050        11
   389.660     2.429     0.050        11
   389.821     2.412     0.050        11
   389.982     2.408     0.050        11
   390.136     2.407     0.050        11
   390.296     2.410     0.050        11
   390.445     2.411     0.050        11
   390.546     2.388     0.050        11
   387.478     3.350     0.050        22
   387.632     3.300     0.050        22
   387.782     3.238     0.050        22
   387.943     3.187     0.050        22
   388.097     3.157     0.050        22
   388.247     3.117     0.050        22
   388.398     3.072     0.050        22
   388.559     3.031     0.050        22
   388.712     3.005     0.050        22
   388.873     2.967     0.050        22
   389.024     2.941     0.050        22
   389.185     2.911     0.050        22
   389.346     2.892     0.050        22
   389.510     2.872     0.050        22
   389.660     2.851     0.050        22
   389.821     2.835     0.050        22
   389.982     2.824     0.050        22
   390.136     2.825     0.050        22
   390.296     2.819     0.050        22
   390.445     2.815     0.050        22
   390.546     2.820     0.050        22
   388.559     3.225     0.050        23
   388.873     3.196     0.050        23
   389.024     3.213     0.050        23
   389.346     3.212     0.050        23
   389.660     3.218     0.050        23
   389.982     3.262     0.050        23
   390.296     3.306     0.050        23
   390.445     3.334     0.050        23
   390.546     3.325     0.050        23
   382.972     3.842     0.050        30
   383.126     3.774     0.050        30
   383.287     3.724     0.050        30
   383.437     3.663     0.050        30
   383.591     3.600     0.050        30
   383.752     3.545     0.050        30
   383.905     3.467     0.050        30
   384.066     3.391     0.050        30
   384.220     3.320     0.050        30
   384.370     3.245     0.050        30
   384.534     3.161     0.050        30
   384.685     3.098     0.050        30
   384.849     3.027     0.050        30
   385.003     2.924     0.050        30
   385.164     2.876     0.050        30
   385.317     2.825     0.050        30
   385.468     2.766     0.050        30
   385.629     2.693     0.050        30
   385.782     2.639     0.050        30
   385.943     2.592     0.050        30
   386.097     2.526     0.050        30
   386.247     2.452     0.050        30
   386.398     2.431     0.050        30
   386.559     2.359     0.050        30
   386.712     2.249     0.050        30
   390.586     1.000     0.000         0
   390.762     0.831     0.050         1
   390.924     0.863     0.050         1
   391.074     0.899     0.050         1
   391.235     0.948     0.050         1
   391.385     0.987     0.050         1
   391.546     1.049     0.050         1
   391.699     1.113     0.050         1
   391.861     1.180     0.050         1
   392.011     1.248     0.050         1
   392.172     1.317     0.050         1
   392.333     1.412     0.050         1
   392.497     1.497     0.050         1
   390.762     1.226     0.050         2
   390.924     1.242     0.050         2
   391.074     1.292     0.050         2
   391.235     1.343     0.050         2
   391.385     1.388     0.050         2
   391.546     1.418     0.050         2
   405.681     5.939     0.050         5
   406.003     6.011     0.050         5
   406.165     6.047     0.050         5
   406.326     6.088     0.050         5
   406.651     6.161     0.050         5
   406.973     6.211     0.050         5
   407.137     6.226     0.050         5
   407.470     6.286     0.050         5
   400.870     4.862     0.050         7
   401.034     4.879     0.050         7
   401.199     4.890     0.050         7
   401.360     4.918     0.050         7
   401.513     4.946     0.050         7
   401.677     4.980     0.050         7
   401.838     5.011     0.050         7
   401.992     5.046     0.050         7
   402.156     5.080     0.050         7
   402.317     5.115     0.050         7
   402.481     5.138     0.050         7
   402.645     5.193     0.050         7
   402.795     5.220     0.050         7
   402.959     5.262     0.050         7
   403.121     5.300     0.050         7
   403.274     5.330     0.050         7
   403.435     5.365     0.050         7
   403.599     5.406     0.050         7
   403.750     5.456     0.050         7
   403.911     5.484     0.050         7
   404.072     5.526     0.050         7
   404.236     5.573     0.050         7
   404.386     5.617     0.050         7
   404.548     5.658     0.050         7
   404.712     5.674     0.050         7
   404.873     5.750     0.050         7
   405.034     5.798     0.050         7
   405.195     5.865     0.050         7
   394.262     2.411     0.050        10
   394.426     2.484     0.050        10
   394.587     2.541     0.050        10
   394.749     2.598     0.050        10
   394.910     2.660     0.050        10
   395.071     2.725     0.050        10
   395.232     2.795     0.050        10
   395.393     2.852     0.050        10
   395.557     2.921     0.050        10
   395.718     2.991     0.050        10
   395.879     3.056     0.050        10
   396.041     3.109     0.050        10
   396.202     3.156     0.050        10
   396.366     3.202     0.050        10
   396.527     3.237     0.050        10
   396.688     3.287     0.050        10
   396.849     3.333     0.050        10
   397.010     3.371     0.050        10
   397.174     3.411     0.050        10
   397.336     3.460     0.050        10
   397.486     3.487     0.050        10
   397.647     3.527     0.050        10
   397.811     3.564     0.050        10
   397.962     3.597     0.050        10
   398.123     3.598     0.050        10
   398.287     3.636     0.050        10
   398.448     3.661     0.050        10
   398.601     3.690     0.050        10
   398.765     3.731     0.050        10
   398.929     3.753     0.050        10
   399.090     3.779     0.050        10
   399.254     3.821     0.050        10
   399.408     3.862     0.050        10
   399.572     3.884     0.050        10
   399.736     3.918     0.050        10
   399.900     3.972     0.050        10
   400.064     4.029     0.050        10
   400.228     4.087     0.050        10
   400.392     4.133     0.050        10
   400.545     4.179     0.050        10
   400.709     4.230     0.050        10
   400.870     4.285     0.050        10
   401.034     4.344     0.050        10
   401.199     4.387     0.050        10
   401.360     4.430     0.050        10
   401.513     4.490     0.050        10
   401.677     4.545     0.050        10
   401.838     4.594     0.050        10
   401.992     4.655     0.050        10
   402.156     4.713     0.050        10
   402.317     4.742     0.050        10
   402.481     4.794     0.050        10
   402.645     4.846     0.050        10
   402.795     4.884     0.050        10
   402.959     4.927     0.050        10
   403.121     4.979     0.050        10
   403.274     5.017     0.050        10
   403.435     5.062     0.050        10
   403.599     5.107     0.050        10
   403.750     5.182     0.050        10
   403.911     5.250     0.050        10
   404.072     5.252     0.050        10
   404.236     5.321     0.050        10
   404.386     5.369     0.050        10
   404.548     5.442     0.050        10
   404.712     5.501     0.050        10
   404.873     5.571     0.050        10
   405.034     5.625     0.050        10
   405.195     5.675     0.050        10
   405.359     5.738     0.050        10
   405.520     5.808     0.050        10
   390.762     2.394     0.050        11
   390.924     2.408     0.050        11
   391.074     2.435     0.050        11
   391.235     2.474     0.050        11
   391.385     2.511     0.050        11
   391.546     2.552     0.050        11
   391.699     2.596     0.050        11
   391.861     2.649     0.050        11
   392.011     2.700     0.050        11
   392.172     2.779     0.050        11
   392.333     2.854     0.050        11
   392.497     2.924     0.050        11
   392.659     3.010     0.050        11
   392.809     3.068     0.050        11
   390.762     2.827     0.050        22
   390.924     2.845     0.050        22
   391.074     2.868     0.050        22
   391.235     2.882     0.050        22
   391.385     2.892     0.050        22
   391.546     2.924     0.050        22
   391.699     2.959     0.050        22
   391.861     3.007     0.050        22
   390.924     3.403     0.050        23
   391.385     3.479     0.050        23
   391.699     3.553     0.050        23
     0.000     0.000     0.000        -1
