   336.632    -1.000     0.000         0
   332.920     2.764     0.060         1
   333.071     2.693     0.060         1
   333.224     2.626     0.060         1
   333.367     2.553     0.060         1
   333.521     2.476     0.060         1
   333.675     2.369     0.060         1
   333.825     2.302     0.060         1
   333.979     2.235     0.060         1
   334.133     2.156     0.060         1
   334.283     2.067     0.060         1
   334.437     1.993     0.060         1
   334.590     1.925     0.060         1
   334.741     1.862     0.060         1
   334.905     1.795     0.060         1
   335.059     1.750     0.060         1
   335.223     1.703     0.060         1
   335.373     1.662     0.060         1
   335.534     1.624     0.060         1
   335.688     1.593     0.060         1
   335.852     1.562     0.060         1
   336.002     1.530     0.060         1
   336.167     1.502     0.060         1
   336.327     1.486     0.060         1
   336.491     1.488     0.060         1
   336.618     1.491     0.060         1
   335.223     2.126     0.060         2
   335.373     2.076     0.060         2
   335.534     2.019     0.060         2
   335.688     1.986     0.060         2
   335.852     1.962     0.060         2
   336.002     1.949     0.060         2
   336.167     1.955     0.060         2
   336.327     1.957     0.060         2
   336.491     1.961     0.060         2
   336.618     1.965     0.060         2
   334.590     2.347     0.060         3
   334.741     2.349     0.060         3
   334.905     2.299     0.060         3
   335.059     2.269     0.060         3
   335.223     2.227     0.060         3
   335.373     2.202     0.060         3
   335.534     2.192     0.060         3
   335.688     2.163     0.060         3
   335.852     2.163     0.060         3
   336.002     2.159     0.060         3
   336.167     2.155     0.060         3
   336.327     2.144     0.060         3
   336.491     2.144     0.060         3
   336.618     2.138     0.060         3
   255.660    15.850     0.060         5
   256.434    15.663     0.060         5
   257.208    15.489     0.060         5
   258.168    15.278     0.060         5
   258.802    15.142     0.060         5
   259.592    14.974     0.060         5
   260.552    14.764     0.060         5
   261.178    14.677     0.060         5
   262.786    14.380     0.060         5
   263.111    14.324     0.060         5
   263.434    14.272     0.060         5
   263.745    14.220     0.060         5
   264.243    14.129     0.060         5
   264.562    14.084     0.060         5
   265.053    13.987     0.060         5
   265.552    13.894     0.060         5
   265.882    13.838     0.060         5
   266.205    13.801     0.060         5
   266.699    13.715     0.060         5
   266.863    13.687     0.060         5
   267.185    13.635     0.060         5
   267.511    13.552     0.060         5
   267.833    13.482     0.060         5
   268.637    13.300     0.060         5
   269.119    13.187     0.060         5
   269.429    13.122     0.060         5
   269.750    13.064     0.060         5
   270.074    13.034     0.060         5
   270.712    12.845     0.060         5
   271.205    12.755     0.060         5
   271.355    12.718     0.060         5
   271.837    12.651     0.060         5
   272.488    12.497     0.060         5
   272.810    12.448     0.060         5
   273.133    12.383     0.060         5
   273.294    12.335     0.060         5
   273.455    12.294     0.060         5
   274.100    12.197     0.060         5
   274.422    12.108     0.060         5
   274.748    12.052     0.060         5
   275.073    11.987     0.060         5
   275.412    11.925     0.060         5
   275.737    11.867     0.060         5
   276.227    11.737     0.060         5
   276.399    11.715     0.060         5
   276.729    11.672     0.060         5
   277.048    11.607     0.060         5
   277.206    11.565     0.060         5
   277.529    11.514     0.060         5
   277.841    11.443     0.060         5
   278.002    11.415     0.060         5
   278.488    11.335     0.060         5
   278.811    11.256     0.060         5
   278.975    11.199     0.060         5
   279.448    11.129     0.060         5
   279.934    11.026     0.060         5
   280.263    10.958     0.060         5
   280.577    10.896     0.060         5
   280.892    10.844     0.060         5
   281.217    10.781     0.060         5
   281.382    10.740     0.060         5
   281.857    10.660     0.060         5
   282.172    10.597     0.060         5
   282.498    10.524     0.060         5
   282.648    10.496     0.060         5
   283.127    10.412     0.060         5
   283.452    10.351     0.060         5
   283.764    10.292     0.060         5
   284.089    10.227     0.060         5
   284.565    10.111     0.060         5
   284.729    10.080     0.060         5
   285.044    10.009     0.060         5
   285.369     9.953     0.060         5
   285.684     9.881     0.060         5
   286.013     9.825     0.060         5
   286.488     9.753     0.060         5
   286.814     9.680     0.060         5
   287.139     9.624     0.060         5
   287.303     9.617     0.060         5
   287.626     9.544     0.060         5
   287.790     9.503     0.060         5
   288.263     9.423     0.060         5
   288.421     9.399     0.060         5
   288.743     9.343     0.060         5
   288.904     9.332     0.060         5
   289.227     9.263     0.060         5
   289.388     9.235     0.060         5
   289.557     9.207     0.060         5
   289.879     9.162     0.060         5
   290.040     9.163     0.060         5
   290.366     9.121     0.060         5
   290.688     9.078     0.060         5
   291.182     8.998     0.060         5
   291.505     8.942     0.060         5
   291.669     8.907     0.060         5
   291.994     8.862     0.060         5
   292.624     8.777     0.060         5
   292.949     8.754     0.060         5
   293.253     8.708     0.060         5
   293.568     8.689     0.060         5
   293.718     8.684     0.060         5
   294.183     8.634     0.060         5
   294.498     8.602     0.060         5
   294.813     8.572     0.060         5
   295.114     8.537     0.060         5
   295.732     8.452     0.060         5
   295.883     8.448     0.060         5
   296.044     8.426     0.060         5
   296.348     8.387     0.060         5
   296.499     8.376     0.060         5
   296.663     8.347     0.060         5
   296.813     8.337     0.060         5
   296.964     8.333     0.060         5
   297.117     8.320     0.060         5
   297.279     8.307     0.060         5
   297.432     8.285     0.060         5
   297.583     8.268     0.060         5
   297.736     8.270     0.060         5
   297.890     8.245     0.060         5
   298.040     8.231     0.060         5
   298.194     8.216     0.060         5
   298.358     8.206     0.060         5
   298.501     8.182     0.060         5
   298.654     8.166     0.060         5
   298.808     8.143     0.060         5
   298.961     8.124     0.060         5
   299.115     8.096     0.060         5
   299.268     8.088     0.060         5
   299.421     8.051     0.060         5
   299.575     8.029     0.060         5
   299.728     8.003     0.060         5
   299.874     7.979     0.060         5
   300.025     7.979     0.060         5
   300.178     7.927     0.060         5
   300.332     7.881     0.060         5
   300.482     7.875     0.060         5
   300.633     7.847     0.060         5
   300.783     7.846     0.060         5
   300.934     7.831     0.060         5
   301.084     7.831     0.060         5
   301.232     7.803     0.060         5
   301.382     7.805     0.060         5
   301.543     7.790     0.060         5
   301.702     7.768     0.060         5
   301.863     7.756     0.060         5
   302.021     7.728     0.060         5
   302.172     7.735     0.060         5
   302.333     7.697     0.060         5
   302.494     7.683     0.060         5
   302.655     7.665     0.060         5
   302.816     7.649     0.060         5
   302.967     7.636     0.060         5
   303.128     7.616     0.060         5
   303.286     7.609     0.060         5
   303.437     7.584     0.060         5
   303.598     7.563     0.060         5
   303.749     7.531     0.060         5
   303.910     7.527     0.060         5
   304.060     7.510     0.060         5
   304.221     7.460     0.060         5
   304.372     7.461     0.060         5
   304.533     7.428     0.060         5
   304.684     7.422     0.060         5
   304.845     7.417     0.060         5
   304.998     7.395     0.060         5
   305.159     7.390     0.060         5
   305.321     7.345     0.060         5
   305.471     7.316     0.060         5
   305.632     7.291     0.060         5
   305.783     7.291     0.060         5
   305.944     7.250     0.060         5
   306.095     7.225     0.060         5
   306.259     7.195     0.060         5
   306.420     7.173     0.060         5
   306.570     7.174     0.060         5
   306.732     7.115     0.060         5
   306.885     7.091     0.060         5
   307.046     7.063     0.060         5
   307.197     7.048     0.060         5
   307.350     7.023     0.060         5
   307.511     7.002     0.060         5
   307.662     6.972     0.060         5
   307.815     6.953     0.060         5
   307.977     6.946     0.060         5
   308.130     6.933     0.060         5
   308.291     6.916     0.060         5
   308.445     6.894     0.060         5
   308.598     6.868     0.060         5
   308.759     6.852     0.060         5
   308.913     6.838     0.060         5
   309.074     6.811     0.060         5
   309.225     6.779     0.060         5
   309.386     6.759     0.060         5
   309.536     6.727     0.060         5
   309.697     6.707     0.060         5
   309.848     6.718     0.060         5
   310.009     6.677     0.060         5
   310.160     6.643     0.060         5
   310.321     6.642     0.060         5
   310.482     6.613     0.060         5
   310.632     6.600     0.060         5
   310.794     6.587     0.060         5
   310.944     6.553     0.060         5
   311.105     6.551     0.060         5
   311.256     6.512     0.060         5
   311.417     6.500     0.060         5
   311.568     6.476     0.060         5
   311.732     6.435     0.060         5
   311.882     6.418     0.060         5
   312.043     6.406     0.060         5
   312.205     6.386     0.060         5
   312.355     6.354     0.060         5
   312.506     6.328     0.060         5
   312.667     6.303     0.060         5
   312.817     6.274     0.060         5
   312.978     6.271     0.060         5
   313.132     6.255     0.060         5
   313.293     6.239     0.060         5
   313.444     6.218     0.060         5
   313.605     6.199     0.060         5
   313.755     6.183     0.060         5
   313.906     6.158     0.060         5
   314.070     6.125     0.060         5
   314.220     6.128     0.060         5
   314.382     6.088     0.060         5
   314.532     6.060     0.060         5
   314.693     6.040     0.060         5
   314.844     6.008     0.060         5
   315.005     5.971     0.060         5
   315.155     5.938     0.060         5
   315.317     5.901     0.060         5
   315.467     5.866     0.060         5
   315.628     5.838     0.060         5
   315.779     5.817     0.060         5
   315.929     5.792     0.060         5
   316.090     5.767     0.060         5
   316.241     5.754     0.060         5
   316.405     5.737     0.060         5
   316.556     5.707     0.060         5
   316.717     5.677     0.060         5
   316.878     5.652     0.060         5
   317.039     5.632     0.060         5
   317.200     5.616     0.060         5
   317.351     5.589     0.060         5
   317.512     5.558     0.060         5
   317.673     5.539     0.060         5
   317.834     5.524     0.060         5
   317.995     5.489     0.060         5
   318.160     5.464     0.060         5
   318.321     5.439     0.060         5
   318.482     5.417     0.060         5
   318.632     5.392     0.060         5
   318.794     5.371     0.060         5
   318.955     5.345     0.060         5
   319.116     5.324     0.060         5
   319.277     5.295     0.060         5
   319.427     5.268     0.060         5
   319.589     5.254     0.060         5
   319.747     5.240     0.060         5
   319.908     5.222     0.060         5
   320.058     5.199     0.060         5
   320.220     5.173     0.060         5
   320.370     5.135     0.060         5
   320.524     5.114     0.060         5
   320.685     5.086     0.060         5
   320.835     5.061     0.060         5
   320.989     5.032     0.060         5
   321.139     5.014     0.060         5
   321.300     4.993     0.060         5
   321.451     4.981     0.060         5
   321.604     4.945     0.060         5
   321.755     4.921     0.060         5
   321.905     4.902     0.060         5
   322.056     4.885     0.060         5
   322.206     4.855     0.060         5
   322.371     4.821     0.060         5
   322.521     4.798     0.060         5
   322.672     4.779     0.060         5
   322.836     4.765     0.060         5
   322.986     4.722     0.060         5
   323.150     4.694     0.060         5
   323.301     4.661     0.060         5
   323.451     4.620     0.060         5
   323.605     4.600     0.060         5
   323.755     4.573     0.060         5
   323.906     4.538     0.060         5
   324.056     4.515     0.060         5
   324.210     4.486     0.060         5
   324.360     4.460     0.060         5
   324.511     4.423     0.060         5
   324.672     4.395     0.060         5
   324.826     4.365     0.060         5
   324.976     4.338     0.060         5
   325.126     4.318     0.060         5
   325.288     4.254     0.060         5
   325.449     4.225     0.060         5
   325.599     4.200     0.060         5
   325.760     4.172     0.060         5
   325.922     4.138     0.060         5
   326.072     4.109     0.060         5
   326.233     4.081     0.060         5
   326.384     4.057     0.060         5
   326.545     4.031     0.060         5
   326.692     4.005     0.060         5
   326.853     3.983     0.060         5
   327.004     3.969     0.060         5
   327.165     3.919     0.060         5
   327.326     3.874     0.060         5
   327.477     3.846     0.060         5
   327.638     3.800     0.060         5
   327.799     3.786     0.060         5
   327.946     3.748     0.060         5
   328.107     3.732     0.060         5
   328.265     3.696     0.060         5
   328.423     3.661     0.060         5
   328.584     3.626     0.060         5
   328.731     3.611     0.060         5
   328.889     3.579     0.060         5
   329.047     3.548     0.060         5
   329.194     3.519     0.060         5
   329.355     3.491     0.060         5
   329.502     3.467     0.060         5
   329.666     3.439     0.060         5
   329.817     3.417     0.060         5
   329.967     3.391     0.060         5
   330.121     3.356     0.060         5
   330.282     3.333     0.060         5
   330.432     3.311     0.060         5
   330.586     3.287     0.060         5
   330.747     3.260     0.060         5
   330.900     3.245     0.060         5
   331.051     3.224     0.060         5
   331.205     3.191     0.060         5
   331.369     3.165     0.060         5
   231.283    20.193     0.060         8
   232.558    19.977     0.060         8
   233.552    19.813     0.060         8
   234.529    19.661     0.060         8
   235.379    19.534     0.060         8
   236.382    19.366     0.060         8
   237.251    19.246     0.060         8
   238.122    19.102     0.060         8
   239.190    18.922     0.060         8
   239.343    18.874     0.060         8
   240.295    18.750     0.060         8
   241.354    18.562     0.060         8
   242.120    18.458     0.060         8
   243.570    18.206     0.060         8
   244.622    18.030     0.060         8
   246.430    17.702     0.060         8
   247.671    17.461     0.060         8
   249.085    17.189     0.060         8
   250.163    16.978     0.060         8
   250.471    16.920     0.060         8
   250.785    16.852     0.060         8
   251.103    16.809     0.060         8
   251.410    16.751     0.060         8
   251.728    16.686     0.060         8
   251.881    16.658     0.060         8
   252.199    16.606     0.060         8
   252.527    16.550     0.060         8
   252.681    16.486     0.060         8
   252.845    16.485     0.060         8
   253.174    16.383     0.060         8
   253.481    16.329     0.060         8
   253.946    16.268     0.060         8
   254.416    16.179     0.060         8
   254.878    16.099     0.060         8
   255.187    16.032     0.060         8
   255.348    16.001     0.060         8
   255.660    15.952     0.060         8
   255.810    15.902     0.060         8
   256.122    15.843     0.060         8
   256.273    15.809     0.060         8
   256.434    15.772     0.060         8
   256.735    15.726     0.060         8
   257.208    15.640     0.060         8
   257.369    15.622     0.060         8
   257.520    15.579     0.060         8
   257.842    15.523     0.060         8
   258.006    15.482     0.060         8
   258.168    15.441     0.060         8
   258.479    15.376     0.060         8
   258.641    15.345     0.060         8
   258.966    15.296     0.060         8
   259.116    15.241     0.060         8
   259.278    15.237     0.060         8
   259.439    15.209     0.060         8
   259.754    15.138     0.060         8
   259.915    15.120     0.060         8
   260.068    15.092     0.060         8
   260.552    15.006     0.060         8
   260.864    14.954     0.060         8
   261.340    14.900     0.060         8
   261.651    14.858     0.060         8
   261.977    14.802     0.060         8
   262.138    14.800     0.060         8
   262.299    14.772     0.060         8
   262.625    14.720     0.060         8
   262.947    14.658     0.060         8
   263.111    14.656     0.060         8
   263.434    14.604     0.060         8
   263.745    14.571     0.060         8
   264.243    14.507     0.060         8
   264.734    14.445     0.060         8
   264.892    14.425     0.060         8
   265.383    14.351     0.060         8
   265.552    14.330     0.060         8
   265.882    14.287     0.060         8
   266.205    14.214     0.060         8
   266.376    14.209     0.060         8
   266.699    14.157     0.060         8
   267.024    14.114     0.060         8
   267.185    14.103     0.060         8
   267.511    14.054     0.060         8
   267.833    13.971     0.060         8
   268.320    13.898     0.060         8
   268.637    13.827     0.060         8
   268.955    13.768     0.060         8
   269.276    13.716     0.060         8
   269.750    13.626     0.060         8
   270.074    13.561     0.060         8
   270.394    13.496     0.060         8
   270.876    13.390     0.060         8
   271.519    13.280     0.060         8
   271.998    13.189     0.060         8
   272.162    13.154     0.060         8
   272.649    13.061     0.060         8
   272.971    12.990     0.060         8
   273.294    12.918     0.060         8
   273.777    12.795     0.060         8
   274.261    12.696     0.060         8
   274.748    12.579     0.060         8
   275.073    12.523     0.060         8
   275.573    12.417     0.060         8
   275.902    12.359     0.060         8
   276.399    12.262     0.060         8
   276.729    12.219     0.060         8
   277.048    12.179     0.060         8
   277.529    12.093     0.060         8
   277.679    12.059     0.060         8
   278.163    11.991     0.060         8
   278.488    11.927     0.060         8
   278.649    11.899     0.060         8
   278.975    11.855     0.060         8
   279.287    11.791     0.060         8
   279.612    11.745     0.060         8
   279.773    11.724     0.060         8
   280.098    11.679     0.060         8
   280.577    11.585     0.060         8
   280.892    11.533     0.060         8
   281.217    11.477     0.060         8
   281.543    11.452     0.060         8
   281.696    11.423     0.060         8
   281.857    11.395     0.060         8
   282.333    11.309     0.060         8
   282.648    11.257     0.060         8
   282.973    11.232     0.060         8
   283.452    11.151     0.060         8
   283.928    11.077     0.060         8
   284.729    10.945     0.060         8
   285.044    10.893     0.060         8
   285.684    10.785     0.060         8
   285.848    10.764     0.060         8
   291.505    10.074     0.060         8
   292.309     9.985     0.060         8
   293.099     9.919     0.060         8
   293.718     9.912     0.060         8
   294.498     9.845     0.060         8
   294.963     9.801     0.060         8
   295.278     9.784     0.060         8
   295.883     9.763     0.060         8
   296.348     9.762     0.060         8
   296.964     9.724     0.060         8
   297.583     9.697     0.060         8
   298.654     9.640     0.060         8
   299.575     9.584     0.060         8
   300.332     9.511     0.060         8
   301.232     9.455     0.060         8
   302.021     9.355     0.060         8
   229.318    20.138     0.060        13
   229.746    20.113     0.060        13
   230.576    20.000     0.060        13
   231.283    19.879     0.060        13
   232.558    19.696     0.060        13
   233.125    19.595     0.060        13
   233.692    19.514     0.060        13
   234.252    19.431     0.060        13
   234.948    19.350     0.060        13
   235.379    19.267     0.060        13
   236.239    19.172     0.060        13
   237.100    18.988     0.060        13
   238.574    18.753     0.060        13
   239.505    18.604     0.060        13
   240.443    18.451     0.060        13
   241.669    18.252     0.060        13
   242.414    18.119     0.060        13
   243.132    18.008     0.060        13
   244.163    17.852     0.060        13
   245.240    17.678     0.060        13
   245.825    17.588     0.060        13
   246.430    17.479     0.060        13
   246.888    17.386     0.060        13
   247.521    17.268     0.060        13
   329.666     3.757     0.060        30
   329.817     3.724     0.060        30
   329.967     3.682     0.060        30
   330.121     3.637     0.060        30
   330.282     3.587     0.060        30
   330.432     3.540     0.060        30
   330.586     3.488     0.060        30
   330.747     3.448     0.060        30
   330.900     3.409     0.060        30
   331.051     3.371     0.060        30
   331.205     3.328     0.060        30
   331.369     3.273     0.060        30
   331.523     3.222     0.060        30
   331.673     3.183     0.060        30
   331.827     3.131     0.060        30
   331.991     3.090     0.060        30
   332.145     3.054     0.060        30
   336.632     1.000     0.000         0
   336.806     1.506     0.060         1
   336.970     1.527     0.060         1
   337.134     1.552     0.060         1
   337.288     1.582     0.060         1
   337.452     1.621     0.060         1
   337.606     1.668     0.060         1
   337.770     1.717     0.060         1
   337.931     1.769     0.060         1
   338.095     1.830     0.060         1
   338.245     1.883     0.060         1
   338.407     1.942     0.060         1
   338.557     2.013     0.060         1
   338.718     2.093     0.060         1
   338.879     2.162     0.060         1
   339.040     2.231     0.060         1
   339.201     2.308     0.060         1
   339.352     2.393     0.060         1
   339.513     2.479     0.060         1
   336.806     1.973     0.060         2
   336.970     2.005     0.060         2
   337.134     2.021     0.060         2
   337.288     2.053     0.060         2
   337.452     2.090     0.060         2
   337.606     2.129     0.060         2
   337.770     2.169     0.060         2
   336.806     2.140     0.060         3
   336.970     2.150     0.060         3
   337.134     2.171     0.060         3
   337.288     2.203     0.060         3
   337.452     2.223     0.060         3
   337.606     2.260     0.060         3
   337.770     2.285     0.060         3
   343.490     3.646     0.060         5
   343.654     3.689     0.060         5
   343.818     3.707     0.060         5
   343.979     3.752     0.060         5
   344.133     3.800     0.060         5
   344.294     3.841     0.060         5
   344.458     3.890     0.060         5
   344.611     3.932     0.060         5
   344.773     3.967     0.060         5
   344.926     4.005     0.060         5
   345.090     4.036     0.060         5
   345.251     4.067     0.060         5
   345.402     4.093     0.060         5
   345.563     4.133     0.060         5
   345.727     4.158     0.060         5
   345.877     4.202     0.060         5
   346.039     4.251     0.060         5
   346.203     4.296     0.060         5
   346.353     4.337     0.060         5
   346.514     4.373     0.060         5
   346.679     4.401     0.060         5
   346.840     4.430     0.060         5
   346.990     4.457     0.060         5
   347.154     4.486     0.060         5
   347.308     4.518     0.060         5
   347.469     4.551     0.060         5
   347.622     4.583     0.060         5
   347.787     4.607     0.060         5
   347.937     4.631     0.060         5
   348.090     4.662     0.060         5
   348.255     4.685     0.060         5
   348.408     4.708     0.060         5
   348.572     4.734     0.060         5
   348.726     4.759     0.060         5
   348.890     4.796     0.060         5
   349.043     4.825     0.060         5
   349.208     4.856     0.060         5
   349.358     4.898     0.060         5
   349.519     4.928     0.060         5
   349.680     4.963     0.060         5
   349.841     4.994     0.060         5
   350.003     5.029     0.060         5
   350.164     5.056     0.060         5
   350.322     5.083     0.060         5
   350.483     5.110     0.060         5
   350.644     5.149     0.060         5
   350.791     5.197     0.060         5
   350.953     5.230     0.060         5
   351.114     5.270     0.060         5
   351.272     5.295     0.060         5
   351.433     5.338     0.060         5
   351.584     5.343     0.060         5
   351.745     5.371     0.060         5
   351.906     5.422     0.060         5
   352.067     5.448     0.060         5
   352.228     5.469     0.060         5
   352.392     5.505     0.060         5
   352.553     5.533     0.060         5
   352.704     5.564     0.060         5
   352.865     5.599     0.060         5
   353.016     5.622     0.060         5
   353.177     5.669     0.060         5
   353.330     5.691     0.060         5
   353.491     5.732     0.060         5
   353.642     5.752     0.060         5
   353.806     5.784     0.060         5
   353.956     5.816     0.060         5
   354.110     5.832     0.060         5
   354.271     5.873     0.060         5
   354.424     5.914     0.060         5
   354.586     5.946     0.060         5
   354.739     5.970     0.060         5
   354.900     5.986     0.060         5
   355.054     6.018     0.060         5
   355.215     6.030     0.060         5
   355.368     6.060     0.060         5
   355.529     6.091     0.060         5
   355.683     6.136     0.060         5
   355.833     6.143     0.060         5
   355.997     6.171     0.060         5
   356.148     6.194     0.060         5
   356.312     6.259     0.060         5
   356.462     6.294     0.060         5
   356.624     6.322     0.060         5
   356.788     6.354     0.060         5
   356.938     6.378     0.060         5
   357.102     6.411     0.060         5
   357.263     6.447     0.060         5
   357.417     6.479     0.060         5
   357.578     6.516     0.060         5
   357.742     6.545     0.060         5
   357.896     6.581     0.060         5
   358.057     6.617     0.060         5
   358.210     6.653     0.060         5
   358.374     6.690     0.060         5
   358.535     6.727     0.060         5
   358.700     6.755     0.060         5
   358.861     6.791     0.060         5
   359.014     6.834     0.060         5
   359.178     6.865     0.060         5
   359.339     6.904     0.060         5
   359.504     6.950     0.060         5
   359.665     6.986     0.060         5
   359.818     7.019     0.060         5
   359.979     7.057     0.060         5
   360.130     7.090     0.060         5
   360.294     7.132     0.060         5
   360.444     7.169     0.060         5
   360.609     7.199     0.060         5
   360.770     7.241     0.060         5
   360.934     7.276     0.060         5
   361.095     7.306     0.060         5
   361.259     7.340     0.060         5
   361.420     7.370     0.060         5
   361.581     7.412     0.060         5
   361.732     7.450     0.060         5
   361.893     7.486     0.060         5
   362.043     7.520     0.060         5
   362.207     7.552     0.060         5
   362.358     7.582     0.060         5
   362.519     7.626     0.060         5
   362.680     7.662     0.060         5
   362.841     7.697     0.060         5
   363.005     7.738     0.060         5
   363.167     7.774     0.060         5
   363.338     7.797     0.060         5
   363.499     7.830     0.060         5
   363.664     7.876     0.060         5
   363.825     7.941     0.060         5
   363.986     7.975     0.060         5
   364.147     8.041     0.060         5
   364.308     8.100     0.060         5
   364.469     8.128     0.060         5
   364.630     8.172     0.060         5
   364.794     8.252     0.060         5
   364.945     8.288     0.060         5
   365.109     8.343     0.060         5
   365.270     8.415     0.060         5
   365.424     8.445     0.060         5
   365.585     8.516     0.060         5
   365.749     8.563     0.060         5
   365.910     8.607     0.060         5
   366.064     8.650     0.060         5
   366.225     8.695     0.060         5
   366.386     8.723     0.060         5
   366.539     8.755     0.060         5
   366.700     8.792     0.060         5
   366.864     8.829     0.060         5
   367.015     8.857     0.060         5
   367.176     8.886     0.060         5
   367.340     8.924     0.060         5
   367.491     8.956     0.060         5
   367.655     8.990     0.060         5
   367.816     9.011     0.060         5
   367.966     9.052     0.060         5
   368.130     9.078     0.060         5
   368.292     9.104     0.060         5
   368.445     9.137     0.060         5
   368.606     9.167     0.060         5
   368.760     9.193     0.060         5
   368.921     9.219     0.060         5
   369.071     9.250     0.060         5
   369.235     9.273     0.060         5
   369.386     9.297     0.060         5
   369.550     9.328     0.060         5
   369.711     9.351     0.060         5
   369.862     9.380     0.060         5
   370.023     9.406     0.060         5
   370.187     9.430     0.060         5
   370.337     9.461     0.060         5
   370.498     9.490     0.060         5
   370.659     9.510     0.060         5
   370.810     9.541     0.060         5
   370.971     9.552     0.060         5
   371.122     9.592     0.060         5
   371.283     9.601     0.060         5
   371.444     9.621     0.060         5
   371.594     9.641     0.060         5
   371.755     9.661     0.060         5
   371.906     9.681     0.060         5
   372.067     9.689     0.060         5
   372.217     9.705     0.060         5
   372.379     9.725     0.060         5
   372.529     9.760     0.060         5
   372.690     9.777     0.060         5
   372.851     9.796     0.060         5
   373.012     9.793     0.060         5
   373.174     9.807     0.060         5
   373.338     9.810     0.060         5
   373.488     9.820     0.060         5
   373.652     9.828     0.060         5
   373.813     9.852     0.060         5
   373.977     9.880     0.060         5
   374.139     9.906     0.060         5
   374.289     9.933     0.060         5
   374.453     9.938     0.060         5
   374.614     9.951     0.060         5
   374.778     9.981     0.060         5
   374.942    10.003     0.060         5
   375.104    10.021     0.060         5
   375.268    10.050     0.060         5
   375.418    10.075     0.060         5
   375.582    10.105     0.060         5
   375.743    10.117     0.060         5
   375.908    10.134     0.060         5
   376.069    10.166     0.060         5
   376.219    10.175     0.060         5
   376.383    10.205     0.060         5
   376.544    10.222     0.060         5
   376.705    10.245     0.060         5
   376.870    10.256     0.060         5
   377.031    10.263     0.060         5
   377.192    10.287     0.060         5
   377.356    10.293     0.060         5
   377.517    10.299     0.060         5
   377.678    10.295     0.060         5
   377.842    10.320     0.060         5
   378.003    10.336     0.060         5
   378.167    10.348     0.060         5
   378.329    10.358     0.060         5
   378.500    10.365     0.060         5
   378.664    10.388     0.060         5
   378.826    10.393     0.060         5
   378.987    10.404     0.060         5
   379.140    10.424     0.060         5
   379.301    10.426     0.060         5
   379.465    10.446     0.060         5
   379.627    10.463     0.060         5
   379.791    10.470     0.060         5
   379.952    10.488     0.060         5
   380.105    10.500     0.060         5
   380.269    10.516     0.060         5
   380.430    10.519     0.060         5
   380.595    10.529     0.060         5
   380.745    10.548     0.060         5
   380.909    10.557     0.060         5
   381.073    10.561     0.060         5
   381.227    10.564     0.060         5
   381.388    10.570     0.060         5
   381.552    10.560     0.060         5
   381.702    10.579     0.060         5
   381.866    10.573     0.060         5
   382.020    10.556     0.060         5
   382.181    10.567     0.060         5
   382.342    10.585     0.060         5
   382.496    10.592     0.060         5
   382.657    10.604     0.060         5
   382.810    10.607     0.060         5
   382.971    10.631     0.060         5
   383.125    10.632     0.060         5
   383.286    10.641     0.060         5
   383.436    10.656     0.060         5
   383.590    10.643     0.060         5
   383.751    10.663     0.060         5
     0.000     0.000     0.000        -1
