   240.757    -1.000     0.000         0
   236.673     3.406     0.060         1
   236.813     3.341     0.060         1
   236.964     3.278     0.060         1
   237.101     3.210     0.060         1
   237.251     3.143     0.060         1
   237.391     3.080     0.060         1
   237.542     3.029     0.060         1
   237.692     2.978     0.060         1
   237.832     2.929     0.060         1
   237.983     2.873     0.060         1
   238.122     2.815     0.060         1
   238.273     2.758     0.060         1
   238.424     2.709     0.060         1
   238.574     2.664     0.060         1
   238.725     2.619     0.060         1
   238.886     2.577     0.060         1
   239.039     2.540     0.060         1
   239.190     2.503     0.060         1
   239.343     2.473     0.060         1
   239.504     2.447     0.060         1
   239.658     2.425     0.060         1
   239.819     2.399     0.060         1
   239.969     2.381     0.060         1
   240.133     2.368     0.060         1
   240.294     2.351     0.060         1
   240.442     2.345     0.060         1
   240.592     2.332     0.060         1
   240.728     2.326     0.060         1
    32.196    34.464     0.060         5
    33.808    34.227     0.060         5
    34.782    34.074     0.060         5
    36.092    33.894     0.060         5
    37.057    33.757     0.060         5
    38.357    33.539     0.060         5
    39.656    33.321     0.060         5
    41.287    33.082     0.060         5
    42.882    32.832     0.060         5
    44.127    32.647     0.060         5
    45.542    32.435     0.060         5
    46.963    32.234     0.060         5
    48.217    32.099     0.060         5
    49.945    31.926     0.060         5
    50.887    31.839     0.060         5
    52.605    31.644     0.060         5
    54.276    31.424     0.060         5
    55.652    31.285     0.060         5
    57.032    31.142     0.060         5
    58.718    30.950     0.060         5
    61.021    30.695     0.060         5
    61.923    30.537     0.060         5
    63.733    30.324     0.060         5
    65.251    30.136     0.060         5
    66.782    29.944     0.060         5
    68.619    29.716     0.060         5
    70.171    29.527     0.060         5
    71.731    29.331     0.060         5
    73.769    29.093     0.060         5
    75.602    28.868     0.060         5
    77.142    28.684     0.060         5
    79.009    28.452     0.060         5
    80.394    28.265     0.060         5
    81.790    28.068     0.060         5
    83.354    27.843     0.060         5
    84.762    27.653     0.060         5
    86.341    27.428     0.060         5
    88.071    27.169     0.060         5
    89.013    27.006     0.060         5
    90.410    26.820     0.060         5
    91.974    26.574     0.060         5
    92.765    26.431     0.060         5
    94.037    26.280     0.060         5
    95.140    26.065     0.060         5
    96.090    25.883     0.060         5
    96.881    25.701     0.060         5
    97.677    25.543     0.060         5
    99.228    25.258     0.060         5
   100.153    25.042     0.060         5
   100.927    24.867     0.060         5
   102.462    24.646     0.060         5
   104.153    24.399     0.060         5
   105.727    24.195     0.060         5
   107.457    23.958     0.060         5
   108.856    23.768     0.060         5
   110.730    23.536     0.060         5
   112.440    23.327     0.060         5
   114.309    23.116     0.060         5
   116.086    22.907     0.060         5
   117.970    22.671     0.060         5
   121.345    22.222     0.060         5
   123.110    21.988     0.060         5
   124.046    21.832     0.060         5
   125.635    21.593     0.060         5
   126.560    21.463     0.060         5
   127.969    21.265     0.060         5
   129.086    21.125     0.060         5
   130.378    20.951     0.060         5
   131.656    20.762     0.060         5
   132.132    20.702     0.060         5
   133.262    20.558     0.060         5
   134.077    20.465     0.060         5
   134.890    20.380     0.060         5
   136.157    20.234     0.060         5
   137.263    20.094     0.060         5
   138.366    19.944     0.060         5
   139.655    19.784     0.060         5
   140.615    19.642     0.060         5
   141.578    19.458     0.060         5
   218.763     6.869     0.060         5
   218.903     6.878     0.060         5
   219.046     6.903     0.060         5
   219.326     6.905     0.060         5
   219.592     6.910     0.060         5
   219.872     6.923     0.060         5
   220.149     6.924     0.060         5
   220.415     6.925     0.060         5
   220.555     6.930     0.060         5
   220.958     6.907     0.060         5
   221.098     6.920     0.060         5
   221.224     6.932     0.060         5
   221.364     6.934     0.060         5
   221.501     6.940     0.060         5
   221.641     6.925     0.060         5
   221.788     6.939     0.060         5
   221.928     6.948     0.060         5
   222.068     6.952     0.060         5
   222.495     6.915     0.060         5
   222.635     6.910     0.060         5
   222.775     6.901     0.060         5
   222.926     6.892     0.060         5
   223.066     6.886     0.060         5
   223.206     6.872     0.060         5
   223.356     6.863     0.060         5
   223.496     6.856     0.060         5
   223.647     6.843     0.060         5
   223.786     6.832     0.060         5
   223.937     6.819     0.060         5
   224.077     6.806     0.060         5
   224.228     6.789     0.060         5
   224.367     6.768     0.060         5
   224.518     6.743     0.060         5
   224.658     6.729     0.060         5
   224.808     6.712     0.060         5
   224.948     6.695     0.060         5
   225.099     6.679     0.060         5
   225.239     6.658     0.060         5
   225.389     6.625     0.060         5
   225.529     6.596     0.060         5
   225.680     6.575     0.060         5
   225.830     6.558     0.060         5
   225.973     6.540     0.060         5
   226.124     6.519     0.060         5
   226.274     6.505     0.060         5
   226.414     6.487     0.060         5
   226.565     6.464     0.060         5
   226.715     6.438     0.060         5
   226.855     6.427     0.060         5
   227.006     6.409     0.060         5
   227.146     6.387     0.060         5
   227.296     6.370     0.060         5
   227.436     6.340     0.060         5
   227.587     6.313     0.060         5
   227.737     6.282     0.060         5
   227.877     6.264     0.060         5
   228.028     6.245     0.060         5
   228.168     6.222     0.060         5
   228.318     6.200     0.060         5
   228.461     6.176     0.060         5
    95.140    26.622     0.060         8
    95.939    26.486     0.060         8
    97.677    26.158     0.060         8
    99.069    25.922     0.060         8
    99.841    25.797     0.060         8
   101.536    25.571     0.060         8
   103.372    25.350     0.060         8
   104.793    25.156     0.060         8
   106.368    24.967     0.060         8
   107.608    24.797     0.060         8
   108.856    24.634     0.060         8
   110.730    24.452     0.060         8
   111.978    24.339     0.060         8
   113.833    24.150     0.060         8
   115.441    23.981     0.060         8
   116.715    23.876     0.060         8
   117.658    23.784     0.060         8
   119.081    23.644     0.060         8
   120.374    23.516     0.060         8
   121.184    23.444     0.060         8
   122.798    23.269     0.060         8
   124.207    23.122     0.060         8
   125.313    23.014     0.060         8
   126.722    22.838     0.060         8
   227.877     5.958     0.060        10
   228.028     5.941     0.060        10
   228.168     5.915     0.060        10
   228.318     5.887     0.060        10
   228.461     5.865     0.060        10
   228.609     5.838     0.060        10
   228.749     5.820     0.060        10
   228.889     5.798     0.060        10
   229.028     5.781     0.060        10
   229.179     5.754     0.060        10
   229.319     5.728     0.060        10
   229.459     5.699     0.060        10
   229.596     5.670     0.060        10
   229.746     5.635     0.060        10
   229.883     5.608     0.060        10
   230.023     5.569     0.060        10
   230.160     5.530     0.060        10
   230.300     5.503     0.060        10
   230.440     5.468     0.060        10
   230.577     5.439     0.060        10
   230.717     5.410     0.060        10
   230.857     5.372     0.060        10
   230.993     5.350     0.060        10
   231.133     5.323     0.060        10
   231.284     5.280     0.060        10
   231.424     5.245     0.060        10
   231.561     5.203     0.060        10
   231.701     5.179     0.060        10
   231.851     5.146     0.060        10
   231.988     5.122     0.060        10
   232.128     5.097     0.060        10
   232.268     5.059     0.060        10
   232.408     5.030     0.060        10
   232.558     5.006     0.060        10
   232.698     4.977     0.060        10
   232.846     4.948     0.060        10
   232.986     4.905     0.060        10
   233.126     4.866     0.060        10
   233.266     4.818     0.060        10
   233.416     4.788     0.060        10
   233.553     4.751     0.060        10
   233.693     4.708     0.060        10
   233.833     4.665     0.060        10
   233.973     4.626     0.060        10
   234.113     4.590     0.060        10
   234.252     4.554     0.060        10
   234.389     4.512     0.060        10
   234.529     4.486     0.060        10
     5.706    37.014     0.060        13
     7.467    36.823     0.060        13
     9.429    36.604     0.060        13
    11.545    36.354     0.060        13
    13.656    36.097     0.060        13
    15.271    35.897     0.060        13
    16.910    35.718     0.060        13
    18.032    35.592     0.060        13
    20.216    35.327     0.060        13
    21.635    35.158     0.060        13
    23.820    34.886     0.060        13
    25.543    34.642     0.060        13
    26.329    34.506     0.060        13
    27.432    34.363     0.060        13
    38.679    32.887     0.060        13
    41.287    32.645     0.060        13
    42.882    32.438     0.060        13
    44.912    32.175     0.060        13
    46.648    31.959     0.060        13
    48.371    31.757     0.060        13
    49.794    31.617     0.060        13
    51.357    31.471     0.060        13
    52.756    31.352     0.060        13
    53.821    31.256     0.060        13
    55.186    31.105     0.060        13
    56.260    31.002     0.060        13
    57.032    30.942     0.060        13
    58.108    30.842     0.060        13
    59.945    30.628     0.060        13
    61.314    30.470     0.060        13
    62.381    30.356     0.060        13
   119.406    39.652     0.060        24
   119.890    39.493     0.060        24
   120.374    39.381     0.060        24
   121.022    39.207     0.060        24
   121.509    39.069     0.060        24
   121.832    38.993     0.060        24
   122.311    38.870     0.060        24
   122.959    38.718     0.060        24
   123.583    38.581     0.060        24
   240.757     1.000     0.000         0
   240.896     2.333     0.060         1
   241.056     2.339     0.060         1
   241.206     2.362     0.060         1
   241.353     2.380     0.060         1
   241.507     2.406     0.060         1
   241.668     2.427     0.060         1
   241.819     2.460     0.060         1
   241.969     2.495     0.060         1
   242.120     2.538     0.060         1
   242.273     2.577     0.060         1
   242.413     2.618     0.060         1
   242.553     2.666     0.060         1
   242.704     2.716     0.060         1
   242.844     2.762     0.060         1
   242.994     2.813     0.060         1
   243.131     2.859     0.060         1
   243.281     2.910     0.060         1
   243.418     2.968     0.060         1
   243.569     3.026     0.060         1
   243.716     3.092     0.060         1
   243.856     3.156     0.060         1
   244.015     3.220     0.060         1
   246.734     4.493     0.060         5
   247.052     4.574     0.060         5
   247.202     4.602     0.060         5
   247.520     4.663     0.060         5
   247.835     4.736     0.060         5
   248.146     4.809     0.060         5
   248.297     4.854     0.060         5
   248.458     4.907     0.060         5
   248.770     4.976     0.060         5
   248.921     5.008     0.060         5
   249.235     5.077     0.060         5
   249.547     5.154     0.060         5
   249.859     5.219     0.060         5
   250.012     5.260     0.060         5
   250.316     5.316     0.060         5
   250.631     5.373     0.060         5
   250.938     5.442     0.060         5
   251.256     5.498     0.060         5
   251.574     5.550     0.060         5
   251.881     5.595     0.060         5
   252.045     5.624     0.060         5
   252.199     5.653     0.060         5
   252.363     5.679     0.060         5
   252.527     5.708     0.060         5
   252.681     5.734     0.060         5
   252.845     5.755     0.060         5
   253.009     5.785     0.060         5
   253.173     5.806     0.060         5
   253.327     5.823     0.060         5
   253.480     5.844     0.060         5
   253.634     5.868     0.060         5
   253.795     5.896     0.060         5
   253.946     5.919     0.060         5
   254.096     5.938     0.060         5
   254.257     5.957     0.060         5
   254.416     5.981     0.060         5
   254.566     6.004     0.060         5
   254.727     6.023     0.060         5
   254.878     6.044     0.060         5
   255.036     6.069     0.060         5
   255.186     6.091     0.060         5
   255.348     6.104     0.060         5
   255.498     6.101     0.060         5
   255.659     6.130     0.060         5
   255.810     6.155     0.060         5
   255.971     6.174     0.060         5
   256.122     6.198     0.060         5
   256.272     6.222     0.060         5
   256.433     6.237     0.060         5
   256.584     6.237     0.060         5
   256.734     6.252     0.060         5
   256.896     6.267     0.060         5
   257.046     6.291     0.060         5
   257.207     6.310     0.060         5
   257.369     6.324     0.060         5
   257.519     6.335     0.060         5
   257.680     6.349     0.060         5
   257.841     6.359     0.060         5
   258.006     6.372     0.060         5
   258.167     6.386     0.060         5
   258.328     6.398     0.060         5
   258.479     6.415     0.060         5
   258.640     6.428     0.060         5
   258.801     6.440     0.060         5
   258.965     6.452     0.060         5
   259.116     6.473     0.060         5
   259.277     6.494     0.060         5
   259.438     6.506     0.060         5
   259.592     6.523     0.060         5
   259.753     6.539     0.060         5
   259.914     6.558     0.060         5
   260.068     6.573     0.060         5
   260.229     6.588     0.060         5
   260.390     6.607     0.060         5
   260.551     6.618     0.060         5
   260.702     6.642     0.060         5
   260.863     6.657     0.060         5
   261.014     6.676     0.060         5
   261.178     6.697     0.060         5
   261.339     6.717     0.060         5
   261.489     6.734     0.060         5
   261.651     6.755     0.060         5
   261.812     6.773     0.060         5
   261.976     6.787     0.060         5
   262.137     6.805     0.060         5
   262.298     6.818     0.060         5
   262.460     6.836     0.060         5
   262.624     6.850     0.060         5
   262.785     6.872     0.060         5
   262.946     6.893     0.060         5
   263.110     6.909     0.060         5
   263.272     6.926     0.060         5
   263.433     6.951     0.060         5
   263.583     6.974     0.060         5
   263.745     6.997     0.060         5
   263.906     7.019     0.060         5
   264.081     7.042     0.060         5
   264.242     7.060     0.060         5
   264.400     7.075     0.060         5
   264.561     7.102     0.060         5
   264.733     7.124     0.060         5
   264.891     7.146     0.060         5
   265.053     7.176     0.060         5
   265.221     7.199     0.060         5
   265.383     7.229     0.060         5
   265.552     7.251     0.060         5
   265.713     7.277     0.060         5
   265.882     7.299     0.060         5
   266.043     7.326     0.060         5
   266.204     7.352     0.060         5
   266.376     7.378     0.060         5
   266.537     7.400     0.060         5
   266.698     7.399     0.060         5
   266.863     7.417     0.060         5
   267.024     7.428     0.060         5
   267.185     7.454     0.060         5
   267.346     7.476     0.060         5
   267.510     7.487     0.060         5
   267.672     7.529     0.060         5
   267.833     7.544     0.060         5
   267.994     7.554     0.060         5
   268.158     7.576     0.060         5
   268.319     7.606     0.060         5
   268.473     7.616     0.060         5
   268.637     7.645     0.060         5
   268.801     7.655     0.060         5
   268.955     7.677     0.060         5
   269.119     7.699     0.060         5
   269.429     7.754     0.060         5
   269.917     7.825     0.060         5
   270.237     7.840     0.060         5
   270.558     7.905     0.060         5
   270.711     7.902     0.060         5
   271.040     7.929     0.060         5
   271.519     7.991     0.060         5
   271.837     7.994     0.060         5
   272.162     8.037     0.060         5
   272.648     8.099     0.060         5
   272.971     8.130     0.060         5
   273.293     8.163     0.060         5
   273.777     8.218     0.060         5
   275.072     8.362     0.060         5
   276.062     8.440     0.060         5
   276.556     8.504     0.060         5
   276.728     8.520     0.060         5
   277.206     8.569     0.060         5
   277.528     8.599     0.060         5
   278.001     8.639     0.060         5
   278.162     8.649     0.060         5
   278.810     8.714     0.060         5
   279.125     8.753     0.060         5
   279.447     8.779     0.060         5
   279.934     8.840     0.060         5
   280.098     8.844     0.060         5
   280.577     8.899     0.060         5
   280.738     8.892     0.060         5
   281.055     8.901     0.060         5
   281.542     8.973     0.060         5
   281.857     9.006     0.060         5
   282.171     9.003     0.060         5
   282.497     9.046     0.060         5
   282.812     9.080     0.060         5
   282.973     9.096     0.060         5
   283.452     9.129     0.060         5
   284.239     9.213     0.060         5
   284.565     9.261     0.060         5
   284.729     9.273     0.060         5
   284.890     9.297     0.060         5
   285.369     9.346     0.060         5
   285.530     9.343     0.060         5
   285.683     9.329     0.060         5
   286.173     9.401     0.060         5
   286.327     9.421     0.060         5
   286.652     9.461     0.060         5
   286.813     9.446     0.060         5
   287.138     9.498     0.060         5
   287.625     9.562     0.060         5
   288.101     9.588     0.060         5
   288.581     9.613     0.060         5
   288.904     9.647     0.060         5
   289.226     9.680     0.060         5
   289.717     9.730     0.060         5
   290.201     9.793     0.060         5
   290.687     9.861     0.060         5
   291.020     9.911     0.060         5
   291.504     9.949     0.060         5
   292.308    10.064     0.060         5
   292.623    10.106     0.060         5
   293.099    10.209     0.060         5
   293.413    10.232     0.060         5
   293.567    10.243     0.060         5
   294.648    10.457     0.060         5
   295.277    10.594     0.060         5
   295.732    10.695     0.060         5
   296.043    10.772     0.060         5
   296.662    10.900     0.060         5
   297.431    11.045     0.060         5
   298.357    11.209     0.060         5
   299.575    11.401     0.060         5
   301.084    11.636     0.060         5
   302.171    11.820     0.060         5
   303.128    11.980     0.060         5
   304.221    12.193     0.060         5
   304.998    12.321     0.060         5
   306.258    12.492     0.060         5
   307.046    12.599     0.060         5
   307.815    12.727     0.060         5
   308.759    12.859     0.060         5
   309.847    13.022     0.060         5
   310.793    13.157     0.060         5
   311.731    13.297     0.060         5
   312.666    13.436     0.060         5
   313.604    13.584     0.060         5
   314.531    13.715     0.060         5
   315.155    13.811     0.060         5
   316.404    14.003     0.060         5
   317.038    14.107     0.060         5
   318.320    14.331     0.060         5
   319.115    14.479     0.060         5
   319.588    14.564     0.060         5
   320.370    14.712     0.060         5
   321.300    14.909     0.060         5
   322.206    15.066     0.060         5
   322.986    15.206     0.060         5
   323.755    15.334     0.060         5
   324.209    15.410     0.060         5
   324.825    15.522     0.060         5
   325.760    15.695     0.060         5
   326.544    15.831     0.060         5
   327.476    16.012     0.060         5
   328.266    16.144     0.060         5
   329.049    16.276     0.060         5
   329.970    16.436     0.060         5
   330.750    16.564     0.060         5
   331.675    16.720     0.060         5
   332.604    16.892     0.060         5
   332.768    16.920     0.060         5
   333.225    17.032     0.060         5
   333.675    17.121     0.060         5
   334.283    17.247     0.060         5
   334.905    17.356     0.060         5
   335.534    17.460     0.060         5
   336.492    17.613     0.060         5
   337.452    17.783     0.060         5
   337.931    17.835     0.060         5
   338.879    17.975     0.060         5
   339.833    18.128     0.060         5
   340.773    18.257     0.060         5
   341.718    18.381     0.060         5
   342.840    18.537     0.060         5
   343.490    18.626     0.060         5
   344.294    18.754     0.060         5
   345.091    18.879     0.060         5
   345.878    18.992     0.060         5
   346.515    19.088     0.060         5
   347.308    19.221     0.060         5
   348.091    19.325     0.060         5
   348.726    19.422     0.060         5
   349.520    19.538     0.060         5
   350.164    19.635     0.060         5
   350.953    19.768     0.060         5
   351.906    19.876     0.060         5
   297.278    11.785     0.060         8
   298.357    11.921     0.060         8
   299.114    12.029     0.060         8
   299.874    12.149     0.060         8
   301.084    12.301     0.060         8
   302.171    12.445     0.060         8
   302.816    12.541     0.060         8
   303.748    12.689     0.060         8
   304.371    12.784     0.060         8
   305.632    12.933     0.060         8
   306.094    12.992     0.060         8
   306.731    13.072     0.060         8
   307.350    13.126     0.060         8
   307.511    13.146     0.060         8
   308.291    13.249     0.060         8
   309.073    13.372     0.060         8
   309.536    13.435     0.060         8
   310.159    13.515     0.060         8
   310.793    13.595     0.060         8
   311.255    13.666     0.060         8
   311.731    13.741     0.060         8
   312.354    13.840     0.060         8
   312.666    13.895     0.060         8
   313.292    13.997     0.060         8
   314.220    14.121     0.060         8
   314.843    14.219     0.060         8
   315.316    14.286     0.060         8
   315.929    14.362     0.060         8
   316.555    14.465     0.060         8
   317.200    14.545     0.060         8
   317.834    14.640     0.060         8
   318.481    14.765     0.060         8
   318.954    14.862     0.060         8
   319.588    14.946     0.060         8
   320.219    15.085     0.060         8
   320.684    15.160     0.060         8
   321.139    15.239     0.060         8
   321.754    15.337     0.060         8
   322.206    15.416     0.060         8
   322.520    15.486     0.060         8
   323.150    15.588     0.060         8
   323.755    15.702     0.060         8
   324.360    15.778     0.060         8
   324.825    15.841     0.060         8
   325.287    15.923     0.060         8
   325.760    15.994     0.060         8
   326.383    16.094     0.060         8
   327.004    16.194     0.060         8
   327.476    16.266     0.060         8
   328.266    16.379     0.060         8
   329.049    16.488     0.060         8
   329.820    16.629     0.060         8
   330.903    16.764     0.060         8
   334.283    17.126     0.060        13
   334.905    17.246     0.060        13
   335.687    17.373     0.060        13
   336.492    17.497     0.060        13
   337.770    17.681     0.060        13
   338.718    17.801     0.060        13
   339.674    17.905     0.060        13
   340.934    18.061     0.060        13
   341.718    18.161     0.060        13
   343.001    18.337     0.060        13
   343.490    18.421     0.060        13
   344.294    18.545     0.060        13
   345.091    18.653     0.060        13
   356.463    20.311     0.060        13
   357.103    20.429     0.060        13
   358.057    20.566     0.060        13
   358.536    20.676     0.060        13
   359.179    20.768     0.060        13
   359.819    20.915     0.060        13
   360.609    21.030     0.060        13
   360.770    21.057     0.060        13
   361.421    21.182     0.060        13
   362.044    21.319     0.060        13
   362.520    21.385     0.060        13
   363.339    21.567     0.060        13
   363.986    21.692     0.060        13
   364.309    21.782     0.060        13
   365.110    21.967     0.060        13
   365.585    22.094     0.060        13
   366.225    22.252     0.060        13
   366.701    22.357     0.060        13
   367.341    22.465     0.060        13
   367.967    22.562     0.060        13
   368.446    22.648     0.060        13
   369.551    22.791     0.060        13
   370.811    22.929     0.060        13
   371.444    22.994     0.060        13
   372.530    23.085     0.060        13
   373.174    23.162     0.060        13
   373.489    23.205     0.060        13
   374.139    23.282     0.060        13
   374.615    23.345     0.060        13
   375.104    23.410     0.060        13
   376.069    23.518     0.060        13
   250.785     6.272     0.060        14
   251.881     6.433     0.060        14
   252.527     6.529     0.060        14
   253.480     6.668     0.060        14
   254.096     6.762     0.060        14
   254.878     6.867     0.060        14
   255.186     6.919     0.060        14
   255.971     7.013     0.060        14
   256.734     7.113     0.060        14
   257.369     7.183     0.060        14
   258.006     7.242     0.060        14
   258.965     7.374     0.060        14
   259.438     7.429     0.060        14
   260.229     7.505     0.060        14
   260.863     7.570     0.060        14
   261.651     7.668     0.060        14
   261.976     7.655     0.060        14
   262.624     7.730     0.060        14
   263.433     7.856     0.060        14
   264.400     7.943     0.060        14
   265.053     8.016     0.060        14
   280.577     9.834     0.060        14
   281.542     9.941     0.060        14
   282.333    10.003     0.060        14
   283.126    10.073     0.060        14
   283.452    10.099     0.060        14
   284.239    10.195     0.060        14
   284.565    10.190     0.060        14
   285.369    10.249     0.060        14
   286.012    10.277     0.060        14
   286.488    10.356     0.060        14
   287.303    10.446     0.060        14
   288.101    10.551     0.060        14
   289.065    10.650     0.060        14
   289.717    10.727     0.060        14
   290.201    10.761     0.060        14
   290.849    10.866     0.060        14
   291.668    10.989     0.060        14
   292.469    11.125     0.060        14
   293.413    11.327     0.060        14
   294.183    11.409     0.060        14
   294.963    11.521     0.060        14
   295.732    11.633     0.060        14
   296.662    11.791     0.060        14
   297.431    11.880     0.060        14
   298.039    11.992     0.060        14
   298.807    12.112     0.060        14
   299.421    12.204     0.060        14
   300.482    12.392     0.060        14
   301.232    12.508     0.060        14
   302.171    12.655     0.060        14
   302.816    12.763     0.060        14
   303.748    12.928     0.060        14
   304.533    13.056     0.060        14
   305.320    13.146     0.060        14
   305.943    13.292     0.060        14
   306.884    13.435     0.060        14
   307.511    13.527     0.060        14
   307.976    13.632     0.060        14
   308.598    13.713     0.060        14
   309.073    13.791     0.060        14
   309.536    13.862     0.060        14
   310.159    13.971     0.060        14
   310.944    14.094     0.060        14
   311.731    14.231     0.060        14
   312.505    14.338     0.060        14
   313.292    14.470     0.060        14
   313.755    14.555     0.060        14
   314.531    14.699     0.060        14
   315.004    14.774     0.060        14
   315.628    14.882     0.060        14
   316.090    14.975     0.060        14
   317.200    15.138     0.060        14
   318.320    15.326     0.060        14
   319.115    15.488     0.060        14
   320.370    15.727     0.060        14
   321.450    15.917     0.060        14
   322.206    16.028     0.060        14
   323.300    16.261     0.060        14
   324.056    16.420     0.060        14
   324.975    16.604     0.060        14
   325.448    16.712     0.060        14
   325.921    16.776     0.060        14
   326.233    16.833     0.060        14
   327.004    16.928     0.060        14
   327.946    17.067     0.060        14
   329.196    17.276     0.060        14
   330.285    17.438     0.060        14
   331.054    17.553     0.060        14
   331.675    17.661     0.060        14
   332.297    17.761     0.060        14
   332.922    17.866     0.060        14
   333.522    17.965     0.060        14
   333.979    18.048     0.060        14
   334.437    18.114     0.060        14
   335.373    18.303     0.060        14
   336.002    18.381     0.060        14
   336.645    18.485     0.060        14
   337.770    18.673     0.060        14
   338.557    18.802     0.060        14
   339.513    18.962     0.060        14
   339.983    19.041     0.060        14
   340.305    19.097     0.060        14
   341.092    19.209     0.060        14
   342.046    19.339     0.060        14
   342.522    19.412     0.060        14
   343.490    19.522     0.060        14
   343.980    19.590     0.060        14
   344.612    19.690     0.060        14
   345.564    19.871     0.060        14
   346.039    19.915     0.060        14
   346.515    19.979     0.060        14
   347.787    20.176     0.060        14
   348.573    20.289     0.060        14
   356.463    21.328     0.060        14
   357.579    21.462     0.060        14
   358.211    21.558     0.060        14
   358.861    21.651     0.060        14
   360.130    21.863     0.060        14
   360.445    21.915     0.060        14
   361.582    22.093     0.060        14
   362.208    22.253     0.060        14
   362.842    22.407     0.060        14
   363.664    22.589     0.060        14
   258.328    10.866     0.060        24
   259.116    11.073     0.060        24
   259.753    11.243     0.060        24
   260.863    11.530     0.060        24
   261.976    11.820     0.060        24
   262.624    11.991     0.060        24
   263.906    12.311     0.060        24
   265.053    12.578     0.060        24
   277.206    15.197     0.060        24
   277.679    15.295     0.060        24
   278.810    15.492     0.060        24
   279.611    15.643     0.060        24
   280.262    15.768     0.060        24
   281.055    15.912     0.060        24
   281.857    16.077     0.060        24
   282.973    16.337     0.060        24
   283.763    16.471     0.060        24
   285.043    16.744     0.060        24
   286.012    16.918     0.060        24
   286.977    17.024     0.060        24
   289.387    17.498     0.060        24
   291.182    17.904     0.060        24
   293.882    18.540     0.060        24
   295.277    18.936     0.060        24
   296.347    19.255     0.060        24
   297.582    19.615     0.060        24
   298.357    19.903     0.060        24
   298.500    20.021     0.060        24
   299.268    20.215     0.060        24
   300.332    20.483     0.060        24
   300.934    20.672     0.060        24
   301.863    20.944     0.060        24
   302.816    21.187     0.060        24
   303.597    21.427     0.060        24
   304.533    21.712     0.060        24
   305.320    21.969     0.060        24
   309.847    23.409     0.060        24
   310.320    23.549     0.060        24
   310.944    23.702     0.060        24
   311.255    23.783     0.060        24
   311.882    23.942     0.060        24
   312.204    24.038     0.060        24
   312.666    24.153     0.060        24
   312.978    24.258     0.060        24
   313.443    24.388     0.060        24
   314.069    24.533     0.060        24
   314.693    24.696     0.060        24
   315.004    24.805     0.060        24
   315.466    24.916     0.060        24
   315.929    25.032     0.060        24
   316.555    25.232     0.060        24
   317.350    25.471     0.060        24
   317.834    25.641     0.060        24
   318.159    25.708     0.060        24
   318.632    25.828     0.060        24
   319.276    26.028     0.060        24
   320.219    26.300     0.060        24
   320.523    26.363     0.060        24
   321.139    26.593     0.060        24
   321.754    26.793     0.060        24
   322.370    26.955     0.060        24
   322.986    27.117     0.060        24
   323.300    27.191     0.060        24
   324.056    27.424     0.060        24
   324.510    27.566     0.060        24
   325.126    27.744     0.060        24
   325.448    27.828     0.060        24
   325.921    27.973     0.060        24
   326.383    28.107     0.060        24
   326.853    28.246     0.060        24
   327.165    28.348     0.060        24
   327.799    28.521     0.060        24
   328.266    28.667     0.060        24
   328.585    28.735     0.060        24
   329.049    28.851     0.060        24
   329.505    28.994     0.060        24
   329.970    29.108     0.060        24
   330.903    29.342     0.060        24
   331.371    29.471     0.060        24
   331.829    29.599     0.060        24
   332.450    29.760     0.060        24
   333.225    29.989     0.060        24
   333.826    30.137     0.060        24
   294.347    20.524     0.060        28
   296.043    20.864     0.060        28
   297.278    21.126     0.060        28
   298.807    21.458     0.060        28
   300.482    21.836     0.060        28
   302.332    22.273     0.060        28
   303.909    22.603     0.060        28
   306.258    23.131     0.060        28
   307.511    23.462     0.060        28
   309.224    23.834     0.060        28
   310.320    24.082     0.060        28
   312.204    24.583     0.060        28
   313.755    24.988     0.060        28
   314.843    25.333     0.060        28
   316.404    25.771     0.060        28
   317.511    26.060     0.060        28
   318.481    26.326     0.060        28
   320.835    27.066     0.060        28
   321.450    27.248     0.060        28
   321.754    27.298     0.060        28
   322.520    27.488     0.060        28
   323.150    27.620     0.060        28
   323.604    27.763     0.060        28
   324.209    27.883     0.060        28
   324.671    27.973     0.060        28
   325.448    28.177     0.060        28
   326.072    28.321     0.060        28
   326.692    28.489     0.060        28
   327.326    28.646     0.060        28
   327.946    28.805     0.060        28
   328.424    28.909     0.060        28
   329.049    29.065     0.060        28
   329.970    29.288     0.060        28
   330.589    29.453     0.060        28
   331.525    29.685     0.060        28
   332.297    29.859     0.060        28
   333.225    30.100     0.060        28
   334.590    30.426     0.060        28
     0.000     0.000     0.000        -1
