   102.860    -1.000     0.000         0
    99.070     3.002     0.060         1
    99.228     2.936     0.060         1
    99.379     2.845     0.060         1
    99.540     2.779     0.060         1
    99.691     2.708     0.060         1
    99.842     2.628     0.060         1
   100.003     2.554     0.060         1
   100.153     2.476     0.060         1
   100.315     2.414     0.060         1
   100.465     2.361     0.060         1
   100.616     2.276     0.060         1
   100.777     2.222     0.060         1
   100.928     2.114     0.060         1
   101.082     2.063     0.060         1
   101.232     2.019     0.060         1
   101.386     1.982     0.060         1
   101.537     1.950     0.060         1
   101.690     1.910     0.060         1
   101.844     1.879     0.060         1
   101.995     1.851     0.060         1
   102.148     1.827     0.060         1
   102.299     1.803     0.060         1
   102.462     1.794     0.060         1
   102.613     1.784     0.060         1
   102.761     1.773     0.060         1
   102.794     1.777     0.060         1
    26.017    14.845     0.060         5
    27.268    14.672     0.060         5
    28.380    14.499     0.060         5
    29.185    14.366     0.060         5
    29.822    14.253     0.060         5
    30.761    14.104     0.060         5
    31.388    14.041     0.060         5
    32.358    13.921     0.060         5
    33.318    13.784     0.060         5
    33.970    13.671     0.060         5
    34.944    13.531     0.060         5
    35.606    13.385     0.060         5
    36.746    13.241     0.060         5
    37.222    13.164     0.060         5
    38.357    12.975     0.060         5
    38.680    12.935     0.060         5
    55.652    10.530     0.060         5
    56.573    10.398     0.060         5
    57.345    10.302     0.060         5
    58.109    10.206     0.060         5
    59.332    10.036     0.060         5
    59.644    10.001     0.060         5
    59.945     9.963     0.060         5
    60.107     9.948     0.060         5
    60.257     9.930     0.060         5
    60.566     9.886     0.060         5
    61.021     9.831     0.060         5
    61.172     9.815     0.060         5
    61.469     9.771     0.060         5
    61.619     9.755     0.060         5
    61.773     9.733     0.060         5
    61.924     9.714     0.060         5
    62.077     9.696     0.060         5
    62.228     9.676     0.060         5
    62.382     9.652     0.060         5
    62.532     9.634     0.060         5
    62.686     9.616     0.060         5
    62.990     9.573     0.060         5
    63.441     9.501     0.060         5
    63.591     9.479     0.060         5
    63.888     9.437     0.060         5
    64.181     9.391     0.060         5
    64.486     9.347     0.060         5
    64.636     9.319     0.060         5
    64.795     9.297     0.060         5
    64.942     9.285     0.060         5
    65.090     9.259     0.060         5
    65.399     9.264     0.060         5
    65.547     9.212     0.060         5
    65.708     9.182     0.060         5
    65.859     9.166     0.060         5
    66.009     9.162     0.060         5
    66.168     9.135     0.060         5
    66.315     9.100     0.060         5
    66.474     9.113     0.060         5
    66.621     9.065     0.060         5
    66.783     9.047     0.060         5
    66.930     9.027     0.060         5
    67.078     9.010     0.060         5
    67.229     9.001     0.060         5
    67.382     8.959     0.060         5
    67.533     8.944     0.060         5
    67.694     8.926     0.060         5
    67.845     8.908     0.060         5
    67.996     8.884     0.060         5
    68.149     8.858     0.060         5
    68.311     8.847     0.060         5
    68.461     8.819     0.060         5
    68.620     8.799     0.060         5
    68.770     8.798     0.060         5
    68.921     8.761     0.060         5
    69.082     8.758     0.060         5
    69.233     8.709     0.060         5
    69.394     8.683     0.060         5
    69.545     8.665     0.060         5
    69.699     8.673     0.060         5
    69.860     8.656     0.060         5
    70.008     8.644     0.060         5
    70.172     8.592     0.060         5
    70.323     8.576     0.060         5
    70.484     8.568     0.060         5
    70.638     8.517     0.060         5
    70.799     8.495     0.060         5
    70.949     8.516     0.060         5
    71.111     8.485     0.060         5
    71.261     8.423     0.060         5
    71.423     8.393     0.060         5
    71.573     8.401     0.060         5
    71.732     8.349     0.060         5
    71.893     8.352     0.060         5
    72.044     8.312     0.060         5
    72.208     8.308     0.060         5
    72.359     8.290     0.060         5
    72.512     8.260     0.060         5
    72.674     8.254     0.060         5
    72.827     8.221     0.060         5
    72.989     8.197     0.060         5
    73.139     8.171     0.060         5
    73.301     8.151     0.060         5
    73.451     8.123     0.060         5
    73.616     8.127     0.060         5
    73.769     8.075     0.060         5
    73.931     8.063     0.060         5
    74.092     8.029     0.060         5
    74.243     8.013     0.060         5
    74.393     7.987     0.060         5
    74.544     7.963     0.060         5
    74.694     7.947     0.060         5
    74.845     7.900     0.060         5
    74.993     7.891     0.060         5
    75.143     7.861     0.060         5
    75.294     7.835     0.060         5
    75.442     7.827     0.060         5
    75.603     7.791     0.060         5
    75.754     7.827     0.060         5
    75.907     7.761     0.060         5
    76.058     7.731     0.060         5
    76.222     7.757     0.060         5
    76.373     7.683     0.060         5
    76.527     7.710     0.060         5
    76.677     7.665     0.060         5
    76.831     7.606     0.060         5
    76.992     7.565     0.060         5
    77.143     7.607     0.060         5
    77.297     7.561     0.060         5
    77.458     7.499     0.060         5
    77.609     7.492     0.060         5
    77.762     7.469     0.060         5
    77.913     7.441     0.060         5
    78.074     7.413     0.060         5
    78.225     7.386     0.060         5
    78.375     7.379     0.060         5
    78.537     7.348     0.060         5
    78.698     7.325     0.060         5
    78.849     7.322     0.060         5
    79.010     7.288     0.060         5
    79.158     7.270     0.060         5
    79.319     7.237     0.060         5
    79.470     7.224     0.060         5
    79.620     7.185     0.060         5
    79.771     7.161     0.060         5
    79.932     7.137     0.060         5
    80.083     7.117     0.060         5
    80.234     7.105     0.060         5
    80.395     7.077     0.060         5
    80.543     7.049     0.060         5
    80.704     7.029     0.060         5
    80.855     7.011     0.060         5
    81.016     6.972     0.060         5
    81.166     6.945     0.060         5
    81.317     6.908     0.060         5
    81.478     6.895     0.060         5
    81.629     6.866     0.060         5
    81.790     6.845     0.060         5
    81.941     6.796     0.060         5
    82.102     6.782     0.060         5
    82.261     6.754     0.060         5
    82.411     6.729     0.060         5
    82.562     6.718     0.060         5
    82.723     6.688     0.060         5
    82.885     6.660     0.060         5
    83.046     6.640     0.060         5
    83.196     6.612     0.060         5
    83.355     6.580     0.060         5
    83.508     6.561     0.060         5
    83.670     6.516     0.060         5
    83.820     6.491     0.060         5
    83.985     6.444     0.060         5
    84.135     6.431     0.060         5
    84.286     6.390     0.060         5
    84.450     6.377     0.060         5
    84.612     6.336     0.060         5
    84.762     6.340     0.060         5
    84.924     6.284     0.060         5
    85.074     6.252     0.060         5
    85.239     6.232     0.060         5
    85.400     6.204     0.060         5
    85.551     6.172     0.060         5
    85.715     6.152     0.060         5
    85.865     6.136     0.060         5
    86.027     6.126     0.060         5
    86.177     6.102     0.060         5
    86.342     6.077     0.060         5
    86.492     6.018     0.060         5
    86.657     6.035     0.060         5
    86.807     5.994     0.060         5
    86.969     5.959     0.060         5
    87.133     5.930     0.060         5
    87.284     5.899     0.060         5
    87.445     5.890     0.060         5
    87.596     5.874     0.060         5
    87.757     5.831     0.060         5
    87.921     5.816     0.060         5
    88.072     5.792     0.060         5
    88.233     5.755     0.060         5
    88.387     5.725     0.060         5
    88.537     5.705     0.060         5
    88.699     5.679     0.060         5
    88.852     5.656     0.060         5
    89.014     5.641     0.060         5
    89.164     5.620     0.060         5
    89.318     5.592     0.060         5
    89.479     5.571     0.060         5
    89.633     5.546     0.060         5
    89.794     5.526     0.060         5
    89.945     5.504     0.060         5
    90.099     5.490     0.060         5
    90.260     5.468     0.060         5
    90.411     5.437     0.060         5
    90.879     5.340     0.060         5
    91.355     5.248     0.060         5
    91.660     5.192     0.060         5
    91.975     5.131     0.060         5
    92.289     5.059     0.060         5
    92.916     4.943     0.060         5
    93.400     4.838     0.060        10
    93.551     4.798     0.060        10
    93.715     4.761     0.060        10
    93.877     4.689     0.060        10
    94.038     4.614     0.060        10
    94.189     4.573     0.060        10
    94.353     4.510     0.060        10
    94.514     4.468     0.060        10
    94.665     4.420     0.060        10
    94.826     4.367     0.060        10
    94.980     4.319     0.060        10
    95.141     4.270     0.060        10
    95.302     4.225     0.060        10
    95.453     4.181     0.060        10
    95.617     4.132     0.060        10
    95.779     4.077     0.060        10
    95.940     4.022     0.060        10
    96.091     3.973     0.060        10
    96.252     3.919     0.060        10
    96.416     3.868     0.060        10
    96.567     3.815     0.060        10
    96.728     3.773     0.060        10
    96.882     3.728     0.060        10
    97.043     3.686     0.060        10
    97.204     3.641     0.060        10
    97.355     3.588     0.060        10
    97.516     3.537     0.060        10
    97.678     3.482     0.060        10
   102.860     1.000     0.000         0
   103.070     1.773     0.060         1
   103.220     1.796     0.060         1
   103.374     1.812     0.060         1
   103.524     1.847     0.060         1
   103.685     1.890     0.060         1
   103.839     1.927     0.060         1
   103.989     1.971     0.060         1
   104.154     2.025     0.060         1
   104.315     2.078     0.060         1
   104.469     2.131     0.060         1
   104.630     2.199     0.060         1
   104.794     2.262     0.060         1
   104.948     2.336     0.060         1
   105.109     2.401     0.060         1
   105.260     2.467     0.060         1
   105.424     2.536     0.060         1
   105.575     2.595     0.060         1
   105.728     2.710     0.060         1
   105.893     2.774     0.060         1
   111.978     4.361     0.060         5
   112.128     4.386     0.060         5
   112.290     4.420     0.060         5
   112.440     4.454     0.060         5
   112.588     4.483     0.060         5
   112.749     4.517     0.060         5
   112.900     4.551     0.060         5
   113.051     4.589     0.060         5
   113.201     4.622     0.060         5
   113.352     4.657     0.060         5
   113.510     4.687     0.060         5
   113.671     4.722     0.060         5
   113.833     4.756     0.060         5
   113.997     4.787     0.060         5
   114.148     4.825     0.060         5
   114.309     4.859     0.060         5
   114.470     4.892     0.060         5
   114.634     4.918     0.060         5
   114.796     4.948     0.060         5
   114.957     4.988     0.060         5
   115.118     5.012     0.060         5
   115.280     5.033     0.060         5
   115.441     5.065     0.060         5
   115.602     5.105     0.060         5
   115.763     5.141     0.060         5
   115.925     5.174     0.060         5
   116.086     5.210     0.060         5
   116.244     5.242     0.060         5
   116.395     5.278     0.060         5
   116.556     5.310     0.060         5
   116.715     5.350     0.060         5
   116.876     5.383     0.060         5
   117.027     5.410     0.060         5
   117.188     5.435     0.060         5
   117.346     5.463     0.060         5
   117.497     5.492     0.060         5
   117.658     5.526     0.060         5
   117.809     5.560     0.060         5
   117.970     5.574     0.060         5
   118.131     5.616     0.060         5
   118.293     5.645     0.060         5
   118.443     5.655     0.060         5
   118.605     5.688     0.060         5
   118.766     5.717     0.060         5
   118.930     5.742     0.060         5
   119.081     5.767     0.060         5
   119.242     5.800     0.060         5
   119.406     5.821     0.060         5
   119.568     5.853     0.060         5
   119.729     5.874     0.060         5
   119.890     5.899     0.060         5
   120.052     5.931     0.060         5
   120.213     5.954     0.060         5
   120.374     5.988     0.060         5
   120.536     6.015     0.060         5
   120.697     6.045     0.060         5
   120.858     6.080     0.060         5
   121.022     6.106     0.060         5
   121.184     6.137     0.060         5
   121.345     6.163     0.060         5
   121.509     6.198     0.060         5
   121.671     6.228     0.060         5
   121.832     6.267     0.060         5
   121.985     6.285     0.060         5
   122.147     6.319     0.060         5
   122.311     6.338     0.060         5
   122.472     6.373     0.060         5
   122.634     6.406     0.060         5
   122.798     6.429     0.060         5
   122.959     6.469     0.060         5
   123.110     6.505     0.060         5
   123.271     6.529     0.060         5
   123.583     6.592     0.060         5
   123.734     6.625     0.060         5
   124.046     6.690     0.060         5
   124.368     6.750     0.060         5
   124.686     6.803     0.060         5
   124.837     6.839     0.060         5
   125.162     6.899     0.060         5
   125.635     6.979     0.060         5
   126.098     7.055     0.060         5
   126.410     7.101     0.060         5
   126.560     7.139     0.060         5
   127.031     7.198     0.060         5
   127.343     7.250     0.060         5
   127.655     7.294     0.060         5
   128.120     7.363     0.060         5
   128.446     7.411     0.060         5
   128.922     7.479     0.060         5
   129.250     7.523     0.060         5
   129.576     7.563     0.060         5
   129.888     7.603     0.060         5
   130.378     7.663     0.060         5
   130.692     7.716     0.060         5
   131.018     7.768     0.060         5
   131.330     7.812     0.060         5
   131.806     7.880     0.060         5
   132.132     7.937     0.060         5
   132.296     7.973     0.060         5
   132.783     8.046     0.060         5
   133.262     8.135     0.060         5
   133.587     8.199     0.060         5
   133.913     8.256     0.060         5
   134.077     8.300     0.060         5
   134.564     8.380     0.060         5
   135.043     8.458     0.060         5
   135.205     8.501     0.060         5
   135.530     8.565     0.060         5
   135.996     8.649     0.060         5
   136.157     8.676     0.060         5
   136.472     8.737     0.060         5
   136.948     8.809     0.060         5
   137.424     8.898     0.060         5
   137.739     8.958     0.060         5
   138.051     9.010     0.060         5
   138.366     9.063     0.060         5
   138.527     9.094     0.060         5
   138.853     9.154     0.060         5
   139.168     9.210     0.060         5
   139.329     9.246     0.060         5
   139.654     9.298     0.060         5
   139.805     9.322     0.060         5
   140.292     9.406     0.060         5
   140.614     9.442     0.060         5
   140.776     9.466     0.060         5
   141.252     9.538     0.060         5
   141.577     9.577     0.060         5
   141.900     9.625     0.060         5
   142.225     9.669     0.060         5
   142.540     9.708     0.060         5
   142.702     9.724     0.060         5
   143.017     9.764     0.060         5
   143.339     9.811     0.060         5
   143.665     9.859     0.060         5
   143.987     9.903     0.060         5
   144.148     9.935     0.060         5
   144.474     9.991     0.060         5
   144.786    10.045     0.060         5
   145.111    10.095     0.060         5
   145.434    10.141     0.060         5
   145.595    10.158     0.060         5
   146.082    10.222     0.060         5
   146.566    10.294     0.060         5
   146.717    10.314     0.060         5
   147.042    10.365     0.060         5
   147.354    10.406     0.060         5
   147.679    10.457     0.060         5
   148.002    10.492     0.060         5
   148.317    10.542     0.060         5
   148.642    10.584     0.060         5
   149.116    10.634     0.060         5
   149.430    10.683     0.060         5
   149.907    10.738     0.060         5
   150.375    10.802     0.060         5
   150.690    10.846     0.060         5
   151.155    10.897     0.060         5
   151.470    10.940     0.060         5
   225.529    22.765     0.060         5
   226.124    22.909     0.060         5
   226.715    23.023     0.060         5
   227.296    23.149     0.060         5
   227.587    23.241     0.060         5
   228.318    23.379     0.060         5
   229.028    23.525     0.060         5
   229.319    23.573     0.060         5
   229.746    23.655     0.060         5
   230.440    23.761     0.060         5
   230.716    23.805     0.060         5
   231.561    23.959     0.060         5
   231.851    24.007     0.060         5
   232.558    24.123     0.060         5
   232.846    24.171     0.060         5
   233.553    24.281     0.060         5
   234.252    24.387     0.060         5
   234.949    24.513     0.060         5
   235.670    24.633     0.060         5
   236.523    24.753     0.060         5
   237.100    24.830     0.060         5
   237.692    24.910     0.060         5
   271.041    28.534     0.060         5
   271.684    28.606     0.060         5
   272.810    28.721     0.060         5
   273.455    28.776     0.060         5
   274.100    28.831     0.060         5
   274.912    28.911     0.060         5
   275.412    28.954     0.060         5
   276.227    29.009     0.060         5
   277.048    29.103     0.060         5
   277.368    29.093     0.060         5
   278.324    29.164     0.060         5
   279.448    29.254     0.060         5
   280.263    29.305     0.060         5
   280.892    29.360     0.060         5
   282.022    29.459     0.060         5
   283.127    29.558     0.060         5
   284.089    29.628     0.060         5
   285.369    29.730     0.060         5
   286.174    29.806     0.060         5
   286.488    29.813     0.060         5
   286.653    29.849     0.060         5
   287.464    29.904     0.060         5
   288.421    29.990     0.060         5
   289.557    30.105     0.060         5
   290.849    30.240     0.060         5
   291.994    30.384     0.060         5
   293.414    30.602     0.060         5
   295.428    30.941     0.060         5
   296.499    31.136     0.060         5
   297.583    31.331     0.060         5
   299.422    31.592     0.060         5
   300.332    31.729     0.060         5
   301.544    31.923     0.060         5
   302.333    32.035     0.060         5
   303.128    32.173     0.060         5
   303.910    32.277     0.060         5
   304.533    32.370     0.060         5
   305.632    32.547     0.060         5
   247.521    26.922     0.060         8
   248.298    27.001     0.060         8
   249.236    27.101     0.060         8
   250.317    27.204     0.060         8
   250.939    27.247     0.060         8
   251.728    27.297     0.060         8
   252.199    27.341     0.060         8
   252.845    27.388     0.060         8
   253.481    27.443     0.060         8
   253.946    27.458     0.060         8
   254.728    27.500     0.060         8
   255.499    27.530     0.060         8
   256.273    27.577     0.060         8
   257.047    27.648     0.060         8
   258.479    27.737     0.060         8
   259.278    27.788     0.060         8
   259.754    27.815     0.060         8
   260.391    27.862     0.060         8
   261.178    27.925     0.060         8
   261.651    27.968     0.060         8
   262.138    28.020     0.060         8
   262.786    28.096     0.060         8
   263.906    28.236     0.060         8
   265.222    28.408     0.060         8
   266.043    28.496     0.060         8
   267.024    28.591     0.060         8
   267.833    28.683     0.060         8
   268.473    28.746     0.060         8
   269.119    28.814     0.060         8
   270.074    28.880     0.060         8
   271.041    28.971     0.060         8
   272.324    29.115     0.060         8
   273.455    29.189     0.060         8
   274.261    29.231     0.060         8
   275.073    29.302     0.060         8
   276.063    29.385     0.060         8
   276.557    29.412     0.060         8
   277.048    29.430     0.060         8
   278.002    29.493     0.060         8
   278.975    29.542     0.060         8
   279.773    29.609     0.060         8
   280.577    29.668     0.060         8
   281.696    29.783     0.060         8
   283.127    29.910     0.060         8
   284.240    30.009     0.060         8
   106.681     3.052     0.060        10
   106.831     3.089     0.060        10
   106.992     3.112     0.060        10
   107.146     3.169     0.060        10
   107.297     3.209     0.060        10
   107.458     3.246     0.060        10
   107.609     3.286     0.060        10
   107.770     3.331     0.060        10
   107.924     3.372     0.060        10
   108.085     3.404     0.060        10
   108.235     3.440     0.060        10
   108.397     3.484     0.060        10
   108.544     3.529     0.060        10
   108.695     3.565     0.060        10
   108.856     3.606     0.060        10
   109.007     3.642     0.060        10
   109.168     3.674     0.060        10
   109.315     3.714     0.060        10
   109.480     3.751     0.060        10
   109.641     3.790     0.060        10
   109.792     3.832     0.060        10
   109.953     3.871     0.060        10
   110.103     3.910     0.060        10
   110.265     3.941     0.060        10
   110.418     3.981     0.060        10
   110.580     4.017     0.060        10
   110.730     4.052     0.060        10
   110.881     4.090     0.060        10
   111.042     4.147     0.060        10
   111.193     4.187     0.060        10
   111.354     4.224     0.060        10
     0.000     0.000     0.000        -1
