   120.860    -1.000     0.000         0
   117.658     2.761     0.060         1
   117.809     2.691     0.060         1
   117.970     2.607     0.060         1
   118.131     2.527     0.060         1
   118.292     2.431     0.060         1
   118.443     2.372     0.060         1
   118.604     2.314     0.060         1
   118.765     2.256     0.060         1
   118.930     2.202     0.060         1
   119.080     2.131     0.060         1
   119.241     2.085     0.060         1
   119.406     2.043     0.060         1
   119.566     2.005     0.060         1
   119.727     1.968     0.060         1
   119.888     1.934     0.060         1
   120.049     1.909     0.060         1
   120.209     1.889     0.060         1
   120.368     1.875     0.060         1
   120.525     1.867     0.060         1
   120.676     1.862     0.060         1
   120.771     1.860     0.060         1
   118.131     2.763     0.060         2
   118.292     2.706     0.060         2
   118.443     2.666     0.060         2
   118.604     2.625     0.060         2
   118.765     2.568     0.060         2
   118.930     2.515     0.060         2
   119.080     2.472     0.060         2
   119.241     2.439     0.060         2
   119.406     2.402     0.060         2
   119.566     2.376     0.060         2
   119.727     2.346     0.060         2
   119.888     2.325     0.060         2
   120.049     2.303     0.060         2
   120.209     2.291     0.060         2
   120.368     2.288     0.060         2
   120.525     2.280     0.060         2
   120.676     2.265     0.060         2
   120.771     2.261     0.060         2
    26.795    17.373     0.060         5
    27.594    17.270     0.060         5
    28.379    17.167     0.060         5
    29.184    17.039     0.060         5
    29.822    16.943     0.060         5
    30.285    16.880     0.060         5
    30.922    16.784     0.060         5
    31.552    16.693     0.060         5
    32.032    16.621     0.060         5
    32.683    16.521     0.060         5
    32.844    16.497     0.060         5
    33.156    16.462     0.060         5
    33.482    16.406     0.060         5
    34.130    16.306     0.060         5
    34.943    16.170     0.060         5
    35.280    16.122     0.060         5
    36.092    15.994     0.060         5
    36.907    15.867     0.060         5
    37.706    15.743     0.060         5
    38.193    15.663     0.060         5
    38.844    15.571     0.060         5
    39.331    15.495     0.060         5
    39.492    15.480     0.060         5
    39.982    15.412     0.060         5
    40.469    15.349     0.060         5
    40.967    15.273     0.060         5
    56.260    13.137     0.060         5
    56.881    13.050     0.060         5
    57.495    12.954     0.060         5
    57.957    12.886     0.060         5
    58.409    12.835     0.060         5
    58.869    12.784     0.060         5
    59.644    12.681     0.060         5
    59.945    12.653     0.060         5
    60.408    12.608     0.060         5
    61.172    12.489     0.060         5
    61.619    12.437     0.060         5
    62.381    12.326     0.060         5
    63.440    12.191     0.060         5
    64.181    12.108     0.060         5
    65.090    11.993     0.060         5
    65.858    11.890     0.060         5
    66.782    11.775     0.060         5
    67.533    11.651     0.060         5
    67.694    11.628     0.060         5
    67.995    11.588     0.060         5
    68.149    11.571     0.060         5
    68.461    11.528     0.060         5
    68.921    11.463     0.060         5
    69.232    11.425     0.060         5
    69.394    11.404     0.060         5
    69.544    11.381     0.060         5
    70.007    11.313     0.060         5
    70.171    11.296     0.060         5
    70.322    11.270     0.060         5
    70.637    11.226     0.060         5
    70.949    11.174     0.060         5
    71.110    11.152     0.060         5
    71.422    11.105     0.060         5
    71.731    11.081     0.060         5
    71.893    11.063     0.060         5
    72.043    11.036     0.060         5
    72.208    11.001     0.060         5
    72.358    10.983     0.060         5
    72.512    10.951     0.060         5
    72.673    10.919     0.060         5
    72.827    10.907     0.060         5
    72.988    10.895     0.060         5
    73.139    10.844     0.060         5
    73.300    10.853     0.060         5
    73.451    10.817     0.060         5
    73.615    10.802     0.060         5
    73.769    10.774     0.060         5
    73.930    10.763     0.060         5
    74.091    10.743     0.060         5
    74.242    10.740     0.060         5
    74.393    10.709     0.060         5
    74.543    10.680     0.060         5
    74.694    10.658     0.060         5
    74.845    10.629     0.060         5
    74.992    10.605     0.060         5
    75.143    10.588     0.060         5
    75.294    10.566     0.060         5
    75.441    10.525     0.060         5
    75.603    10.517     0.060         5
    75.753    10.509     0.060         5
    75.907    10.485     0.060         5
    76.058    10.461     0.060         5
    76.222    10.455     0.060         5
    76.373    10.439     0.060         5
    76.526    10.411     0.060         5
    76.677    10.370     0.060         5
    76.830    10.372     0.060         5
    76.992    10.332     0.060         5
    77.142    10.314     0.060         5
    77.296    10.266     0.060         5
    77.457    10.249     0.060         5
    77.608    10.242     0.060         5
    77.762    10.230     0.060         5
    77.912    10.196     0.060         5
    78.074    10.162     0.060         5
    78.224    10.144     0.060         5
    78.375    10.118     0.060         5
    78.536    10.116     0.060         5
    78.698    10.095     0.060         5
    78.848    10.064     0.060         5
    79.010    10.038     0.060         5
    79.157    10.019     0.060         5
    79.319    10.006     0.060         5
    79.469     9.988     0.060         5
    79.620     9.951     0.060         5
    79.770     9.918     0.060         5
    79.932     9.913     0.060         5
    80.082     9.880     0.060         5
    80.233     9.862     0.060         5
    80.394     9.849     0.060         5
    80.542     9.824     0.060         5
    80.703     9.804     0.060         5
    80.854     9.787     0.060         5
    81.015     9.759     0.060         5
    81.166     9.743     0.060         5
    81.317     9.718     0.060         5
    81.478     9.690     0.060         5
    81.629     9.661     0.060         5
    81.790     9.636     0.060         5
    81.941     9.647     0.060         5
    82.102     9.612     0.060         5
    82.260     9.593     0.060         5
    82.411     9.557     0.060         5
    82.562     9.546     0.060         5
    82.723     9.511     0.060         5
    82.884     9.487     0.060         5
    83.045     9.452     0.060         5
    83.196     9.441     0.060         5
    83.354     9.414     0.060         5
    83.508     9.361     0.060         5
    83.669     9.352     0.060         5
    83.820     9.349     0.060         5
    83.984     9.314     0.060         5
    84.135     9.286     0.060         5
    84.286     9.242     0.060         5
    84.450     9.234     0.060         5
    84.611     9.194     0.060         5
    84.762     9.178     0.060         5
    84.923     9.158     0.060         5
    85.074     9.134     0.060         5
    85.238     9.110     0.060         5
    85.399     9.078     0.060         5
    85.550     9.054     0.060         5
    85.714     8.994     0.060         5
    85.865     8.966     0.060         5
    86.026     8.974     0.060         5
    86.177     8.923     0.060         5
    86.341     8.889     0.060         5
    86.492     8.865     0.060         5
    86.656     8.854     0.060         5
    86.807     8.813     0.060         5
    86.968     8.818     0.060         5
    87.133     8.823     0.060         5
    87.283     8.775     0.060         5
    87.445     8.744     0.060         5
    87.595     8.719     0.060         5
    87.756     8.681     0.060         5
    87.921     8.632     0.060         5
    88.071     8.651     0.060         5
    88.233     8.623     0.060         5
    88.386     8.563     0.060         5
    88.537     8.592     0.060         5
    88.698     8.564     0.060         5
    88.852     8.591     0.060         5
    89.013     8.470     0.060         5
    89.164     8.510     0.060         5
    89.318     8.452     0.060         5
    89.479     8.458     0.060         5
    89.633     8.435     0.060         5
    89.794     8.407     0.060         5
    89.944     8.366     0.060         5
    90.098     8.353     0.060         5
    90.259     8.344     0.060         5
    90.410     8.315     0.060         5
    90.564     8.290     0.060         5
    90.725     8.278     0.060         5
    90.879     8.241     0.060         5
    91.029     8.224     0.060         5
    91.194     8.203     0.060         5
    91.355     8.171     0.060         5
    91.509     8.158     0.060         5
    91.659     8.133     0.060         5
    91.820     8.114     0.060         5
    91.974     8.095     0.060         5
    92.135     8.085     0.060         5
    92.289     8.042     0.060         5
    92.450     7.984     0.060         5
    92.604     7.962     0.060         5
    92.765     7.946     0.060         5
    92.916     7.910     0.060         5
    93.077     7.912     0.060         5
    93.239     7.841     0.060         5
    93.400     7.818     0.060         5
    93.551     7.817     0.060         5
    93.715     7.815     0.060         5
    93.876     7.799     0.060         5
    94.037     7.747     0.060         5
    94.188     7.747     0.060         5
    94.352     7.707     0.060         5
    94.514     7.734     0.060         5
    94.664     7.695     0.060         5
    94.826     7.666     0.060         5
    94.979     7.585     0.060         5
    95.141     7.564     0.060         5
    95.302     7.535     0.060         5
    95.453     7.510     0.060         5
    95.617     7.489     0.060         5
    95.778     7.474     0.060         5
    95.939     7.450     0.060         5
    96.090     7.437     0.060         5
    96.251     7.387     0.060         5
    96.416     7.280     0.060         5
    96.566     7.287     0.060         5
    96.728     7.206     0.060         5
    96.881     7.144     0.060         5
    97.043     7.135     0.060         5
    97.204     7.081     0.060         5
    97.355     7.052     0.060         5
    97.516     7.026     0.060         5
    97.677     6.984     0.060         5
    97.828     6.915     0.060         5
    97.989     6.893     0.060         5
    98.147     6.843     0.060         5
    98.298     6.814     0.060         5
    98.459     6.792     0.060         5
    98.607     6.805     0.060         5
    98.768     6.729     0.060         5
    98.919     6.714     0.060         5
    99.070     6.663     0.060         5
    99.228     6.632     0.060         5
    99.379     6.593     0.060         5
    99.540     6.522     0.060         5
    99.690     6.499     0.060         5
    99.841     6.478     0.060         5
   100.002     6.480     0.060         5
   100.153     6.404     0.060         5
   100.314     6.363     0.060         5
   100.465     6.331     0.060         5
   100.616     6.302     0.060         5
   100.777     6.265     0.060         5
   100.928     6.252     0.060         5
   101.081     6.229     0.060         5
   101.232     6.202     0.060         5
   101.385     6.179     0.060         5
   101.536     6.156     0.060         5
   101.690     6.133     0.060         5
   101.843     6.106     0.060         5
   101.994     6.095     0.060         5
   102.148     6.064     0.060         5
   102.298     6.037     0.060         5
   102.463     6.006     0.060         5
   102.613     5.983     0.060         5
   102.764     5.954     0.060         5
   102.917     5.936     0.060         5
   103.068     5.911     0.060         5
   103.219     5.901     0.060         5
   103.372     5.867     0.060         5
   103.523     5.846     0.060         5
   103.684     5.821     0.060         5
   103.838     5.823     0.060         5
   103.988     5.778     0.060         5
   104.153     5.752     0.060         5
   104.314     5.727     0.060         5
   104.468     5.700     0.060         5
   104.629     5.673     0.060         5
   104.793     5.642     0.060         5
   104.947     5.611     0.060         5
   105.108     5.592     0.060         5
   105.259     5.569     0.060         5
   105.423     5.539     0.060         5
   105.574     5.524     0.060         5
   105.727     5.489     0.060         5
   105.891     5.478     0.060         5
   106.042     5.439     0.060         5
   106.203     5.419     0.060         5
   106.368     5.392     0.060         5
   106.518     5.373     0.060         5
   106.680     5.349     0.060         5
   106.830     5.318     0.060         5
   106.992     5.303     0.060         5
   107.145     5.271     0.060         5
   107.296     5.251     0.060         5
   107.457     5.215     0.060         5
   107.608     5.215     0.060         5
   107.769     5.183     0.060         5
   107.923     5.143     0.060         5
   108.084     5.087     0.060         5
   108.235     5.115     0.060         5
   108.396     5.059     0.060         5
   108.544     5.011     0.060         5
   108.694     4.971     0.060         5
   108.855     4.987     0.060         5
   109.006     4.947     0.060         5
   109.167     4.931     0.060         5
   109.315     4.911     0.060         5
   109.479     4.871     0.060         5
   109.641     4.855     0.060         5
   109.791     4.823     0.060         5
   109.953     4.803     0.060         5
   110.103     4.779     0.060         5
   110.265     4.754     0.060         5
   110.418     4.716     0.060         5
   110.579     4.694     0.060         5
   110.730     4.664     0.060         5
   110.881     4.630     0.060         5
   111.042     4.612     0.060         5
   111.193     4.587     0.060         5
   111.354     4.558     0.060         5
   111.505     4.529     0.060         5
   111.666     4.504     0.060         5
   111.817     4.479     0.060         5
   111.978     4.454     0.060         5
   112.129     4.438     0.060         5
   112.290     4.413     0.060         5
   112.441     4.388     0.060         5
   112.588     4.367     0.060         5
    12.866    19.633     0.060         8
    13.027    19.620     0.060         8
    13.185    19.591     0.060         8
    13.347    19.578     0.060         8
    13.505    19.566     0.060         8
    13.656    19.538     0.060         8
    13.817    19.524     0.060         8
    13.978    19.496     0.060         8
    14.143    19.478     0.060         8
    14.304    19.509     0.060         8
    14.458    19.441     0.060         8
    14.619    19.411     0.060         8
    14.784    19.393     0.060         8
    14.945    19.413     0.060         8
    15.109    19.355     0.060         8
    15.271    19.372     0.060         8
    15.435    19.314     0.060         8
    15.599    19.302     0.060         8
    15.750    19.333     0.060         8
    15.922    19.266     0.060         8
    16.086    19.271     0.060         8
    16.248    19.228     0.060         8
    16.412    19.218     0.060         8
    16.573    19.173     0.060         8
    16.738    19.160     0.060         8
    16.910    19.130     0.060         8
    17.074    19.148     0.060         8
    17.236    19.082     0.060         8
    17.397    19.080     0.060         8
    17.558    19.053     0.060         8
    17.709    19.038     0.060         8
    17.870    19.029     0.060         8
    18.032    19.003     0.060         8
    18.182    18.990     0.060         8
    18.341    18.957     0.060         8
    18.502    18.972     0.060         8
    18.656    18.939     0.060         8
    18.817    18.934     0.060         8
    18.978    18.889     0.060         8
    19.129    18.888     0.060         8
    19.290    18.848     0.060         8
    19.441    18.827     0.060         8
    19.602    18.854     0.060         8
    19.753    18.788     0.060         8
    19.914    18.767     0.060         8
    20.065    18.751     0.060         8
    20.216    18.721     0.060         8
    20.377    18.650     0.060         8
    20.531    18.721     0.060         8
    20.692    18.661     0.060         8
    20.843    18.686     0.060         8
    21.008    18.614     0.060         8
    21.158    18.600     0.060         8
    21.320    18.618     0.060         8
    21.473    18.560     0.060         8
    21.635    18.540     0.060         8
    21.785    18.528     0.060         8
    21.947    18.500     0.060         8
    22.100    18.484     0.060         8
    22.251    18.452     0.060         8
    22.402    18.449     0.060         8
    22.566    18.421     0.060         8
    22.717    18.442     0.060         8
    22.878    18.377     0.060         8
    23.032    18.357     0.060         8
    23.193    18.329     0.060         8
    23.344    18.305     0.060         8
    23.505    18.287     0.060         8
    23.656    18.265     0.060         8
    23.820    18.242     0.060         8
    23.982    18.217     0.060         8
    24.129    18.248     0.060         8
    24.291    18.187     0.060         8
    24.441    18.112     0.060         8
    24.600    18.193     0.060         8
    24.761    18.129     0.060         8
    24.922    18.105     0.060         8
    25.073    18.088     0.060         8
    25.231    18.068     0.060         8
    25.393    18.035     0.060         8
    25.544    18.067     0.060         8
    25.705    17.991     0.060         8
    25.856    17.967     0.060         8
    26.017    17.944     0.060         8
    26.168    17.964     0.060         8
    26.329    17.910     0.060         8
    26.480    17.880     0.060         8
    26.641    17.867     0.060         8
    26.795    17.843     0.060         8
    26.956    17.820     0.060         8
    27.117    17.768     0.060         8
    27.268    17.770     0.060         8
    27.432    17.747     0.060         8
    27.594    17.719     0.060         8
    27.744    17.700     0.060         8
    27.906    17.646     0.060         8
    28.067    17.636     0.060         8
    28.218    17.633     0.060         8
    28.379    17.611     0.060         8
    28.543    17.582     0.060         8
    28.694    17.580     0.060         8
    28.858    17.546     0.060         8
    29.020    17.528     0.060         8
    29.184    17.513     0.060         8
    29.335    17.470     0.060         8
    29.496    17.428     0.060         8
    29.661    17.442     0.060         8
    29.822    17.431     0.060         8
    29.973    17.371     0.060         8
    30.131    17.396     0.060         8
    30.285    17.314     0.060         8
    30.446    17.354     0.060         8
    30.610    17.331     0.060         8
    30.761    17.302     0.060         8
    30.922    17.274     0.060         8
    31.076    17.259     0.060         8
    31.237    17.229     0.060         8
    31.388    17.206     0.060         8
    31.552    17.177     0.060         8
    31.714    17.162     0.060         8
    31.878    17.132     0.060         8
    32.032    17.167     0.060         8
    32.196    17.098     0.060         8
    32.357    17.078     0.060         8
    32.522    17.062     0.060         8
    32.683    17.025     0.060         8
    32.844    17.001     0.060         8
    33.006    16.924     0.060         8
    33.156    16.961     0.060         8
    33.318    16.914     0.060         8
    33.482    16.925     0.060         8
    33.643    16.845     0.060         8
    33.808    16.878     0.060         8
    33.969    16.857     0.060         8
    34.130    16.830     0.060         8
    34.292    16.806     0.060         8
    34.456    16.775     0.060         8
    34.617    16.754     0.060         8
    34.782    16.736     0.060         8
    34.943    16.711     0.060         8
    35.107    16.690     0.060         8
    35.280    16.625     0.060         8
    35.444    16.649     0.060         8
    35.605    16.625     0.060         8
    35.767    16.615     0.060         8
    35.931    16.576     0.060         8
    36.092    16.569     0.060         8
    36.254    16.532     0.060         8
    36.415    16.541     0.060         8
    36.584    16.476     0.060         8
    36.745    16.450     0.060         8
    36.907    16.427     0.060         8
    37.057    16.413     0.060         8
    37.222    16.364     0.060         8
    37.383    16.349     0.060         8
    37.544    16.326     0.060         8
    37.706    16.322     0.060         8
    37.870    16.267     0.060         8
    38.031    16.235     0.060         8
    38.193    16.250     0.060         8
    38.357    16.223     0.060         8
    38.518    16.150     0.060         8
    38.680    16.190     0.060         8
    38.844    16.164     0.060         8
    39.005    16.091     0.060         8
    39.170    16.135     0.060         8
    39.331    16.112     0.060         8
    39.492    16.035     0.060         8
    39.657    16.073     0.060         8
    39.818    16.047     0.060         8
    39.982    15.968     0.060         8
    40.144    16.000     0.060         8
    40.305    15.976     0.060         8
    40.469    15.956     0.060         8
    40.631    15.933     0.060         8
    40.792    15.902     0.060         8
    40.967    15.885     0.060         8
    41.128    15.828     0.060         8
    41.287    15.845     0.060         8
    41.448    15.817     0.060         8
    41.599    15.793     0.060         8
    41.760    15.736     0.060         8
    41.921    15.751     0.060         8
    42.083    15.712     0.060         8
    42.244    15.717     0.060         8
    42.419    15.684     0.060         8
    42.570    15.672     0.060         8
    42.731    15.647     0.060         8
    55.652    14.284     0.060         8
    57.032    14.128     0.060         8
    57.344    14.180     0.060         8
    57.807    14.124     0.060         8
    57.957    14.045     0.060         8
    58.259    14.072     0.060         8
    58.718    14.016     0.060         8
    59.332    13.947     0.060         8
    59.794    13.887     0.060         8
    60.408    13.842     0.060         8
    60.717    13.821     0.060         8
    61.172    13.769     0.060         8
    61.773    13.720     0.060         8
    62.381    13.667     0.060         8
    62.990    13.599     0.060         8
    63.440    13.550     0.060         8
    63.887    13.510     0.060         8
    64.485    13.464     0.060         8
    65.399    13.356     0.060         8
    66.009    13.318     0.060         8
    66.621    13.250     0.060         8
    67.078    13.232     0.060         8
    67.845    13.159     0.060         8
   113.510     4.185     0.060        10
   113.672     4.152     0.060        10
   113.833     4.104     0.060        10
   114.148     4.035     0.060        10
   114.471     3.952     0.060        10
   114.635     3.902     0.060        10
   114.796     3.855     0.060        10
   115.119     3.785     0.060        10
    27.432    17.835     0.060        14
    28.543    17.661     0.060        14
    29.661    17.491     0.060        14
    30.610    17.354     0.060        14
    30.922    17.302     0.060        14
    31.714    17.198     0.060        14
    32.032    17.133     0.060        14
    32.522    17.062     0.060        14
    33.643    16.893     0.060        14
    34.292    16.804     0.060        14
    34.943    16.696     0.060        14
    35.605    16.588     0.060        14
    36.584    16.424     0.060        14
    37.057    16.363     0.060        14
    37.870    16.236     0.060        14
    38.193    16.194     0.060        14
    38.518    16.147     0.060        14
    39.170    16.039     0.060        14
    39.982    15.941     0.060        14
    65.090    12.613     0.060        14
    66.167    12.452     0.060        14
    66.930    12.324     0.060        14
    67.533    12.304     0.060        14
    67.995    12.208     0.060        14
    68.619    12.124     0.060        14
    69.082    12.048     0.060        14
    69.698    11.944     0.060        14
    70.483    11.852     0.060        14
    70.798    11.844     0.060        14
    71.573    11.740     0.060        14
    72.043    11.669     0.060        14
    72.208    11.649     0.060        14
    72.512    11.597     0.060        14
    72.673    11.573     0.060        14
    73.139    11.509     0.060        14
    73.300    11.481     0.060        14
    73.615    11.429     0.060        14
    73.930    11.390     0.060        14
    74.091    11.362     0.060        14
    74.393    11.314     0.060        14
    74.543    11.298     0.060        14
    74.694    11.277     0.060        14
    74.845    11.246     0.060        14
    74.992    11.227     0.060        14
    75.143    11.210     0.060        14
    75.294    11.193     0.060        14
    75.441    11.175     0.060        14
    75.603    11.140     0.060        14
    75.753    11.120     0.060        14
    75.907    11.112     0.060        14
    76.058    11.104     0.060        14
    76.222    11.064     0.060        14
    76.373    11.056     0.060        14
    76.526    11.016     0.060        14
    76.677    11.000     0.060        14
    76.830    10.976     0.060        14
    76.992    10.973     0.060        14
    77.142    10.937     0.060        14
    77.296    10.929     0.060        14
    77.457    10.901     0.060        14
    77.608    10.885     0.060        14
    77.762    10.857     0.060        14
    77.912    10.833     0.060        14
    78.074    10.825     0.060        14
    78.224    10.789     0.060        14
    78.375    10.777     0.060        14
    78.536    10.752     0.060        14
    78.698    10.750     0.060        14
    78.848    10.732     0.060        14
    79.010    10.710     0.060        14
    79.157    10.688     0.060        14
    79.319    10.653     0.060        14
    79.469    10.635     0.060        14
    79.620    10.609     0.060        14
    79.770    10.563     0.060        14
    79.932    10.548     0.060        14
    80.082    10.534     0.060        14
    80.233    10.476     0.060        14
    80.394    10.446     0.060        14
    80.542    10.443     0.060        14
    80.703    10.413     0.060        14
    80.854    10.379     0.060        14
    81.015    10.353     0.060        14
    81.166    10.338     0.060        14
    81.317    10.308     0.060        14
    81.478    10.294     0.060        14
    81.629    10.260     0.060        14
    81.790    10.226     0.060        14
    81.941    10.207     0.060        14
    82.102    10.185     0.060        14
    82.260    10.155     0.060        14
    82.411    10.131     0.060        14
    82.562    10.107     0.060        14
    82.723    10.079     0.060        14
    82.884    10.055     0.060        14
    83.045    10.035     0.060        14
    83.196     9.999     0.060        14
    83.354     9.978     0.060        14
    83.508     9.975     0.060        14
    83.669     9.911     0.060        14
    83.820     9.895     0.060        14
    83.984     9.879     0.060        14
    84.135     9.855     0.060        14
    84.286     9.823     0.060        14
    84.450     9.787     0.060        14
    84.611     9.771     0.060        14
    84.762     9.747     0.060        14
    84.923     9.719     0.060        14
    85.074     9.695     0.060        14
    85.238     9.671     0.060        14
    85.399     9.627     0.060        14
    85.550     9.607     0.060        14
    85.714     9.599     0.060        14
    85.865     9.570     0.060        14
    86.026     9.542     0.060        14
    86.177     9.501     0.060        14
    86.341     9.493     0.060        14
    86.492     9.487     0.060        14
    86.656     9.453     0.060        14
    86.807     9.404     0.060        14
    86.968     9.400     0.060        14
    87.133     9.400     0.060        14
    87.283     9.351     0.060        14
    87.445     9.335     0.060        14
    87.595     9.306     0.060        14
    87.756     9.300     0.060        14
    87.921     9.280     0.060        14
    88.071     9.250     0.060        14
    88.233     9.228     0.060        14
    88.386     9.196     0.060        14
    88.537     9.184     0.060        14
    88.698     9.148     0.060        14
    88.852     9.121     0.060        14
    89.013     9.100     0.060        14
    89.164     9.083     0.060        14
    89.318     9.061     0.060        14
    89.479     9.033     0.060        14
    89.633     9.013     0.060        14
    89.794     8.990     0.060        14
    89.944     8.980     0.060        14
    90.098     8.923     0.060        14
    90.259     8.934     0.060        14
    90.410     8.901     0.060        14
    90.564     8.895     0.060        14
    90.725     8.858     0.060        14
    90.879     8.821     0.060        14
    91.029     8.803     0.060        14
    91.194     8.782     0.060        14
    91.355     8.760     0.060        14
    91.509     8.734     0.060        14
    91.659     8.711     0.060        14
    91.820     8.697     0.060        14
    91.974     8.671     0.060        14
    92.135     8.644     0.060        14
    92.289     8.627     0.060        14
    92.450     8.599     0.060        14
    92.604     8.562     0.060        14
    92.916     8.492     0.060        14
    93.077     8.470     0.060        14
    93.239     8.450     0.060        14
    93.400     8.429     0.060        14
    93.551     8.431     0.060        14
    93.715     8.385     0.060        14
    93.876     8.363     0.060        14
    94.037     8.339     0.060        14
    94.188     8.323     0.060        14
    94.352     8.291     0.060        14
    94.514     8.267     0.060        14
    94.664     8.268     0.060        14
    94.826     8.242     0.060        14
    94.979     8.208     0.060        14
    95.141     8.163     0.060        14
    95.453     8.107     0.060        14
    95.617     8.080     0.060        14
    95.778     8.064     0.060        14
    96.090     8.052     0.060        14
    96.251     8.028     0.060        14
    96.416     7.940     0.060        14
    96.566     7.876     0.060        14
    96.728     7.896     0.060        14
    96.881     7.848     0.060        14
    97.355     7.710     0.060        14
    97.516     7.670     0.060        14
    97.677     7.628     0.060        14
    97.828     7.626     0.060        14
    97.989     7.570     0.060        14
    98.147     7.514     0.060        14
    98.298     7.506     0.060        14
    98.459     7.494     0.060        14
    98.607     7.446     0.060        14
    98.768     7.414     0.060        14
    98.919     7.378     0.060        14
    99.070     7.305     0.060        14
    99.228     7.218     0.060        14
    99.379     7.182     0.060        14
    99.540     7.142     0.060        14
    99.690     7.107     0.060        14
    99.841     7.076     0.060        14
   100.002     7.064     0.060        14
   100.153     7.026     0.060        14
   100.314     6.990     0.060        14
   100.465     6.970     0.060        14
   100.616     6.930     0.060        14
   100.777     6.901     0.060        14
   100.928     6.871     0.060        14
   101.081     6.850     0.060        14
   101.232     6.825     0.060        14
   101.385     6.800     0.060        14
   101.536     6.790     0.060        14
   101.690     6.769     0.060        14
   101.843     6.756     0.060        14
   101.994     6.738     0.060        14
   102.148     6.713     0.060        14
   102.298     6.696     0.060        14
   102.463     6.659     0.060        14
   102.613     6.652     0.060        14
   102.764     6.630     0.060        14
   102.917     6.599     0.060        14
   103.068     6.584     0.060        14
   103.219     6.546     0.060        14
   103.372     6.511     0.060        14
   103.523     6.489     0.060        14
   103.684     6.470     0.060        14
   103.838     6.464     0.060        14
   103.988     6.429     0.060        14
   104.153     6.406     0.060        14
   104.314     6.376     0.060        14
   104.468     6.325     0.060        14
   104.629     6.331     0.060        14
   104.793     6.296     0.060        14
   104.947     6.258     0.060        14
   105.108     6.219     0.060        14
   105.259     6.213     0.060        14
   105.423     6.174     0.060        14
   105.574     6.148     0.060        14
   105.727     6.145     0.060        14
   105.891     6.098     0.060        14
   106.042     6.092     0.060        14
   106.203     6.056     0.060        14
   106.368     6.040     0.060        14
   106.518     6.000     0.060        14
   106.680     5.980     0.060        14
   106.830     5.960     0.060        14
   106.992     5.932     0.060        14
   107.145     5.896     0.060        14
   107.296     5.892     0.060        14
   107.457     5.864     0.060        14
   107.608     5.840     0.060        14
   107.769     5.828     0.060        14
   107.923     5.792     0.060        14
   108.084     5.740     0.060        14
   108.235     5.728     0.060        14
   108.396     5.700     0.060        14
   108.544     5.666     0.060        14
   108.694     5.641     0.060        14
   108.855     5.607     0.060        14
   109.006     5.577     0.060        14
   109.167     5.544     0.060        14
   109.315     5.510     0.060        14
   109.479     5.484     0.060        14
   109.641     5.495     0.060        14
   109.791     5.457     0.060        14
   109.953     5.423     0.060        14
   110.103     5.396     0.060        14
   110.265     5.364     0.060        14
   110.418     5.345     0.060        14
   110.579     5.309     0.060        14
   110.730     5.270     0.060        14
   110.881     5.234     0.060        14
   111.042     5.207     0.060        14
   111.193     5.179     0.060        14
   111.354     5.148     0.060        14
   111.505     5.112     0.060        14
   111.666     5.080     0.060        14
   111.817     5.057     0.060        14
   111.978     5.033     0.060        14
   112.129     5.014     0.060        14
   112.290     4.986     0.060        14
   112.441     4.959     0.060        14
   112.588     4.939     0.060        14
   112.750     4.920     0.060        14
    47.114    24.490     0.060        24
    47.591    24.354     0.060        24
    48.053    24.226     0.060        24
    48.533    24.106     0.060        24
    49.160    23.946     0.060        24
    49.472    23.878     0.060        24
    50.414    23.642     0.060        24
    50.887    23.522     0.060        24
    51.672    23.326     0.060        24
    52.605    23.094     0.060        24
    52.756    23.058     0.060        24
    53.520    22.874     0.060        24
    54.276    22.663     0.060        24
    54.581    22.587     0.060        24
    55.186    22.411     0.060        24
    55.805    22.247     0.060        24
    56.260    22.111     0.060        24
    56.723    21.979     0.060        24
    57.344    21.807     0.060        24
    65.546    19.755     0.060        24
    66.315    19.555     0.060        24
    67.533    19.251     0.060        24
    68.310    19.059     0.060        24
    69.082    18.863     0.060        24
    69.859    18.663     0.060        24
    70.949    18.375     0.060        24
    71.573    18.203     0.060        24
    72.043    18.083     0.060        24
    72.988    17.831     0.060        24
    76.373    17.103     0.060        24
    91.974    12.560     0.060        24
    92.450    12.392     0.060        24
    92.916    12.268     0.060        24
    93.400    12.128     0.060        24
    93.715    12.036     0.060        24
    94.664    11.772     0.060        24
   103.684     9.062     0.060        24
   104.947     8.651     0.060        24
   105.574     8.428     0.060        24
   106.680     7.946     0.060        24
   107.457     7.699     0.060        24
   109.006     7.081     0.060        24
   109.953     6.786     0.060        24
   110.579     6.563     0.060        24
   111.193     6.359     0.060        24
   111.666     6.200     0.060        24
   112.290     5.977     0.060        24
   113.051     5.674     0.060        24
   113.510     5.459     0.060        24
   114.309     5.184     0.060        24
   114.796     5.004     0.060        24
    31.237    29.614     0.060        28
    32.196    29.398     0.060        28
    34.130    28.914     0.060        28
    34.943    28.721     0.060        28
    35.767    28.564     0.060        28
    36.745    28.344     0.060        28
    37.544    28.144     0.060        28
    38.680    27.895     0.060        28
    39.005    27.834     0.060        28
    40.305    27.569     0.060        28
    41.448    27.320     0.060        28
    42.731    27.023     0.060        28
    44.762    26.515     0.060        28
    46.019    26.199     0.060        28
   106.830     6.979     0.060        30
   106.992     6.924     0.060        30
   107.145     6.871     0.060        30
   107.296     6.810     0.060        30
   107.457     6.774     0.060        30
   107.608     6.720     0.060        30
   107.769     6.644     0.060        30
   107.923     6.597     0.060        30
   108.084     6.545     0.060        30
   108.235     6.495     0.060        30
   108.396     6.446     0.060        30
   108.544     6.384     0.060        30
   108.694     6.329     0.060        30
   108.855     6.284     0.060        30
   109.006     6.237     0.060        30
   109.167     6.172     0.060        30
   109.315     6.118     0.060        30
   109.479     6.062     0.060        30
   109.641     6.002     0.060        30
   109.791     5.953     0.060        30
   109.953     5.901     0.060        30
   110.103     5.847     0.060        30
   110.265     5.796     0.060        30
   110.418     5.746     0.060        30
   110.579     5.688     0.060        30
   110.730     5.633     0.060        30
   110.881     5.570     0.060        30
   111.042     5.513     0.060        30
   111.193     5.461     0.060        30
   111.354     5.416     0.060        30
   111.505     5.369     0.060        30
   111.666     5.299     0.060        30
   111.817     5.240     0.060        30
   111.978     5.186     0.060        30
   112.129     5.135     0.060        30
   112.290     5.077     0.060        30
   112.441     5.014     0.060        30
   112.588     4.960     0.060        30
   112.750     4.907     0.060        30
   112.900     4.856     0.060        30
   113.051     4.805     0.060        30
   113.201     4.743     0.060        30
   113.352     4.684     0.060        30
   113.510     4.614     0.060        30
   113.672     4.543     0.060        30
   113.833     4.500     0.060        30
   113.997     4.437     0.060        30
   114.148     4.359     0.060        30
   114.309     4.291     0.060        30
   114.471     4.258     0.060        30
   114.635     4.210     0.060        30
   114.796     4.166     0.060        30
   120.860     1.000     0.000         0
   121.042     1.869     0.060         1
   121.194     1.889     0.060         1
   121.352     1.915     0.060         1
   121.514     1.948     0.060         1
   121.674     1.978     0.060         1
   121.835     2.017     0.060         1
   121.988     2.059     0.060         1
   122.149     2.109     0.060         1
   122.312     2.155     0.060         1
   122.474     2.212     0.060         1
   122.635     2.277     0.060         1
   122.799     2.335     0.060         1
   122.960     2.394     0.060         1
   123.111     2.450     0.060         1
   123.272     2.517     0.060         1
   123.422     2.586     0.060         1
   123.584     2.654     0.060         1
   123.734     2.718     0.060         1
   121.042     2.265     0.060         2
   121.194     2.276     0.060         2
   121.352     2.300     0.060         2
   121.514     2.332     0.060         2
   121.674     2.352     0.060         2
   121.835     2.376     0.060         2
   121.988     2.404     0.060         2
   122.149     2.436     0.060         2
   122.312     2.489     0.060         2
   122.474     2.534     0.060         2
   129.086     4.652     0.060         5
   129.250     4.672     0.060         5
   129.411     4.699     0.060         5
   129.576     4.726     0.060         5
   129.737     4.757     0.060         5
   129.888     4.780     0.060         5
   130.052     4.803     0.060         5
   130.213     4.832     0.060         5
   130.377     4.857     0.060         5
   130.528     4.882     0.060         5
   130.692     4.911     0.060         5
   130.853     4.942     0.060         5
   131.018     4.973     0.060         5
   131.168     5.000     0.060         5
   131.330     5.026     0.060         5
   131.491     5.057     0.060         5
   131.655     5.088     0.060         5
   131.806     5.115     0.060         5
   131.970     5.147     0.060         5
   132.131     5.178     0.060         5
   132.296     5.210     0.060         5
   132.457     5.241     0.060         5
   132.621     5.273     0.060         5
   132.782     5.296     0.060         5
   132.947     5.315     0.060         5
   133.100     5.342     0.060         5
   133.261     5.369     0.060         5
   133.426     5.400     0.060         5
   133.587     5.433     0.060         5
   133.751     5.461     0.060         5
   133.913     5.493     0.060         5
   134.077     5.525     0.060         5
   134.238     5.561     0.060         5
   134.399     5.585     0.060         5
   134.564     5.621     0.060         5
   134.725     5.649     0.060         5
   134.889     5.678     0.060         5
   135.043     5.707     0.060         5
   135.204     5.739     0.060         5
   135.365     5.780     0.060         5
   135.530     5.817     0.060         5
   135.680     5.845     0.060         5
   135.842     5.866     0.060         5
   135.995     5.899     0.060         5
   136.156     5.923     0.060         5
   136.307     5.956     0.060         5
   136.471     5.985     0.060         5
   136.633     6.026     0.060         5
   136.786     6.046     0.060         5
   136.947     6.075     0.060         5
   137.098     6.116     0.060         5
   137.262     6.157     0.060         5
   137.424     6.182     0.060         5
   137.574     6.215     0.060         5
   137.739     6.245     0.060         5
   137.900     6.274     0.060         5
   138.050     6.307     0.060         5
   138.215     6.341     0.060         5
   138.365     6.370     0.060         5
   138.527     6.403     0.060         5
   138.688     6.440     0.060         5
   138.852     6.478     0.060         5
   139.003     6.503     0.060         5
   139.167     6.528     0.060         5
   139.328     6.562     0.060         5
   139.490     6.595     0.060         5
   139.654     6.628     0.060         5
   139.804     6.653     0.060         5
   139.966     6.690     0.060         5
   140.127     6.711     0.060         5
   140.291     6.740     0.060         5
   140.453     6.765     0.060         5
   140.614     6.786     0.060         5
   140.775     6.813     0.060         5
   140.929     6.839     0.060         5
   141.090     6.862     0.060         5
   141.251     6.901     0.060         5
   141.416     6.928     0.060         5
   141.577     6.963     0.060         5
   141.738     7.000     0.060         5
   141.899     7.010     0.060         5
   142.064     7.044     0.060         5
   142.225     7.074     0.060         5
   142.379     7.088     0.060         5
   142.540     7.110     0.060         5
   142.701     7.142     0.060         5
   142.865     7.178     0.060         5
   143.016     7.182     0.060         5
   143.177     7.206     0.060         5
   143.339     7.226     0.060         5
   143.503     7.245     0.060         5
   143.664     7.268     0.060         5
   143.825     7.282     0.060         5
   143.987     7.309     0.060         5
   144.148     7.328     0.060         5
   144.309     7.358     0.060         5
   144.474     7.397     0.060         5
   144.624     7.415     0.060         5
   144.785     7.426     0.060         5
   144.947     7.461     0.060         5
   145.111     7.486     0.060         5
   145.272     7.528     0.060         5
   145.434     7.558     0.060         5
   145.595     7.579     0.060         5
   145.756     7.605     0.060         5
   145.917     7.636     0.060         5
   146.082     7.662     0.060         5
   146.243     7.685     0.060         5
   146.404     7.703     0.060         5
   146.565     7.734     0.060         5
   146.716     7.757     0.060         5
   146.880     7.794     0.060         5
   147.042     7.811     0.060         5
   147.203     7.828     0.060         5
   147.353     7.845     0.060         5
   147.515     7.864     0.060         5
   147.679     7.880     0.060         5
   147.840     7.903     0.060         5
   148.002     7.931     0.060         5
   148.152     7.958     0.060         5
   148.316     7.973     0.060         5
   148.478     8.004     0.060         5
   148.642     8.031     0.060         5
   148.793     8.057     0.060         5
   148.954     8.079     0.060         5
   149.115     8.101     0.060         5
   149.266     8.119     0.060         5
   149.430     8.144     0.060         5
   149.581     8.150     0.060         5
   149.745     8.174     0.060         5
   149.906     8.185     0.060         5
   150.060     8.205     0.060         5
   150.224     8.221     0.060         5
   150.375     8.241     0.060         5
   150.536     8.261     0.060         5
   150.689     8.281     0.060         5
   150.851     8.308     0.060         5
   151.004     8.332     0.060         5
   151.155     8.362     0.060         5
   151.309     8.372     0.060         5
   151.470     8.413     0.060         5
   151.623     8.435     0.060         5
   151.777     8.448     0.060         5
   151.931     8.458     0.060         5
   152.092     8.476     0.060         5
   152.246     8.494     0.060         5
   152.399     8.528     0.060         5
   152.871     8.558     0.060         5
   153.021     8.602     0.060         5
   153.175     8.610     0.060         5
   153.329     8.626     0.060         5
   153.479     8.639     0.060         5
   153.633     8.656     0.060         5
   153.786     8.669     0.060         5
   232.127    21.697     0.060         5
   232.407    21.749     0.060         5
   233.125    21.874     0.060         5
   233.692    21.959     0.060         5
   234.112    22.031     0.060         5
   234.948    22.152     0.060         5
   235.949    22.284     0.060         5
   236.813    22.400     0.060         5
   237.831    22.528     0.060         5
   238.423    22.600     0.060         5
   239.039    22.668     0.060         5
   239.504    22.736     0.060         5
   281.381    27.024     0.060         5
   282.021    27.053     0.060         5
   282.648    27.113     0.060         5
   283.764    27.209     0.060         5
   284.890    27.312     0.060         5
   286.327    27.432     0.060         5
   286.977    27.481     0.060         5
   288.101    27.611     0.060         5
   288.904    27.691     0.060         5
   290.365    27.834     0.060         5
   291.830    28.029     0.060         5
   292.623    28.175     0.060         5
   292.948    28.215     0.060         5
   293.718    28.356     0.060         5
   294.183    28.412     0.060         5
   294.812    28.522     0.060         5
   295.732    28.684     0.060         5
   296.348    28.805     0.060         5
   297.278    28.941     0.060         5
   298.040    29.067     0.060         5
   299.421    29.290     0.060         5
   299.874    29.366     0.060         5
   300.934    29.508     0.060         5
   301.863    29.655     0.060         5
   302.655    29.815     0.060         5
   304.221    30.031     0.060         5
   249.547    25.056     0.060         8
   250.012    25.046     0.060         8
   250.631    25.085     0.060         8
   251.103    25.125     0.060         8
   251.727    25.139     0.060         8
   252.363    25.177     0.060         8
   252.845    25.204     0.060         8
   253.795    25.250     0.060         8
   254.727    25.325     0.060         8
   255.187    25.348     0.060         8
   256.122    25.423     0.060         8
   256.896    25.490     0.060         8
   257.369    25.488     0.060         8
   257.680    25.495     0.060         8
   258.167    25.506     0.060         8
   258.801    25.553     0.060         8
   259.116    25.560     0.060         8
   259.592    25.603     0.060         8
   260.229    25.642     0.060         8
   261.178    25.684     0.060         8
   261.651    25.719     0.060         8
   262.137    25.754     0.060         8
   262.624    25.802     0.060         8
   263.272    25.865     0.060         8
   263.584    25.889     0.060         8
   264.242    25.952     0.060         8
   264.892    26.032     0.060         8
   265.713    26.120     0.060         8
   266.376    26.162     0.060         8
   267.510    26.302     0.060         8
   268.473    26.406     0.060         8
   269.750    26.500     0.060         8
   270.712    26.579     0.060         8
   271.519    26.629     0.060         8
   272.162    26.672     0.060         8
   272.810    26.686     0.060         8
   273.455    26.725     0.060         8
   273.777    26.732     0.060         8
   273.938    26.702     0.060         8
   126.722     4.104     0.060        10
   126.872     4.139     0.060        10
   127.182     4.207     0.060        10
   127.343     4.245     0.060        10
   127.493     4.282     0.060        10
   127.805     4.346     0.060        10
   127.970     4.380     0.060        10
   128.120     4.413     0.060        10
   128.281     4.451     0.060        10
   128.446     4.483     0.060        10
   128.771     4.551     0.060        10
   128.922     4.586     0.060        10
   252.199    26.024     0.060        12
   252.363    26.052     0.060        12
   252.527    26.068     0.060        12
   252.681    26.069     0.060        12
   252.845    26.069     0.060        12
   253.009    26.081     0.060        12
   253.173    26.073     0.060        12
   253.327    26.082     0.060        12
   253.480    26.095     0.060        12
   253.634    26.099     0.060        12
   253.795    26.115     0.060        12
   253.946    26.112     0.060        12
   254.096    26.133     0.060        12
   254.257    26.139     0.060        12
   254.727    26.192     0.060        12
   254.878    26.185     0.060        12
   255.036    26.206     0.060        12
   255.187    26.179     0.060        12
   255.348    26.188     0.060        12
   255.498    26.189     0.060        12
   255.810    26.219     0.060        12
   255.971    26.247     0.060        12
   256.122    26.232     0.060        12
   256.272    26.243     0.060        12
   256.434    26.250     0.060        12
   256.584    26.278     0.060        12
   256.735    26.277     0.060        12
   256.896    26.280     0.060        12
   257.046    26.292     0.060        12
   257.208    26.322     0.060        12
   257.369    26.309     0.060        12
   257.519    26.309     0.060        12
   257.680    26.296     0.060        12
   257.842    26.324     0.060        12
   258.006    26.304     0.060        12
   258.167    26.333     0.060        12
   258.328    26.338     0.060        12
   258.479    26.327     0.060        12
   258.640    26.312     0.060        12
   258.801    26.325     0.060        12
   258.965    26.309     0.060        12
   259.116    26.303     0.060        12
   259.277    26.333     0.060        12
   259.438    26.340     0.060        12
   259.592    26.327     0.060        12
   259.753    26.341     0.060        12
   259.914    26.340     0.060        12
   260.068    26.343     0.060        12
   260.229    26.354     0.060        12
   260.390    26.356     0.060        12
   260.551    26.359     0.060        12
   260.702    26.367     0.060        12
   260.863    26.392     0.060        12
   261.014    26.405     0.060        12
   261.178    26.402     0.060        12
   261.339    26.403     0.060        12
   261.490    26.424     0.060        12
   261.651    26.417     0.060        12
   261.812    26.446     0.060        12
   261.976    26.451     0.060        12
   262.137    26.476     0.060        12
   262.299    26.509     0.060        12
   262.460    26.507     0.060        12
   262.624    26.523     0.060        12
   262.785    26.536     0.060        12
   262.946    26.538     0.060        12
   263.111    26.546     0.060        12
   263.272    26.582     0.060        12
   263.433    26.569     0.060        12
   263.584    26.563     0.060        12
   263.745    26.577     0.060        12
   263.906    26.567     0.060        12
   264.081    26.592     0.060        12
   264.242    26.618     0.060        12
   264.400    26.641     0.060        12
   264.561    26.642     0.060        12
   264.733    26.664     0.060        12
   264.892    26.669     0.060        12
   265.053    26.687     0.060        12
   265.222    26.713     0.060        12
   265.383    26.738     0.060        12
   265.552    26.756     0.060        12
   265.713    26.765     0.060        12
   265.882    26.799     0.060        12
   266.043    26.800     0.060        12
   266.204    26.826     0.060        12
   266.376    26.832     0.060        12
   266.537    26.869     0.060        12
   266.698    26.891     0.060        12
   266.863    26.898     0.060        12
   267.024    26.910     0.060        12
   267.185    26.948     0.060        12
   267.346    26.971     0.060        12
   267.510    26.974     0.060        12
   267.672    26.998     0.060        12
   267.833    27.014     0.060        12
   267.994    27.025     0.060        12
   268.158    27.032     0.060        12
   268.319    27.055     0.060        12
   268.473    27.071     0.060        12
   268.637    27.086     0.060        12
   268.801    27.111     0.060        12
   268.955    27.109     0.060        12
   269.119    27.130     0.060        12
   269.275    27.131     0.060        12
   269.429    27.144     0.060        12
   269.596    27.181     0.060        12
   269.750    27.178     0.060        12
   269.917    27.175     0.060        12
   270.073    27.189     0.060        12
   270.237    27.218     0.060        12
   270.394    27.239     0.060        12
   270.558    27.244     0.060        12
   270.712    27.267     0.060        12
   270.876    27.285     0.060        12
   271.040    27.287     0.060        12
   271.204    27.290     0.060        12
   271.355    27.297     0.060        12
   271.519    27.311     0.060        12
   271.683    27.305     0.060        12
   271.837    27.312     0.060        12
   271.998    27.319     0.060        12
   272.162    27.357     0.060        12
   272.323    27.363     0.060        12
   272.487    27.370     0.060        12
   272.649    27.384     0.060        12
   272.810    27.391     0.060        12
   272.971    27.389     0.060        12
   273.132    27.408     0.060        12
   273.293    27.422     0.060        12
   273.455    27.433     0.060        12
   273.616    27.444     0.060        12
   273.777    27.449     0.060        12
   273.938    27.444     0.060        12
   274.099    27.432     0.060        12
   274.261    27.467     0.060        12
   274.422    27.458     0.060        12
   274.586    27.472     0.060        12
   274.747    27.471     0.060        12
   274.911    27.477     0.060        12
   275.072    27.493     0.060        12
   275.237    27.513     0.060        12
   275.412    27.530     0.060        12
   275.573    27.528     0.060        12
   275.737    27.546     0.060        12
   275.901    27.548     0.060        12
   276.062    27.550     0.060        12
   276.226    27.564     0.060        12
   276.398    27.579     0.060        12
   276.556    27.587     0.060        12
   276.728    27.599     0.060        12
   276.887    27.631     0.060        12
   277.048    27.610     0.060        12
   277.206    27.629     0.060        12
   277.367    27.645     0.060        12
   277.679    27.656     0.060        12
   277.840    27.676     0.060        12
   278.001    27.688     0.060        12
   278.162    27.688     0.060        12
   278.324    27.702     0.060        12
   278.488    27.700     0.060        12
   278.649    27.713     0.060        12
   278.810    27.731     0.060        12
   278.974    27.756     0.060        12
   279.125    27.750     0.060        12
   279.286    27.764     0.060        12
   279.447    27.802     0.060        12
   279.611    27.803     0.060        12
   279.773    27.837     0.060        12
   279.934    27.834     0.060        12
   280.098    27.832     0.060        12
   280.262    27.846     0.060        12
   280.413    27.852     0.060        12
   280.577    27.877     0.060        12
   280.738    27.879     0.060        12
   280.892    27.882     0.060        12
   281.056    27.896     0.060        12
   281.217    27.909     0.060        12
   281.381    27.926     0.060        12
   281.542    27.927     0.060        12
   281.696    27.945     0.060        12
   281.857    27.935     0.060        12
   282.021    27.952     0.060        12
   282.172    27.962     0.060        12
   282.333    27.978     0.060        12
   282.497    27.978     0.060        12
   282.648    27.991     0.060        12
   282.812    27.983     0.060        12
   283.452    28.050     0.060        12
   284.239    28.113     0.060        12
   284.729    28.152     0.060        12
   285.684    28.244     0.060        12
   286.173    28.283     0.060        12
   286.652    28.318     0.060        12
   287.789    28.421     0.060        12
   288.743    28.520     0.060        12
   289.556    28.587     0.060        12
   290.365    28.667     0.060        12
   291.504    28.790     0.060        12
   292.948    28.954     0.060        12
   294.648    29.157     0.060        12
   296.498    29.365     0.060        12
   298.193    29.556     0.060        12
   299.728    29.748     0.060        12
   128.120     4.796     0.060        14
   128.281     4.824     0.060        14
   128.446     4.852     0.060        14
   128.607     4.900     0.060        14
   128.771     4.960     0.060        14
   128.922     4.995     0.060        14
   129.086     5.029     0.060        14
   129.250     5.059     0.060        14
   129.411     5.090     0.060        14
   129.576     5.124     0.060        14
   129.737     5.155     0.060        14
   129.888     5.189     0.060        14
   130.052     5.211     0.060        14
   130.213     5.234     0.060        14
   130.377     5.272     0.060        14
   130.528     5.337     0.060        14
   130.692     5.317     0.060        14
   130.853     5.393     0.060        14
   131.018     5.365     0.060        14
   131.168     5.445     0.060        14
   131.330     5.471     0.060        14
   131.491     5.447     0.060        14
   131.655     5.527     0.060        14
   131.806     5.486     0.060        14
   131.970     5.579     0.060        14
   132.131     5.615     0.060        14
   132.296     5.685     0.060        14
   132.457     5.705     0.060        14
   132.621     5.699     0.060        14
   132.782     5.729     0.060        14
   132.947     5.797     0.060        14
   133.100     5.829     0.060        14
   133.261     5.820     0.060        14
   133.426     5.850     0.060        14
   133.587     5.903     0.060        14
   133.751     5.912     0.060        14
   133.913     5.972     0.060        14
   134.077     5.983     0.060        14
   134.238     6.006     0.060        14
   134.399     6.074     0.060        14
   134.564     6.087     0.060        14
   134.725     6.103     0.060        14
   134.889     6.156     0.060        14
   135.043     6.161     0.060        14
   135.204     6.225     0.060        14
   135.365     6.229     0.060        14
   135.530     6.274     0.060        14
   135.680     6.306     0.060        14
   135.842     6.314     0.060        14
   135.995     6.342     0.060        14
   136.156     6.381     0.060        14
   136.307     6.398     0.060        14
   136.471     6.424     0.060        14
   136.633     6.454     0.060        14
   136.786     6.490     0.060        14
   136.947     6.543     0.060        14
   137.098     6.569     0.060        14
   137.262     6.601     0.060        14
   137.424     6.625     0.060        14
   137.574     6.659     0.060        14
   137.739     6.694     0.060        14
   137.900     6.728     0.060        14
   138.050     6.760     0.060        14
   138.215     6.796     0.060        14
   138.365     6.814     0.060        14
   138.527     6.844     0.060        14
   138.688     6.871     0.060        14
   138.852     6.921     0.060        14
   139.003     6.927     0.060        14
   139.167     6.989     0.060        14
   139.328     7.019     0.060        14
   139.490     7.051     0.060        14
   139.654     7.044     0.060        14
   139.804     7.104     0.060        14
   139.966     7.130     0.060        14
   140.127     7.144     0.060        14
   140.291     7.177     0.060        14
   140.453     7.210     0.060        14
   140.614     7.239     0.060        14
   140.775     7.256     0.060        14
   140.929     7.289     0.060        14
   141.090     7.313     0.060        14
   141.251     7.335     0.060        14
   141.416     7.369     0.060        14
   141.577     7.389     0.060        14
   141.738     7.421     0.060        14
   141.899     7.447     0.060        14
   142.064     7.506     0.060        14
   142.225     7.526     0.060        14
   142.379     7.558     0.060        14
   142.540     7.594     0.060        14
   142.701     7.586     0.060        14
   142.865     7.601     0.060        14
   143.016     7.654     0.060        14
   143.177     7.694     0.060        14
   143.339     7.734     0.060        14
   143.503     7.705     0.060        14
   143.664     7.766     0.060        14
   143.825     7.755     0.060        14
   143.987     7.777     0.060        14
   144.148     7.801     0.060        14
   144.309     7.842     0.060        14
   144.474     7.842     0.060        14
   144.624     7.910     0.060        14
   144.785     7.903     0.060        14
   144.947     7.931     0.060        14
   145.111     7.963     0.060        14
   145.272     7.988     0.060        14
   145.434     8.025     0.060        14
   145.595     8.051     0.060        14
   145.756     8.073     0.060        14
   145.917     8.101     0.060        14
   146.082     8.125     0.060        14
   146.243     8.151     0.060        14
   146.404     8.160     0.060        14
   146.565     8.188     0.060        14
   146.716     8.216     0.060        14
   146.880     8.228     0.060        14
   147.042     8.264     0.060        14
   147.203     8.288     0.060        14
   147.353     8.300     0.060        14
   147.515     8.319     0.060        14
   147.679     8.351     0.060        14
   147.840     8.357     0.060        14
   148.002     8.391     0.060        14
   148.152     8.411     0.060        14
   148.316     8.431     0.060        14
   148.478     8.456     0.060        14
   148.642     8.481     0.060        14
   148.793     8.503     0.060        14
   148.954     8.520     0.060        14
   149.115     8.559     0.060        14
   149.266     8.583     0.060        14
   149.430     8.606     0.060        14
   149.581     8.626     0.060        14
   149.745     8.638     0.060        14
   149.906     8.667     0.060        14
   150.060     8.693     0.060        14
   150.224     8.714     0.060        14
   150.375     8.746     0.060        14
   150.536     8.750     0.060        14
   150.689     8.779     0.060        14
   150.851     8.795     0.060        14
   151.004     8.823     0.060        14
   151.155     8.848     0.060        14
   151.309     8.868     0.060        14
   151.470     8.912     0.060        14
   151.623     8.917     0.060        14
   151.777     8.939     0.060        14
   151.931     8.949     0.060        14
   152.092     8.983     0.060        14
   152.246     8.992     0.060        14
   152.399     9.016     0.060        14
   152.553     9.036     0.060        14
   152.717     9.056     0.060        14
   152.871     9.075     0.060        14
   153.021     9.096     0.060        14
   153.175     9.106     0.060        14
   153.329     9.128     0.060        14
   153.479     9.146     0.060        14
   153.633     9.152     0.060        14
   153.786     9.178     0.060        14
   225.973    21.813     0.060        14
   226.715    21.921     0.060        14
   227.586    22.079     0.060        14
   228.318    22.171     0.060        14
   229.595    22.347     0.060        14
   230.022    22.416     0.060        14
   230.576    22.521     0.060        14
   231.283    22.625     0.060        14
   231.987    22.730     0.060        14
   232.845    22.854     0.060        14
   233.265    22.906     0.060        14
   234.112    23.027     0.060        14
   235.099    23.217     0.060        14
   235.949    23.341     0.060        14
   237.251    23.534     0.060        14
   237.692    23.590     0.060        14
   238.122    23.659     0.060        14
   238.885    23.771     0.060        14
   130.052     6.478     0.060        24
   130.528     6.697     0.060        24
   131.491     6.976     0.060        24
   132.457     7.359     0.060        24
   133.261     7.650     0.060        24
   133.913     7.977     0.060        24
   134.725     8.272     0.060        24
   135.530     8.547     0.060        24
   135.995     8.682     0.060        24
   136.786     9.013     0.060        24
   137.424     9.280     0.060        24
   137.900     9.495     0.060        24
   138.527     9.778     0.060        24
   139.167    10.014     0.060        24
   139.490    10.180     0.060        24
   139.804    10.316     0.060        24
   140.291    10.491     0.060        24
   141.251    10.781     0.060        24
   142.064    11.054     0.060        24
   142.540    11.180     0.060        24
   143.177    11.379     0.060        24
   143.825    11.572     0.060        24
   144.474    11.762     0.060        24
   145.111    11.951     0.060        24
   145.756    12.131     0.060        24
   146.243    12.274     0.060        24
   146.716    12.410     0.060        24
   147.353    12.590     0.060        24
   147.679    12.693     0.060        24
   148.002    12.783     0.060        24
   148.316    12.878     0.060        24
   148.793    12.999     0.060        24
   149.115    13.069     0.060        24
   149.745    13.248     0.060        24
   150.060    13.315     0.060        24
   150.536    13.464     0.060        24
   150.851    13.554     0.060        24
   151.623    13.785     0.060        24
   151.931    13.841     0.060        24
   130.692     5.982     0.060        30
   130.853     6.045     0.060        30
   131.018     6.113     0.060        30
   131.168     6.164     0.060        30
   131.330     6.229     0.060        30
   131.491     6.265     0.060        30
   131.655     6.310     0.060        30
   131.806     6.364     0.060        30
   131.970     6.425     0.060        30
   132.131     6.489     0.060        30
   132.296     6.533     0.060        30
   132.457     6.601     0.060        30
   132.621     6.667     0.060        30
   132.782     6.704     0.060        30
   132.947     6.770     0.060        30
   133.100     6.857     0.060        30
   133.261     6.921     0.060        30
   133.426     6.985     0.060        30
   133.587     7.032     0.060        30
   133.751     7.092     0.060        30
   133.913     7.152     0.060        30
   134.077     7.228     0.060        30
   134.238     7.299     0.060        30
   134.399     7.351     0.060        30
   134.564     7.389     0.060        30
   134.725     7.414     0.060        30
   134.889     7.493     0.060        30
   135.043     7.568     0.060        30
   135.204     7.623     0.060        30
   135.365     7.679     0.060        30
   135.530     7.736     0.060        30
   135.680     7.793     0.060        30
   135.842     7.849     0.060        30
   135.995     7.916     0.060        30
   136.156     7.987     0.060        30
   136.307     8.067     0.060        30
   136.471     8.149     0.060        30
   136.633     8.230     0.060        30
   136.786     8.305     0.060        30
   136.947     8.335     0.060        30
   137.098     8.406     0.060        30
   137.262     8.453     0.060        30
   137.424     8.498     0.060        30
   137.574     8.581     0.060        30
   137.739     8.623     0.060        30
   137.900     8.679     0.060        30
   138.050     8.765     0.060        30
   138.215     8.818     0.060        30
   138.365     8.884     0.060        30
   138.527     9.013     0.060        30
   138.688     9.066     0.060        30
   138.852     9.119     0.060        30
   139.003     9.180     0.060        30
   139.167     9.249     0.060        30
   139.328     9.301     0.060        30
   139.490     9.377     0.060        30
   139.654     9.434     0.060        30
   139.804     9.484     0.060        30
   139.966     9.549     0.060        30
   140.127     9.613     0.060        30
   140.291     9.685     0.060        30
   140.453     9.784     0.060        30
   140.614     9.864     0.060        30
   140.775     9.924     0.060        30
   140.929     9.983     0.060        30
   141.090    10.020     0.060        30
   141.251    10.074     0.060        30
   141.416    10.152     0.060        30
   141.577    10.210     0.060        30
   141.738    10.280     0.060        30
   141.899    10.375     0.060        30
   142.064    10.429     0.060        30
   142.225    10.518     0.060        30
   142.379    10.554     0.060        30
     0.000     0.000     0.000        -1
