    84.860    -1.000     0.000         0
    80.542     3.375     0.060         1
    80.703     3.233     0.060         1
    80.854     3.164     0.060         1
    81.015     3.093     0.060         1
    81.166     3.032     0.060         1
    81.316     2.964     0.060         1
    81.478     2.886     0.060         1
    81.628     2.800     0.060         1
    81.790     2.725     0.060         1
    81.940     2.655     0.060         1
    82.101     2.593     0.060         1
    82.259     2.517     0.060         1
    82.410     2.440     0.060         1
    82.561     2.380     0.060         1
    82.722     2.329     0.060         1
    82.883     2.275     0.060         1
    83.044     2.228     0.060         1
    83.195     2.189     0.060         1
    83.352     2.146     0.060         1
    83.506     2.111     0.060         1
    83.667     2.078     0.060         1
    83.817     2.045     0.060         1
    83.982     2.015     0.060         1
    84.132     1.987     0.060         1
    84.282     1.968     0.060         1
    84.445     1.953     0.060         1
    84.603     1.944     0.060         1
    84.743     1.945     0.060         1
    84.769     1.948     0.060         1
    82.259     2.937     0.060         2
    82.410     2.885     0.060         2
    82.561     2.841     0.060         2
    82.722     2.796     0.060         2
    82.883     2.764     0.060         2
    83.044     2.719     0.060         2
    83.195     2.696     0.060         2
    83.352     2.656     0.060         2
    83.506     2.620     0.060         2
    83.667     2.585     0.060         2
    83.817     2.569     0.060         2
    83.982     2.543     0.060         2
    84.132     2.529     0.060         2
    84.282     2.518     0.060         2
    84.445     2.508     0.060         2
    84.603     2.501     0.060         2
    84.743     2.491     0.060         2
    84.769     2.495     0.060         2
     7.790    15.212     0.060         5
     7.951    15.190     0.060         5
     8.116    15.136     0.060         5
     8.277    15.141     0.060         5
     8.441    15.091     0.060         5
     8.603    15.097     0.060         5
     8.778    15.035     0.060         5
     8.939    15.057     0.060         5
     9.103    15.026     0.060         5
     9.268    14.999     0.060         5
     9.429    14.980     0.060         5
     9.590    14.969     0.060         5
     9.752    14.946     0.060         5
     9.913    14.933     0.060         5
    10.074    14.912     0.060         5
    10.236    14.883     0.060         5
    10.387    14.846     0.060         5
    10.548    14.846     0.060         5
    10.715    14.816     0.060         5
    10.880    14.783     0.060         5
    11.044    14.754     0.060         5
    11.208    14.742     0.060         5
    11.380    14.713     0.060         5
    11.545    14.704     0.060         5
    11.706    14.671     0.060         5
    11.881    14.626     0.060         5
    12.042    14.610     0.060         5
    12.207    14.573     0.060         5
    12.379    14.528     0.060         5
    12.543    14.535     0.060         5
    12.705    14.511     0.060         5
    12.866    14.464     0.060         5
    13.027    14.460     0.060         5
    13.186    14.428     0.060         5
    13.347    14.392     0.060         5
    13.505    14.392     0.060         5
    13.656    14.380     0.060         5
    13.817    14.356     0.060         5
    13.979    14.336     0.060         5
    14.143    14.312     0.060         5
    14.304    14.292     0.060         5
    14.458    14.272     0.060         5
    14.619    14.241     0.060         5
    14.784    14.220     0.060         5
    14.945    14.208     0.060         5
    15.109    14.160     0.060         5
    15.271    14.140     0.060         5
    15.435    14.120     0.060         5
    15.600    14.080     0.060         5
    15.750    14.064     0.060         5
    15.922    14.036     0.060         5
    16.248    13.993     0.060         5
    16.412    13.969     0.060         5
    16.574    13.945     0.060         5
    16.738    13.908     0.060         5
    16.910    13.902     0.060         5
    17.074    13.876     0.060         5
    17.236    13.854     0.060         5
    17.397    13.820     0.060         5
    17.558    13.806     0.060         5
    17.709    13.781     0.060         5
    17.870    13.768     0.060         5
    18.032    13.750     0.060         5
    18.183    13.721     0.060         5
    18.341    13.704     0.060         5
    18.502    13.674     0.060         5
    18.656    13.642     0.060         5
    18.817    13.604     0.060         5
    18.979    13.595     0.060         5
    19.129    13.569     0.060         5
    19.291    13.543     0.060         5
    19.441    13.528     0.060         5
    19.603    13.502     0.060         5
    19.753    13.491     0.060         5
    19.915    13.465     0.060         5
    20.065    13.427     0.060         5
    20.216    13.399     0.060         5
    20.377    13.366     0.060         5
    20.531    13.352     0.060         5
    20.692    13.335     0.060         5
    20.843    13.310     0.060         5
    21.008    13.283     0.060         5
    21.158    13.245     0.060         5
    21.320    13.235     0.060         5
    21.473    13.220     0.060         5
    21.635    13.188     0.060         5
    21.785    13.164     0.060         5
    21.947    13.148     0.060         5
    22.100    13.125     0.060         5
    22.251    13.088     0.060         5
    22.402    13.062     0.060         5
    22.566    13.037     0.060         5
    22.717    13.036     0.060         5
    22.878    13.011     0.060         5
    23.032    12.970     0.060         5
    23.193    12.965     0.060         5
    23.344    12.948     0.060         5
    23.505    12.915     0.060         5
    23.656    12.891     0.060         5
    23.820    12.868     0.060         5
    23.981    12.853     0.060         5
    24.129    12.821     0.060         5
    24.290    12.798     0.060         5
    24.441    12.782     0.060         5
    24.600    12.766     0.060         5
    24.761    12.750     0.060         5
    24.922    12.720     0.060         5
    25.073    12.698     0.060         5
    25.231    12.680     0.060         5
    25.393    12.646     0.060         5
    25.543    12.616     0.060         5
    25.705    12.598     0.060         5
    25.855    12.579     0.060         5
    26.017    12.548     0.060         5
    26.167    12.521     0.060         5
    26.329    12.498     0.060         5
    26.479    12.477     0.060         5
    26.641    12.452     0.060         5
    26.794    12.427     0.060         5
    26.956    12.407     0.060         5
    27.117    12.381     0.060         5
    27.268    12.351     0.060         5
    27.432    12.329     0.060         5
    27.593    12.311     0.060         5
    27.744    12.286     0.060         5
    27.905    12.265     0.060         5
    28.067    12.241     0.060         5
    28.218    12.223     0.060         5
    28.379    12.197     0.060         5
    28.543    12.178     0.060         5
    28.694    12.154     0.060         5
    28.858    12.128     0.060         5
    29.020    12.102     0.060         5
    29.184    12.078     0.060         5
    29.335    12.053     0.060         5
    29.496    12.029     0.060         5
    29.660    12.008     0.060         5
    29.822    11.986     0.060         5
    29.972    11.960     0.060         5
    30.131    11.934     0.060         5
    30.284    11.910     0.060         5
    30.446    11.882     0.060         5
    30.610    11.869     0.060         5
    30.761    11.847     0.060         5
    30.922    11.821     0.060         5
    31.076    11.803     0.060         5
    31.237    11.773     0.060         5
    31.388    11.749     0.060         5
    31.552    11.729     0.060         5
    31.713    11.707     0.060         5
    31.878    11.685     0.060         5
    32.031    11.655     0.060         5
    32.196    11.631     0.060         5
    32.357    11.610     0.060         5
    32.521    11.573     0.060         5
    32.683    11.554     0.060         5
    32.844    11.527     0.060         5
    33.006    11.510     0.060         5
    33.156    11.507     0.060         5
    33.318    11.473     0.060         5
    33.482    11.442     0.060         5
    33.643    11.427     0.060         5
    33.808    11.381     0.060         5
    34.130    11.338     0.060         5
    34.292    11.306     0.060         5
    34.456    11.283     0.060         5
    34.617    11.260     0.060         5
    34.782    11.245     0.060         5
    34.943    11.202     0.060         5
    35.107    11.178     0.060         5
    35.279    11.138     0.060         5
    35.444    11.114     0.060         5
    35.605    11.086     0.060         5
    35.766    11.066     0.060         5
    35.931    11.042     0.060         5
    36.092    11.021     0.060         5
    36.253    10.984     0.060         5
    36.415    10.965     0.060         5
    36.584    10.933     0.060         5
    36.745    10.902     0.060         5
    36.906    10.870     0.060         5
    37.057    10.830     0.060         5
    37.221    10.813     0.060         5
    37.383    10.792     0.060         5
    37.544    10.760     0.060         5
    37.870    10.691     0.060         5
    38.031    10.670     0.060         5
    38.192    10.631     0.060         5
    38.357    10.597     0.060         5
    38.518    10.580     0.060         5
    38.679    10.540     0.060         5
    38.844    10.530     0.060         5
    39.005    10.494     0.060         5
    39.169    10.478     0.060         5
    39.818    10.366     0.060         5
    40.144    10.305     0.060         5
    40.305    10.279     0.060         5
    40.469    10.262     0.060         5
    40.631    10.226     0.060         5
    40.792    10.214     0.060         5
    41.128    10.139     0.060         5
    41.287    10.118     0.060         5
    41.448    10.088     0.060         5
    41.599    10.061     0.060         5
    41.760    10.040     0.060         5
    41.921    10.013     0.060         5
    42.419     9.936     0.060         5
    42.731     9.892     0.060         5
    42.882     9.868     0.060         5
    43.191     9.812     0.060         5
    43.338     9.794     0.060         5
    43.500     9.751     0.060         5
    43.650     9.735     0.060         5
    43.812     9.715     0.060         5
    43.973     9.682     0.060         5
    44.127     9.664     0.060         5
    44.288     9.633     0.060         5
    44.449     9.595     0.060         5
    44.600     9.586     0.060         5
    44.761     9.558     0.060         5
    44.912     9.543     0.060         5
    45.066     9.516     0.060         5
    45.227     9.485     0.060         5
    45.391     9.462     0.060         5
    45.542     9.434     0.060         5
    45.706     9.414     0.060         5
    45.857     9.378     0.060         5
    46.018     9.346     0.060         5
    46.172     9.330     0.060         5
    46.333     9.303     0.060         5
    46.484     9.279     0.060         5
    46.648     9.263     0.060         5
    46.799     9.229     0.060         5
    46.963     9.214     0.060         5
    47.278     9.163     0.060         5
    47.429     9.137     0.060         5
    47.590     9.113     0.060         5
    47.752     9.081     0.060         5
    47.902     9.055     0.060         5
    48.053     9.036     0.060         5
    48.217     9.021     0.060         5
    48.371     8.997     0.060         5
    48.532     8.969     0.060         5
    48.683     8.958     0.060         5
    48.998     8.903     0.060         5
    49.159     8.892     0.060         5
    49.321     8.868     0.060         5
    49.471     8.848     0.060         5
    49.633     8.827     0.060         5
    49.794     8.811     0.060         5
    49.945     8.796     0.060         5
    50.098     8.773     0.060         5
    50.260     8.768     0.060         5
    50.413     8.755     0.060         5
    50.575     8.751     0.060         5
    50.739     8.733     0.060         5
    50.887     8.722     0.060         5
    51.048     8.719     0.060         5
    51.206     8.711     0.060         5
    51.357     8.699     0.060         5
    51.518     8.691     0.060         5
    51.672     8.697     0.060         5
    51.833     8.683     0.060         5
    51.984     8.656     0.060         5
    52.145     8.639     0.060         5
    52.293     8.621     0.060         5
    52.444     8.592     0.060         5
    52.605     8.583     0.060         5
    52.756     8.557     0.060         5
    52.906     8.536     0.060         5
    53.068     8.524     0.060         5
    53.218     8.511     0.060         5
    53.369     8.486     0.060         5
    53.520     8.468     0.060         5
    53.670     8.446     0.060         5
    53.821     8.423     0.060         5
    53.975     8.405     0.060         5
    54.125     8.387     0.060         5
    54.276     8.383     0.060         5
    54.430     8.360     0.060         5
    54.580     8.314     0.060         5
    54.734     8.327     0.060         5
    54.885     8.286     0.060         5
    55.035     8.280     0.060         5
    55.186     8.271     0.060         5
    55.340     8.254     0.060         5
    55.501     8.237     0.060         5
    55.652     8.216     0.060         5
    55.805     8.195     0.060         5
    55.956     8.185     0.060         5
    56.107     8.164     0.060         5
    56.260     8.142     0.060         5
    56.422     8.123     0.060         5
    56.572     8.107     0.060         5
    56.723     8.083     0.060         5
    56.881     8.059     0.060         5
    57.032     8.040     0.060         5
    57.183     8.017     0.060         5
    57.344     7.986     0.060         5
    57.495     7.975     0.060         5
    57.656     7.946     0.060         5
    57.807     7.922     0.060         5
    57.957     7.902     0.060         5
    58.108     7.881     0.060         5
    58.259     7.847     0.060         5
    58.409     7.822     0.060         5
    58.568     7.820     0.060         5
    58.718     7.803     0.060         5
    58.869     7.773     0.060         5
    59.016     7.753     0.060         5
    59.178     7.758     0.060         5
    59.331     7.735     0.060         5
    59.482     7.703     0.060         5
    59.643     7.688     0.060         5
    59.794     7.657     0.060         5
    59.945     7.641     0.060         5
    60.106     7.622     0.060         5
    60.257     7.601     0.060         5
    60.407     7.589     0.060         5
    60.566     7.549     0.060         5
    60.716     7.536     0.060         5
    60.867     7.524     0.060         5
    61.021     7.515     0.060         5
    61.171     7.491     0.060         5
    61.314     7.470     0.060         5
    61.468     7.446     0.060         5
    61.619     7.422     0.060         5
    61.772     7.401     0.060         5
    61.923     7.385     0.060         5
    62.077     7.342     0.060         5
    62.227     7.344     0.060         5
    62.381     7.330     0.060         5
    62.532     7.319     0.060         5
    62.685     7.305     0.060         5
    62.839     7.250     0.060         5
    62.990     7.232     0.060         5
    63.143     7.225     0.060         5
    63.286     7.207     0.060         5
    63.440     7.177     0.060         5
    63.590     7.142     0.060         5
    63.733     7.136     0.060         5
    63.887     7.102     0.060         5
    64.041     7.092     0.060         5
    64.181     7.062     0.060         5
    64.334     7.056     0.060         5
    64.485     7.023     0.060         5
    64.635     6.994     0.060         5
    64.794     6.989     0.060         5
    64.942     6.948     0.060         5
    65.089     6.931     0.060         5
    65.251     6.906     0.060         5
    65.398     6.893     0.060         5
    65.546     6.855     0.060         5
    65.707     6.842     0.060         5
    65.858     6.816     0.060         5
    66.009     6.791     0.060         5
    66.167     6.765     0.060         5
    66.315     6.744     0.060         5
    66.473     6.722     0.060         5
    66.621     6.697     0.060         5
    66.782     6.672     0.060         5
    66.930     6.650     0.060         5
    67.077     6.629     0.060         5
    67.228     6.607     0.060         5
    67.382     6.588     0.060         5
    67.532     6.569     0.060         5
    67.694     6.547     0.060         5
    67.844     6.536     0.060         5
    67.995     6.517     0.060         5
    68.149     6.494     0.060         5
    68.310     6.467     0.060         5
    68.461     6.444     0.060         5
    68.619     6.416     0.060         5
    68.770     6.387     0.060         5
    68.920     6.362     0.060         5
    69.082     6.338     0.060         5
    69.232     6.313     0.060         5
    69.394     6.284     0.060         5
    69.544     6.260     0.060         5
    69.698     6.236     0.060         5
    69.859     6.212     0.060         5
    70.007     6.184     0.060         5
    70.171     6.160     0.060         5
    70.322     6.128     0.060         5
    70.483     6.095     0.060         5
    70.637     6.062     0.060         5
    70.798     6.033     0.060         5
    70.949     6.005     0.060         5
    71.110     5.976     0.060         5
    71.261     5.948     0.060         5
    71.422     5.919     0.060         5
    71.573     5.887     0.060         5
    71.731     5.859     0.060         5
    71.892     5.823     0.060         5
    72.043     5.791     0.060         5
    72.207     5.763     0.060         5
    72.358     5.734     0.060         5
    72.512     5.701     0.060         5
    72.673     5.668     0.060         5
    72.827     5.635     0.060         5
    72.988     5.606     0.060         5
    73.139     5.574     0.060         5
    73.300     5.546     0.060         5
    73.451     5.518     0.060         5
    73.615     5.485     0.060         5
    73.769     5.457     0.060         5
    73.930     5.433     0.060         5
    74.091     5.405     0.060         5
    74.242     5.377     0.060         5
     5.541    16.011     0.060         8
     5.867    15.975     0.060         8
     6.190    15.931     0.060         8
     6.663    15.866     0.060         8
     6.986    15.816     0.060         8
     7.467    15.756     0.060         8
     7.951    15.706     0.060         8
     8.116    15.662     0.060         8
     8.277    15.663     0.060         8
     8.441    15.645     0.060         8
     8.603    15.619     0.060         8
     8.778    15.609     0.060         8
     8.939    15.583     0.060         8
     9.103    15.573     0.060         8
     9.268    15.549     0.060         8
     9.429    15.533     0.060         8
     9.590    15.517     0.060         8
     9.752    15.500     0.060         8
     9.913    15.486     0.060         8
    10.074    15.471     0.060         8
    10.236    15.445     0.060         8
    10.387    15.410     0.060         8
    10.548    15.407     0.060         8
    10.715    15.383     0.060         8
    10.880    15.367     0.060         8
    11.044    15.347     0.060         8
    11.208    15.328     0.060         8
    11.380    15.320     0.060         8
    11.545    15.301     0.060         8
    11.706    15.281     0.060         8
    11.881    15.249     0.060         8
    12.042    15.221     0.060         8
    12.207    15.209     0.060         8
    12.379    15.178     0.060         8
    12.543    15.170     0.060         8
    12.705    15.164     0.060         8
    12.866    15.130     0.060         8
    13.027    15.125     0.060         8
    13.186    15.103     0.060         8
    13.347    15.079     0.060         8
    13.505    15.076     0.060         8
    13.656    15.052     0.060         8
    13.817    15.030     0.060         8
    13.979    15.008     0.060         8
    14.143    14.988     0.060         8
    14.304    14.964     0.060         8
    14.458    14.949     0.060         8
    14.619    14.929     0.060         8
    14.784    14.905     0.060         8
    14.945    14.881     0.060         8
    15.109    14.853     0.060         8
    15.271    14.841     0.060         8
    15.435    14.834     0.060         8
    15.600    14.819     0.060         8
    15.750    14.803     0.060         8
    15.922    14.785     0.060         8
    16.087    14.756     0.060         8
    16.248    14.750     0.060         8
    16.412    14.732     0.060         8
    16.574    14.718     0.060         8
    16.738    14.692     0.060         8
    16.910    14.664     0.060         8
    17.074    14.645     0.060         8
    17.236    14.613     0.060         8
    17.397    14.621     0.060         8
    17.558    14.602     0.060         8
    17.709    14.582     0.060         8
    17.870    14.550     0.060         8
    18.032    14.546     0.060         8
    18.183    14.533     0.060         8
    18.341    14.512     0.060         8
    18.502    14.491     0.060         8
    18.656    14.485     0.060         8
    18.817    14.460     0.060         8
    18.979    14.447     0.060         8
    19.129    14.402     0.060         8
    19.291    14.385     0.060         8
    19.441    14.368     0.060         8
    19.603    14.342     0.060         8
    19.753    14.323     0.060         8
    19.915    14.317     0.060         8
    20.065    14.318     0.060         8
    20.216    14.288     0.060         8
    20.377    14.270     0.060         8
    20.531    14.254     0.060         8
    20.692    14.243     0.060         8
    20.843    14.224     0.060         8
    21.008    14.198     0.060         8
    21.158    14.179     0.060         8
    74.543     5.266     0.060        10
    74.844     5.168     0.060        10
    75.143     5.091     0.060        10
    75.441     5.010     0.060        10
    75.753     4.930     0.060        10
    76.057     4.857     0.060        10
    76.372     4.768     0.060        10
    76.677     4.683     0.060        10
    76.992     4.610     0.060        10
    77.296     4.521     0.060        10
    77.762     4.416     0.060        10
    78.073     4.323     0.060        10
     5.041    16.690     0.060        14
     5.205    16.669     0.060        14
     5.369    16.661     0.060        14
     5.541    16.647     0.060        14
     5.706    16.611     0.060        14
     5.867    16.577     0.060        14
     6.029    16.551     0.060        14
     6.190    16.529     0.060        14
     6.341    16.518     0.060        14
     6.505    16.501     0.060        14
     6.663    16.466     0.060        14
     6.825    16.461     0.060        14
     6.986    16.415     0.060        14
     7.147    16.394     0.060        14
     7.309    16.394     0.060        14
     7.467    16.368     0.060        14
     7.628    16.352     0.060        14
     7.790    16.329     0.060        14
     7.951    16.305     0.060        14
     8.116    16.285     0.060        14
     8.277    16.261     0.060        14
     8.441    16.229     0.060        14
     8.603    16.204     0.060        14
     8.778    16.179     0.060        14
     8.939    16.146     0.060        14
     9.103    16.134     0.060        14
     9.268    16.101     0.060        14
     9.429    16.076     0.060        14
     9.590    16.051     0.060        14
     9.752    16.034     0.060        14
     9.913    16.007     0.060        14
    10.074    15.989     0.060        14
    10.236    15.950     0.060        14
    10.387    15.944     0.060        14
    10.548    15.937     0.060        14
    10.715    15.907     0.060        14
    10.880    15.888     0.060        14
    11.044    15.850     0.060        14
    11.208    15.839     0.060        14
    11.380    15.821     0.060        14
    11.545    15.798     0.060        14
    11.706    15.776     0.060        14
    11.881    15.758     0.060        14
    12.042    15.744     0.060        14
    12.207    15.718     0.060        14
    12.379    15.688     0.060        14
    12.543    15.662     0.060        14
    12.705    15.639     0.060        14
    12.866    15.625     0.060        14
    13.027    15.604     0.060        14
    13.186    15.587     0.060        14
    13.347    15.554     0.060        14
    13.505    15.545     0.060        14
    13.656    15.528     0.060        14
    13.817    15.492     0.060        14
    13.979    15.463     0.060        14
    14.143    15.434     0.060        14
    14.304    15.422     0.060        14
    14.458    15.390     0.060        14
    14.619    15.358     0.060        14
    14.784    15.322     0.060        14
    14.945    15.298     0.060        14
    15.109    15.274     0.060        14
    15.271    15.214     0.060        14
    15.435    15.198     0.060        14
    15.600    15.174     0.060        14
    15.750    15.158     0.060        14
    15.922    15.138     0.060        14
    16.087    15.101     0.060        14
    16.248    15.085     0.060        14
    16.412    15.056     0.060        14
    16.574    15.040     0.060        14
    16.738    15.015     0.060        14
    16.910    14.995     0.060        14
    17.074    14.971     0.060        14
    17.236    14.951     0.060        14
    17.397    14.927     0.060        14
    17.558    14.911     0.060        14
    17.709    14.875     0.060        14
    17.870    14.859     0.060        14
    18.032    14.836     0.060        14
    18.183    14.819     0.060        14
    18.341    14.792     0.060        14
    18.502    14.765     0.060        14
    18.656    14.757     0.060        14
    18.817    14.731     0.060        14
    18.979    14.708     0.060        14
    19.129    14.688     0.060        14
    19.291    14.666     0.060        14
    19.441    14.640     0.060        14
    19.603    14.613     0.060        14
    19.753    14.591     0.060        14
    19.915    14.565     0.060        14
    20.065    14.527     0.060        14
    20.216    14.495     0.060        14
    20.377    14.513     0.060        14
    20.531    14.469     0.060        14
    20.692    14.437     0.060        14
    20.843    14.409     0.060        14
    21.008    14.377     0.060        14
    21.158    14.369     0.060        14
    21.320    14.323     0.060        14
    21.473    14.295     0.060        14
    21.635    14.277     0.060        14
    21.785    14.255     0.060        14
    21.947    14.244     0.060        14
    22.100    14.213     0.060        14
    22.251    14.179     0.060        14
    22.402    14.139     0.060        14
    22.566    14.137     0.060        14
    22.717    14.088     0.060        14
    22.878    14.050     0.060        14
    23.032    14.003     0.060        14
    23.193    14.016     0.060        14
    23.344    13.991     0.060        14
    23.505    13.955     0.060        14
    23.656    13.927     0.060        14
    23.820    13.903     0.060        14
    23.981    13.889     0.060        14
    24.129    13.847     0.060        14
    24.290    13.815     0.060        14
    24.441    13.786     0.060        14
    24.600    13.771     0.060        14
    24.761    13.736     0.060        14
    24.922    13.705     0.060        14
    25.073    13.682     0.060        14
    25.231    13.648     0.060        14
    25.393    13.622     0.060        14
    25.543    13.598     0.060        14
    25.705    13.579     0.060        14
    25.855    13.557     0.060        14
    26.017    13.553     0.060        14
    26.167    13.517     0.060        14
    26.329    13.475     0.060        14
    26.479    13.473     0.060        14
    26.641    13.445     0.060        14
    26.794    13.411     0.060        14
    26.956    13.401     0.060        14
    27.117    13.381     0.060        14
    27.268    13.349     0.060        14
    27.432    13.322     0.060        14
    27.593    13.319     0.060        14
    27.744    13.276     0.060        14
    27.905    13.273     0.060        14
    28.067    13.234     0.060        14
    28.218    13.223     0.060        14
    28.379    13.208     0.060        14
    28.543    13.194     0.060        14
    28.694    13.158     0.060        14
    28.858    13.128     0.060        14
    29.020    13.105     0.060        14
    29.184    13.094     0.060        14
    29.335    13.067     0.060        14
    29.496    13.042     0.060        14
    29.660    13.034     0.060        14
    29.822    12.997     0.060        14
    29.972    12.988     0.060        14
    30.131    12.951     0.060        14
    30.284    12.924     0.060        14
    30.446    12.917     0.060        14
    30.610    12.878     0.060        14
    30.761    12.867     0.060        14
    30.922    12.847     0.060        14
    31.076    12.789     0.060        14
    31.237    12.770     0.060        14
    31.388    12.735     0.060        14
    31.552    12.724     0.060        14
    31.713    12.684     0.060        14
    31.878    12.672     0.060        14
    32.031    12.640     0.060        14
    32.196    12.612     0.060        14
    32.357    12.588     0.060        14
    32.521    12.551     0.060        14
    32.683    12.515     0.060        14
    32.844    12.495     0.060        14
    33.006    12.463     0.060        14
    33.156    12.430     0.060        14
    33.318    12.416     0.060        14
    33.482    12.403     0.060        14
    33.643    12.338     0.060        14
    33.808    12.346     0.060        14
    33.969    12.295     0.060        14
    34.130    12.260     0.060        14
    34.292    12.234     0.060        14
    34.456    12.208     0.060        14
    34.617    12.197     0.060        14
    34.782    12.170     0.060        14
    34.943    12.142     0.060        14
    35.107    12.126     0.060        14
    35.279    12.074     0.060        14
    35.444    12.038     0.060        14
    35.605    12.006     0.060        14
    35.766    12.010     0.060        14
    35.931    11.934     0.060        14
    36.092    11.914     0.060        14
    36.253    11.894     0.060        14
    36.415    11.834     0.060        14
    36.584    11.849     0.060        14
    36.745    11.818     0.060        14
    36.906    11.790     0.060        14
    37.057    11.773     0.060        14
    37.383    11.725     0.060        14
    37.544    11.701     0.060        14
    37.705    11.665     0.060        14
    37.870    11.650     0.060        14
    38.031    11.622     0.060        14
    38.192    11.598     0.060        14
    38.357    11.570     0.060        14
    38.518    11.528     0.060        14
    38.679    11.510     0.060        14
    38.844    11.473     0.060        14
    39.005    11.435     0.060        14
    39.169    11.437     0.060        14
    39.331    11.399     0.060        14
    39.492    11.377     0.060        14
    39.656    11.347     0.060        14
    39.818    11.341     0.060        14
    39.982    11.311     0.060        14
    40.144    11.282     0.060        14
    40.305    11.247     0.060        14
    40.469    11.226     0.060        14
    40.631    11.205     0.060        14
    40.792    11.174     0.060        14
    40.967    11.156     0.060        14
    41.128    11.122     0.060        14
    41.287    11.126     0.060        14
    41.448    11.097     0.060        14
    41.599    11.072     0.060        14
    41.760    11.031     0.060        14
    41.921    11.026     0.060        14
    42.083    10.981     0.060        14
    42.244    10.968     0.060        14
    42.419    10.976     0.060        14
    42.570    10.903     0.060        14
    42.731    10.918     0.060        14
    42.882    10.869     0.060        14
    43.029    10.845     0.060        14
    43.191    10.825     0.060        14
    43.338    10.789     0.060        14
    43.500    10.773     0.060        14
    43.650    10.749     0.060        14
    43.812    10.705     0.060        14
    43.973    10.689     0.060        14
    44.127    10.661     0.060        14
    44.288    10.640     0.060        14
    44.449    10.599     0.060        14
    44.600    10.570     0.060        14
    44.761    10.541     0.060        14
    44.912    10.508     0.060        14
    45.066    10.507     0.060        14
    45.227    10.463     0.060        14
    45.391    10.446     0.060        14
    45.542    10.413     0.060        14
    45.706    10.388     0.060        14
    45.857    10.375     0.060        14
    46.018    10.349     0.060        14
    46.172    10.316     0.060        14
    46.333    10.295     0.060        14
    46.484    10.269     0.060        14
    46.648    10.244     0.060        14
    46.799    10.178     0.060        14
    46.963    10.167     0.060        14
    47.114    10.139     0.060        14
    47.278    10.118     0.060        14
    47.429    10.081     0.060        14
    47.590    10.079     0.060        14
    47.752    10.038     0.060        14
    47.902    10.036     0.060        14
    48.053    10.035     0.060        14
    48.217    10.014     0.060        14
    48.371    10.001     0.060        14
    48.532     9.978     0.060        14
    48.683     9.951     0.060        14
    48.847     9.966     0.060        14
    48.998     9.921     0.060        14
    49.159     9.897     0.060        14
    49.321     9.859     0.060        14
    49.471     9.822     0.060        14
    49.633     9.793     0.060        14
    49.794     9.789     0.060        14
    49.945     9.755     0.060        14
    50.098     9.738     0.060        14
    50.260     9.738     0.060        14
    50.413     9.745     0.060        14
    50.575     9.739     0.060        14
    50.739     9.734     0.060        14
    50.887     9.710     0.060        14
    51.048     9.713     0.060        14
    51.206     9.699     0.060        14
    51.357     9.696     0.060        14
    51.518     9.689     0.060        14
    51.672     9.681     0.060        14
    51.833     9.662     0.060        14
    51.984     9.650     0.060        14
    52.145     9.626     0.060        14
    52.293     9.614     0.060        14
    52.444     9.598     0.060        14
    52.605     9.587     0.060        14
    52.756     9.568     0.060        14
    52.906     9.557     0.060        14
    53.068     9.531     0.060        14
    53.218     9.500     0.060        14
    53.369     9.469     0.060        14
    53.520     9.450     0.060        14
    53.670     9.432     0.060        14
    53.821     9.413     0.060        14
    53.975     9.390     0.060        14
    54.125     9.379     0.060        14
    54.276     9.365     0.060        14
    54.430     9.344     0.060        14
    54.580     9.319     0.060        14
    54.734     9.298     0.060        14
    54.885     9.285     0.060        14
    55.035     9.272     0.060        14
    55.186     9.243     0.060        14
    55.340     9.231     0.060        14
    55.501     9.218     0.060        14
    55.652     9.204     0.060        14
    55.805     9.194     0.060        14
    55.956     9.164     0.060        14
    56.107     9.150     0.060        14
    56.260     9.128     0.060        14
    56.422     9.110     0.060        14
    56.572     9.084     0.060        14
    56.723     9.063     0.060        14
    56.881     9.035     0.060        14
    57.032     9.018     0.060        14
    57.183     8.997     0.060        14
    57.344     8.969     0.060        14
    57.495     8.957     0.060        14
    57.656     8.924     0.060        14
    57.807     8.922     0.060        14
    57.957     8.895     0.060        14
    58.108     8.877     0.060        14
    58.259     8.850     0.060        14
    58.409     8.836     0.060        14
    58.568     8.821     0.060        14
    58.718     8.799     0.060        14
    58.869     8.772     0.060        14
    59.016     8.750     0.060        14
    59.178     8.738     0.060        14
    59.331     8.709     0.060        14
    59.482     8.693     0.060        14
    59.643     8.669     0.060        14
    59.794     8.648     0.060        14
    59.945     8.624     0.060        14
    60.106     8.600     0.060        14
    60.257     8.579     0.060        14
    60.407     8.551     0.060        14
    60.566     8.530     0.060        14
    60.716     8.506     0.060        14
    60.867     8.485     0.060        14
    61.021     8.465     0.060        14
    61.171     8.444     0.060        14
    61.314     8.419     0.060        14
    61.468     8.399     0.060        14
    61.619     8.370     0.060        14
    61.772     8.354     0.060        14
    61.923     8.329     0.060        14
    62.077     8.305     0.060        14
    62.227     8.288     0.060        14
    62.381     8.273     0.060        14
    62.532     8.261     0.060        14
    62.685     8.242     0.060        14
    62.839     8.211     0.060        14
    62.990     8.187     0.060        14
    63.143     8.164     0.060        14
    63.286     8.140     0.060        14
    63.440     8.121     0.060        14
    63.590     8.101     0.060        14
    63.733     8.081     0.060        14
    63.887     8.065     0.060        14
    64.041     8.050     0.060        14
    64.181     8.030     0.060        14
    64.334     8.014     0.060        14
    64.485     7.986     0.060        14
    64.635     7.962     0.060        14
    64.794     7.942     0.060        14
    64.942     7.922     0.060        14
    65.089     7.895     0.060        14
    65.251     7.881     0.060        14
    65.398     7.858     0.060        14
    65.546     7.848     0.060        14
    65.707     7.830     0.060        14
    65.858     7.804     0.060        14
    66.009     7.789     0.060        14
    66.167     7.763     0.060        14
    66.315     7.741     0.060        14
    66.473     7.719     0.060        14
    66.621     7.696     0.060        14
    66.782     7.667     0.060        14
    66.930     7.641     0.060        14
    67.077     7.616     0.060        14
    67.228     7.590     0.060        14
    67.382     7.569     0.060        14
    67.532     7.547     0.060        14
    67.694     7.538     0.060        14
    67.844     7.516     0.060        14
    67.995     7.491     0.060        14
    68.149     7.465     0.060        14
    68.310     7.437     0.060        14
    68.461     7.409     0.060        14
    68.619     7.385     0.060        14
    68.770     7.361     0.060        14
    68.920     7.333     0.060        14
    69.082     7.309     0.060        14
    69.232     7.285     0.060        14
    69.394     7.257     0.060        14
    69.544     7.227     0.060        14
    69.698     7.202     0.060        14
    69.859     7.172     0.060        14
    70.007     7.143     0.060        14
    70.171     7.117     0.060        14
    70.322     7.087     0.060        14
    70.483     7.061     0.060        14
    70.637     7.032     0.060        14
    70.798     7.006     0.060        14
    70.949     6.981     0.060        14
    71.110     6.958     0.060        14
    71.261     6.932     0.060        14
    71.422     6.905     0.060        14
    71.573     6.875     0.060        14
    71.731     6.844     0.060        14
    71.892     6.818     0.060        14
    72.043     6.783     0.060        14
    72.207     6.757     0.060        14
    72.358     6.726     0.060        14
    72.512     6.696     0.060        14
    72.673     6.663     0.060        14
    72.827     6.631     0.060        14
    72.988     6.594     0.060        14
    73.139     6.562     0.060        14
    73.300     6.526     0.060        14
    73.451     6.482     0.060        14
    73.615     6.441     0.060        14
    73.769     6.405     0.060        14
    73.930     6.364     0.060        14
    74.091     6.323     0.060        14
    74.242     6.275     0.060        14
    74.393     6.235     0.060        14
     7.951    25.655     0.060        24
     8.116    25.643     0.060        24
     8.277    25.575     0.060        24
     8.441    25.547     0.060        24
     8.603    25.496     0.060        24
     8.778    25.439     0.060        24
     8.939    25.399     0.060        24
     9.103    25.371     0.060        24
     9.268    25.327     0.060        24
     9.429    25.300     0.060        24
     9.590    25.256     0.060        24
     9.752    25.225     0.060        24
     9.913    25.157     0.060        24
    10.074    25.113     0.060        24
    10.236    25.062     0.060        24
    10.387    25.016     0.060        24
    10.548    24.976     0.060        24
    10.715    24.941     0.060        24
    10.880    24.890     0.060        24
    11.044    24.846     0.060        24
    11.208    24.815     0.060        24
    11.380    24.783     0.060        24
    11.545    24.726     0.060        24
    11.706    24.690     0.060        24
    11.881    24.664     0.060        24
    12.042    24.607     0.060        24
    12.207    24.563     0.060        24
    12.379    24.537     0.060        24
    12.543    24.500     0.060        24
    12.705    24.427     0.060        24
    12.866    24.390     0.060        24
    13.027    24.350     0.060        24
    13.186    24.325     0.060        24
    13.347    24.292     0.060        24
    13.505    24.264     0.060        24
    13.656    24.208     0.060        24
    13.817    24.183     0.060        24
    13.979    24.131     0.060        24
    14.143    24.089     0.060        24
    14.304    24.047     0.060        24
    14.458    24.036     0.060        24
    14.619    24.001     0.060        24
    14.784    23.969     0.060        24
    14.945    23.910     0.060        24
    15.109    23.862     0.060        24
    15.271    23.811     0.060        24
    15.435    23.780     0.060        24
    15.600    23.733     0.060        24
    15.750    23.696     0.060        24
    15.922    23.657     0.060        24
    16.087    23.615     0.060        24
    16.248    23.580     0.060        24
    16.412    23.530     0.060        24
    16.574    23.486     0.060        24
    16.738    23.426     0.060        24
    16.910    23.393     0.060        24
    17.074    23.333     0.060        24
    17.236    23.299     0.060        24
    17.397    23.273     0.060        24
    17.558    23.245     0.060        24
    17.709    23.186     0.060        24
    17.870    23.141     0.060        24
    18.032    23.100     0.060        24
    18.183    23.049     0.060        24
    18.341    22.999     0.060        24
    18.502    22.958     0.060        24
    18.656    22.930     0.060        24
    18.817    22.894     0.060        24
    18.979    22.862     0.060        24
    19.129    22.814     0.060        24
    19.291    22.779     0.060        24
    19.441    22.710     0.060        24
    19.603    22.654     0.060        24
    19.753    22.641     0.060        24
    19.915    22.590     0.060        24
    20.065    22.534     0.060        24
    20.216    22.495     0.060        24
    20.377    22.430     0.060        24
    20.531    22.386     0.060        24
    20.692    22.362     0.060        24
    20.843    22.293     0.060        24
    21.008    22.254     0.060        24
    21.158    22.221     0.060        24
    21.320    22.171     0.060        24
    21.473    22.129     0.060        24
    21.635    22.095     0.060        24
    21.785    22.042     0.060        24
    21.947    21.999     0.060        24
    22.100    21.945     0.060        24
    22.251    21.924     0.060        24
    22.402    21.865     0.060        24
    22.566    21.787     0.060        24
    22.717    21.745     0.060        24
    22.878    21.730     0.060        24
    23.032    21.708     0.060        24
    23.193    21.663     0.060        24
    23.344    21.615     0.060        24
    23.505    21.558     0.060        24
    23.656    21.517     0.060        24
    23.820    21.451     0.060        24
    23.981    21.416     0.060        24
    24.129    21.362     0.060        24
    24.290    21.311     0.060        24
    24.441    21.282     0.060        24
    24.600    21.255     0.060        24
    24.761    21.223     0.060        24
    24.922    21.140     0.060        24
    25.073    21.124     0.060        24
    25.231    21.058     0.060        24
    25.393    21.011     0.060        24
    25.543    20.960     0.060        24
    25.705    20.921     0.060        24
    25.855    20.890     0.060        24
    26.017    20.883     0.060        24
    26.167    20.842     0.060        24
    26.329    20.783     0.060        24
    26.479    20.729     0.060        24
    26.641    20.676     0.060        24
    26.794    20.647     0.060        24
    26.956    20.625     0.060        24
    27.117    20.583     0.060        24
    27.268    20.549     0.060        24
    27.432    20.506     0.060        24
    27.593    20.469     0.060        24
    27.744    20.433     0.060        24
    27.905    20.354     0.060        24
    28.067    20.332     0.060        24
    28.218    20.308     0.060        24
    28.379    20.289     0.060        24
    28.543    20.242     0.060        24
    28.694    20.185     0.060        24
    28.858    20.135     0.060        24
    29.020    20.121     0.060        24
    29.184    20.055     0.060        24
    29.335    20.016     0.060        24
    29.496    19.963     0.060        24
    29.660    19.938     0.060        24
    29.822    19.901     0.060        24
    29.972    19.880     0.060        24
    30.131    19.823     0.060        24
    30.284    19.754     0.060        24
    30.446    19.729     0.060        24
    30.610    19.675     0.060        24
    30.761    19.640     0.060        24
    30.922    19.617     0.060        24
    31.076    19.584     0.060        24
    31.388    19.491     0.060        24
    31.878    19.365     0.060        24
    32.031    19.309     0.060        24
    42.731    16.349     0.060        24
    42.882    16.281     0.060        24
    43.029    16.261     0.060        24
    43.191    16.236     0.060        24
    43.338    16.208     0.060        24
    43.500    16.179     0.060        24
    43.650    16.097     0.060        24
    43.812    16.064     0.060        24
    43.973    16.020     0.060        24
    44.127    15.963     0.060        24
    44.288    15.938     0.060        24
    44.449    15.897     0.060        24
    44.600    15.864     0.060        24
    44.761    15.815     0.060        24
    44.912    15.775     0.060        24
    45.066    15.730     0.060        24
    45.227    15.685     0.060        24
    45.391    15.632     0.060        24
    45.542    15.568     0.060        24
    45.706    15.526     0.060        24
    45.857    15.494     0.060        24
    46.018    15.477     0.060        24
    46.172    15.457     0.060        24
    46.333    15.420     0.060        24
    48.998    14.701     0.060        24
    49.321    14.621     0.060        24
    49.471    14.596     0.060        24
    49.633    14.541     0.060        24
    49.794    14.490     0.060        24
    50.098    14.414     0.060        24
    50.260    14.364     0.060        24
    50.413    14.322     0.060        24
    54.885    13.202     0.060        24
    55.186    13.132     0.060        24
    55.652    13.041     0.060        24
    55.956    12.966     0.060        24
    56.107    12.928     0.060        24
    56.422    12.855     0.060        24
    56.723    12.757     0.060        24
    56.881    12.735     0.060        24
    57.032    12.713     0.060        24
    57.183    12.677     0.060        24
    57.344    12.636     0.060        24
    57.495    12.604     0.060        24
    57.656    12.572     0.060        24
    57.807    12.543     0.060        24
    57.957    12.502     0.060        24
    58.108    12.473     0.060        24
    58.259    12.436     0.060        24
    58.409    12.391     0.060        24
    58.568    12.360     0.060        24
    58.718    12.314     0.060        24
    58.869    12.272     0.060        24
    59.016    12.242     0.060        24
    59.178    12.211     0.060        24
    59.331    12.172     0.060        24
    59.482    12.146     0.060        24
    59.643    12.111     0.060        24
    59.794    12.052     0.060        24
    59.945    12.010     0.060        24
    60.106    11.983     0.060        24
    60.257    11.957     0.060        24
    60.407    11.922     0.060        24
    60.566    11.899     0.060        24
    60.716    11.869     0.060        24
    60.867    11.815     0.060        24
    61.021    11.788     0.060        24
    61.171    11.770     0.060        24
    61.314    11.700     0.060        24
    61.468    11.669     0.060        24
    61.619    11.635     0.060        24
    61.772    11.615     0.060        24
    61.923    11.571     0.060        24
    62.077    11.527     0.060        24
    62.227    11.504     0.060        24
    62.381    11.471     0.060        24
    62.532    11.422     0.060        24
    62.685    11.386     0.060        24
    62.839    11.349     0.060        24
    62.990    11.313     0.060        24
    63.143    11.270     0.060        24
    63.286    11.224     0.060        24
    63.440    11.182     0.060        24
    63.590    11.139     0.060        24
    63.733    11.105     0.060        24
    63.887    11.078     0.060        24
    64.041    11.039     0.060        24
    64.181    11.001     0.060        24
    64.334    10.973     0.060        24
    64.485    10.932     0.060        24
    64.635    10.907     0.060        24
    64.794    10.866     0.060        24
    64.942    10.829     0.060        24
    65.089    10.797     0.060        24
    65.251    10.746     0.060        24
    65.398    10.717     0.060        24
    65.546    10.679     0.060        24
    84.860     1.000     0.000         0
    85.083     1.960     0.060         1
    85.242     1.979     0.060         1
    85.402     2.002     0.060         1
    85.552     2.029     0.060         1
    85.715     2.060     0.060         1
    85.866     2.096     0.060         1
    86.027     2.142     0.060         1
    86.177     2.186     0.060         1
    86.341     2.225     0.060         1
    86.492     2.270     0.060         1
    86.656     2.322     0.060         1
    86.806     2.375     0.060         1
    86.968     2.435     0.060         1
    87.132     2.500     0.060         1
    87.282     2.566     0.060         1
    87.444     2.644     0.060         1
    87.594     2.729     0.060         1
    87.756     2.796     0.060         1
    87.920     2.859     0.060         1
    88.071     2.923     0.060         1
    88.232     2.990     0.060         1
    88.385     3.064     0.060         1
    88.536     3.137     0.060         1
    88.697     3.213     0.060         1
    88.851     3.327     0.060         1
    89.012     3.429     0.060         1
    85.083     2.501     0.060         2
    85.242     2.508     0.060         2
    85.402     2.523     0.060         2
    85.552     2.550     0.060         2
    85.715     2.569     0.060         2
    85.866     2.592     0.060         2
    86.027     2.615     0.060         2
    86.177     2.646     0.060         2
    86.341     2.685     0.060         2
    86.492     2.732     0.060         2
    86.656     2.791     0.060         2
    86.806     2.794     0.060         2
    86.968     2.833     0.060         2
    87.132     2.893     0.060         2
    94.663     5.308     0.060         5
    94.825     5.331     0.060         5
    94.978     5.360     0.060         5
    95.140     5.379     0.060         5
    95.301     5.395     0.060         5
    95.451     5.419     0.060         5
    95.616     5.453     0.060         5
    95.777     5.472     0.060         5
    95.938     5.479     0.060         5
    96.089     5.491     0.060         5
    96.250     5.510     0.060         5
    96.415     5.537     0.060         5
    96.565     5.556     0.060         5
    96.727     5.579     0.060         5
    96.880     5.601     0.060         5
    97.042     5.618     0.060         5
    97.203     5.632     0.060         5
    97.353     5.647     0.060         5
    97.515     5.669     0.060         5
    97.676     5.682     0.060         5
    97.827     5.692     0.060         5
    97.988     5.703     0.060         5
    98.146     5.709     0.060         5
    98.297     5.737     0.060         5
    98.458     5.751     0.060         5
    98.606     5.754     0.060         5
    98.767     5.728     0.060         5
    98.918     5.732     0.060         5
    99.068     5.749     0.060         5
    99.227     5.762     0.060         5
    99.377     5.763     0.060         5
    99.539     5.772     0.060         5
    99.689     5.787     0.060         5
    99.840     5.802     0.060         5
   100.001     5.823     0.060         5
   100.152     5.840     0.060         5
   100.313     5.857     0.060         5
   100.464     5.871     0.060         5
   100.615     5.888     0.060         5
   100.776     5.904     0.060         5
   100.927     5.932     0.060         5
   101.080     5.930     0.060         5
   101.231     5.948     0.060         5
   101.384     5.954     0.060         5
   101.535     5.962     0.060         5
   101.689     5.973     0.060         5
   101.842     5.979     0.060         5
   101.993     6.012     0.060         5
   102.147     6.029     0.060         5
   102.297     6.037     0.060         5
   102.461     6.073     0.060         5
   102.612     6.092     0.060         5
   102.763     6.118     0.060         5
   102.916     6.127     0.060         5
   103.067     6.148     0.060         5
   103.218     6.172     0.060         5
   103.371     6.188     0.060         5
   103.522     6.200     0.060         5
   103.683     6.239     0.060         5
   103.837     6.262     0.060         5
   103.988     6.277     0.060         5
   104.152     6.311     0.060         5
   104.313     6.335     0.060         5
   104.467     6.355     0.060         5
   104.628     6.385     0.060         5
   104.792     6.399     0.060         5
   104.946     6.425     0.060         5
   105.107     6.447     0.060         5
   105.258     6.471     0.060         5
   105.422     6.496     0.060         5
   105.573     6.510     0.060         5
   105.727     6.540     0.060         5
   105.891     6.562     0.060         5
   106.042     6.590     0.060         5
   106.203     6.606     0.060         5
   106.367     6.624     0.060         5
   106.518     6.654     0.060         5
   106.679     6.666     0.060         5
   106.830     6.702     0.060         5
   106.991     6.717     0.060         5
   107.145     6.740     0.060         5
   107.295     6.763     0.060         5
   107.457     6.794     0.060         5
   107.607     6.817     0.060         5
   107.768     6.835     0.060         5
   107.922     6.865     0.060         5
   108.083     6.897     0.060         5
   108.234     6.917     0.060         5
   108.395     6.945     0.060         5
   108.543     6.969     0.060         5
   108.694     7.005     0.060         5
   108.855     7.029     0.060         5
   109.005     7.058     0.060         5
   109.167     7.079     0.060         5
   109.314     7.112     0.060         5
   109.479     7.137     0.060         5
   109.640     7.168     0.060         5
   109.791     7.195     0.060         5
   109.952     7.226     0.060         5
   110.103     7.250     0.060         5
   110.264     7.278     0.060         5
   110.417     7.299     0.060         5
   110.579     7.320     0.060         5
   110.729     7.345     0.060         5
   110.880     7.366     0.060         5
   111.041     7.389     0.060         5
   111.192     7.413     0.060         5
   111.353     7.433     0.060         5
   111.504     7.450     0.060         5
   111.665     7.475     0.060         5
   111.816     7.505     0.060         5
   111.977     7.543     0.060         5
   112.128     7.550     0.060         5
   112.289     7.577     0.060         5
   112.440     7.581     0.060         5
   112.587     7.621     0.060         5
   112.749     7.640     0.060         5
   112.899     7.650     0.060         5
   113.050     7.692     0.060         5
   113.200     7.706     0.060         5
   113.351     7.732     0.060         5
   113.509     7.760     0.060         5
   113.671     7.778     0.060         5
   113.832     7.820     0.060         5
   113.996     7.839     0.060         5
   114.147     7.893     0.060         5
   114.308     7.903     0.060         5
   114.469     7.954     0.060         5
   114.634     7.964     0.060         5
   114.795     7.982     0.060         5
   114.956     8.019     0.060         5
   115.118     8.049     0.060         5
   115.279     8.067     0.060         5
   115.440     8.098     0.060         5
   115.602     8.137     0.060         5
   115.763     8.163     0.060         5
   115.924     8.197     0.060         5
   116.085     8.216     0.060         5
   116.244     8.238     0.060         5
   116.394     8.269     0.060         5
   116.556     8.293     0.060         5
   116.714     8.325     0.060         5
   116.875     8.353     0.060         5
   117.026     8.377     0.060         5
   117.187     8.405     0.060         5
   117.345     8.433     0.060         5
   117.496     8.453     0.060         5
   117.657     8.485     0.060         5
   117.808     8.513     0.060         5
   117.969     8.541     0.060         5
   118.131     8.577     0.060         5
   118.292     8.599     0.060         5
   118.443     8.628     0.060         5
   118.604     8.657     0.060         5
   118.765     8.684     0.060         5
   118.929     8.726     0.060         5
   119.080     8.754     0.060         5
   119.241     8.778     0.060         5
   119.406     8.805     0.060         5
   119.567     8.832     0.060         5
   119.728     8.855     0.060         5
   119.890     8.879     0.060         5
   120.051     8.910     0.060         5
   120.212     8.937     0.060         5
   120.373     8.952     0.060         5
   120.535     8.971     0.060         5
   120.696     8.998     0.060         5
   120.857     9.017     0.060         5
   121.022     9.045     0.060         5
   121.183     9.073     0.060         5
   121.344     9.098     0.060         5
   121.508     9.131     0.060         5
   121.670     9.152     0.060         5
   121.831     9.185     0.060         5
   121.985     9.207     0.060         5
   122.146     9.241     0.060         5
   122.310     9.270     0.060         5
   122.472     9.299     0.060         5
   122.633     9.332     0.060         5
   122.797     9.373     0.060         5
   122.958     9.402     0.060         5
   123.109     9.430     0.060         5
   123.270     9.459     0.060         5
   123.421     9.491     0.060         5
   123.582     9.523     0.060         5
   123.733     9.557     0.060         5
   123.894     9.588     0.060         5
   124.045     9.616     0.060         5
   124.206     9.640     0.060         5
   124.367     9.663     0.060         5
   124.521     9.686     0.060         5
   124.685     9.705     0.060         5
   124.836     9.737     0.060         5
   124.997     9.761     0.060         5
   125.161     9.781     0.060         5
   125.312     9.797     0.060         5
   125.473     9.814     0.060         5
   125.635     9.844     0.060         5
   125.785     9.862     0.060         5
   125.947     9.871     0.060         5
   126.097     9.893     0.060         5
   126.248     9.912     0.060         5
   126.409     9.935     0.060         5
   126.560     9.965     0.060         5
   126.721     9.992     0.060         5
   126.872    10.008     0.060         5
   127.030    10.032     0.060         5
   127.181    10.056     0.060         5
   127.342    10.080     0.060         5
   127.493    10.107     0.060         5
   127.654    10.137     0.060         5
   127.804    10.165     0.060         5
   127.969    10.185     0.060         5
   128.119    10.213     0.060         5
   128.281    10.241     0.060         5
   128.445    10.273     0.060         5
   128.606    10.297     0.060         5
   128.770    10.325     0.060         5
   128.921    10.350     0.060         5
   129.085    10.374     0.060         5
   129.250    10.394     0.060         5
   129.411    10.415     0.060         5
   129.575    10.443     0.060         5
   129.736    10.458     0.060         5
   129.887    10.479     0.060         5
   130.051    10.498     0.060         5
   130.213    10.516     0.060         5
   130.377    10.539     0.060         5
   130.527    10.566     0.060         5
   130.692    10.587     0.060         5
   130.853    10.622     0.060         5
   131.017    10.649     0.060         5
   131.168    10.666     0.060         5
   131.329    10.702     0.060         5
   131.491    10.712     0.060         5
   131.655    10.774     0.060         5
   131.805    10.772     0.060         5
   131.970    10.802     0.060         5
   132.131    10.819     0.060         5
   132.295    10.829     0.060         5
   132.457    10.857     0.060         5
   132.621    10.885     0.060         5
   132.782    10.909     0.060         5
   132.946    10.916     0.060         5
   133.100    10.940     0.060         5
   133.261    10.972     0.060         5
   133.425    11.001     0.060         5
   133.587    11.032     0.060         5
   133.751    11.056     0.060         5
   133.912    11.076     0.060         5
   134.077    11.104     0.060         5
   134.238    11.136     0.060         5
   134.399    11.164     0.060         5
   134.563    11.192     0.060         5
   134.725    11.219     0.060         5
   134.889    11.252     0.060         5
   135.043    11.272     0.060         5
   135.204    11.296     0.060         5
   135.365    11.320     0.060         5
   135.529    11.352     0.060         5
   135.680    11.376     0.060         5
   135.841    11.416     0.060         5
   135.995    11.428     0.060         5
   136.156    11.464     0.060         5
   136.307    11.480     0.060         5
   136.471    11.526     0.060         5
   136.632    11.544     0.060         5
   136.786    11.572     0.060         5
   136.947    11.597     0.060         5
   137.098    11.628     0.060         5
   137.262    11.661     0.060         5
   137.423    11.665     0.060         5
   137.574    11.701     0.060         5
   137.738    11.725     0.060         5
   137.900    11.765     0.060         5
   138.050    11.795     0.060         5
   138.215    11.805     0.060         5
   138.365    11.843     0.060         5
   138.526    11.877     0.060         5
   138.688    11.905     0.060         5
   138.852    11.949     0.060         5
   139.003    11.957     0.060         5
   139.167    11.993     0.060         5
   139.328    12.004     0.060         5
   139.489    12.025     0.060         5
   139.654    12.065     0.060         5
   139.804    12.104     0.060         5
   139.966    12.102     0.060         5
   140.127    12.128     0.060         5
   140.291    12.160     0.060         5
   140.452    12.189     0.060         5
   140.614    12.207     0.060         5
   140.775    12.236     0.060         5
   140.929    12.266     0.060         5
   141.090    12.272     0.060         5
   225.238    25.641     0.060         5
   225.679    25.738     0.060         5
   226.123    25.823     0.060         5
   226.854    25.944     0.060         5
   227.586    26.074     0.060         5
   228.027    26.134     0.060         5
   228.748    26.251     0.060         5
   229.178    26.340     0.060         5
   229.595    26.417     0.060         5
   230.022    26.494     0.060         5
   230.439    26.575     0.060         5
   230.856    26.664     0.060         5
   230.993    26.718     0.060         5
   231.560    26.819     0.060         5
   231.987    26.896     0.060         5
   232.407    26.960     0.060         5
   232.985    27.053     0.060         5
   233.832    27.194     0.060         5
   234.668    27.307     0.060         5
   235.378    27.411     0.060         5
   235.809    27.476     0.060         5
   236.239    27.540     0.060         5
   236.672    27.600     0.060         5
   237.100    27.656     0.060         5
   237.691    27.741     0.060         5
   262.298    30.482     0.060         8
   263.110    30.571     0.060         8
   264.081    30.699     0.060         8
   264.891    30.825     0.060         8
   265.882    30.945     0.060         8
   267.346    31.122     0.060         8
   269.119    31.309     0.060         8
   270.558    31.451     0.060         8
   271.355    31.490     0.060         8
   272.323    31.582     0.060         8
   273.454    31.671     0.060         8
   274.911    31.802     0.060         8
   275.572    31.869     0.060         8
   276.728    31.959     0.060         8
   277.528    32.031     0.060         8
   278.488    32.075     0.060         8
   279.772    32.212     0.060         8
   281.056    32.302     0.060         8
   281.696    32.369     0.060         8
   283.126    32.500     0.060         8
   283.927    32.525     0.060         8
   284.890    32.607     0.060         8
   285.848    32.668     0.060         8
   287.138    32.795     0.060         8
   288.101    32.878     0.060         8
   289.387    32.993     0.060         8
   290.201    33.071     0.060         8
    90.258     4.029     0.060        10
    90.724     4.150     0.060        10
    91.028     4.211     0.060        10
    91.354     4.296     0.060        10
    91.819     4.405     0.060        10
    92.134     4.477     0.060        10
    92.449     4.558     0.060        10
    92.764     4.651     0.060        10
    93.076     4.724     0.060        10
    93.237     4.768     0.060        10
    93.399     4.842     0.060        10
    93.549     4.880     0.060        10
    93.714     4.930     0.060        10
    93.875     4.963     0.060        10
    94.036     5.001     0.060        10
    94.187     5.054     0.060        10
    94.351     5.090     0.060        10
    94.513     5.134     0.060        10
    94.663     5.177     0.060        10
    94.825     5.209     0.060        10
    94.978     5.250     0.060        10
    96.089     6.439     0.060        14
    96.250     6.459     0.060        14
    96.415     6.475     0.060        14
    96.565     6.488     0.060        14
    96.727     6.508     0.060        14
    96.880     6.532     0.060        14
    97.042     6.552     0.060        14
    97.203     6.571     0.060        14
    97.353     6.595     0.060        14
    97.515     6.623     0.060        14
    97.676     6.638     0.060        14
    97.827     6.650     0.060        14
    97.988     6.666     0.060        14
    98.146     6.669     0.060        14
    98.297     6.674     0.060        14
    98.458     6.673     0.060        14
    98.606     6.682     0.060        14
    98.767     6.690     0.060        14
    98.918     6.703     0.060        14
    99.068     6.700     0.060        14
    99.227     6.704     0.060        14
    99.377     6.729     0.060        14
    99.539     6.725     0.060        14
    99.689     6.738     0.060        14
    99.840     6.763     0.060        14
   100.001     6.775     0.060        14
   100.152     6.799     0.060        14
   100.313     6.814     0.060        14
   100.464     6.813     0.060        14
   100.615     6.817     0.060        14
   100.776     6.832     0.060        14
   100.927     6.872     0.060        14
   101.080     6.895     0.060        14
   101.231     6.899     0.060        14
   101.384     6.911     0.060        14
   101.535     6.903     0.060        14
   101.689     6.922     0.060        14
   101.842     6.922     0.060        14
   101.993     6.945     0.060        14
   102.147     6.957     0.060        14
   102.297     6.969     0.060        14
   102.461     6.981     0.060        14
   102.612     7.017     0.060        14
   102.763     7.033     0.060        14
   102.916     7.049     0.060        14
   103.067     7.077     0.060        14
   103.218     7.113     0.060        14
   103.371     7.137     0.060        14
   103.522     7.141     0.060        14
   103.683     7.172     0.060        14
   103.837     7.196     0.060        14
   103.988     7.228     0.060        14
   104.152     7.248     0.060        14
   104.313     7.272     0.060        14
   104.467     7.302     0.060        14
   104.628     7.327     0.060        14
   104.792     7.349     0.060        14
   104.946     7.375     0.060        14
   105.107     7.393     0.060        14
   105.258     7.419     0.060        14
   105.422     7.440     0.060        14
   105.573     7.465     0.060        14
   105.727     7.498     0.060        14
   105.891     7.506     0.060        14
   106.042     7.531     0.060        14
   106.203     7.547     0.060        14
   106.367     7.572     0.060        14
   106.518     7.592     0.060        14
   106.679     7.621     0.060        14
   106.830     7.646     0.060        14
   106.991     7.674     0.060        14
   107.145     7.698     0.060        14
   107.295     7.734     0.060        14
   107.457     7.754     0.060        14
   107.607     7.778     0.060        14
   107.768     7.822     0.060        14
   107.922     7.826     0.060        14
   108.083     7.858     0.060        14
   108.234     7.878     0.060        14
   108.395     7.906     0.060        14
   108.543     7.918     0.060        14
   108.694     7.951     0.060        14
   108.855     7.995     0.060        14
   109.005     8.016     0.060        14
   109.167     8.032     0.060        14
   109.314     8.041     0.060        14
   109.479     8.061     0.060        14
   109.640     8.081     0.060        14
   109.791     8.102     0.060        14
   109.952     8.126     0.060        14
   110.103     8.151     0.060        14
   110.264     8.183     0.060        14
   110.417     8.211     0.060        14
   110.579     8.239     0.060        14
   110.729     8.267     0.060        14
   110.880     8.291     0.060        14
   111.041     8.315     0.060        14
   111.192     8.339     0.060        14
   111.353     8.363     0.060        14
   111.504     8.371     0.060        14
   111.665     8.411     0.060        14
   111.816     8.436     0.060        14
   111.977     8.469     0.060        14
   112.128     8.482     0.060        14
   112.289     8.507     0.060        14
   112.440     8.521     0.060        14
   112.587     8.542     0.060        14
   112.749     8.551     0.060        14
   112.899     8.596     0.060        14
   113.050     8.622     0.060        14
   113.200     8.648     0.060        14
   113.351     8.683     0.060        14
   113.509     8.685     0.060        14
   113.671     8.719     0.060        14
   113.832     8.758     0.060        14
   113.996     8.788     0.060        14
   114.147     8.834     0.060        14
   114.308     8.873     0.060        14
   114.469     8.879     0.060        14
   114.634     8.906     0.060        14
   114.795     8.942     0.060        14
   114.956     8.977     0.060        14
   115.118     9.000     0.060        14
   115.279     9.036     0.060        14
   115.440     9.067     0.060        14
   115.602     9.090     0.060        14
   115.763     9.124     0.060        14
   115.924     9.142     0.060        14
   116.085     9.176     0.060        14
   116.244     9.206     0.060        14
   116.394     9.232     0.060        14
   116.556     9.262     0.060        14
   116.714     9.288     0.060        14
   116.875     9.318     0.060        14
   117.026     9.346     0.060        14
   117.187     9.366     0.060        14
   117.345     9.394     0.060        14
   117.496     9.422     0.060        14
   117.657     9.442     0.060        14
   117.808     9.474     0.060        14
   117.969     9.499     0.060        14
   118.131     9.525     0.060        14
   118.292     9.543     0.060        14
   118.443     9.572     0.060        14
   118.604     9.598     0.060        14
   118.765     9.624     0.060        14
   118.929     9.649     0.060        14
   119.080     9.671     0.060        14
   119.241     9.697     0.060        14
   119.406     9.718     0.060        14
   119.567     9.742     0.060        14
   119.728     9.765     0.060        14
   119.890     9.781     0.060        14
   120.051     9.804     0.060        14
   120.212     9.827     0.060        14
   120.373     9.852     0.060        14
   120.535     9.873     0.060        14
   120.696     9.906     0.060        14
   120.857     9.935     0.060        14
   121.022     9.960     0.060        14
   121.183     9.989     0.060        14
   121.344    10.018     0.060        14
   121.508    10.051     0.060        14
   121.670    10.076     0.060        14
   121.831    10.106     0.060        14
   121.985    10.131     0.060        14
   122.146    10.176     0.060        14
   122.310    10.193     0.060        14
   122.472    10.223     0.060        14
   122.633    10.234     0.060        14
   122.797    10.286     0.060        14
   122.958    10.326     0.060        14
   123.109    10.347     0.060        14
   123.270    10.376     0.060        14
   123.421    10.415     0.060        14
   123.733    10.475     0.060        14
   123.894    10.511     0.060        14
   124.206    10.572     0.060        14
   124.521    10.615     0.060        14
   124.836    10.688     0.060        14
   125.161    10.732     0.060        14
   125.473    10.775     0.060        14
   125.635    10.800     0.060        14
   126.097    10.859     0.060        14
   126.409    10.903     0.060        14
   126.872    10.979     0.060        14
   127.181    11.022     0.060        14
   127.493    11.066     0.060        14
   127.654    11.086     0.060        14
   127.969    11.138     0.060        14
   128.119    11.166     0.060        14
   128.445    11.214     0.060        14
   128.770    11.266     0.060        14
   129.085    11.313     0.060        14
   129.411    11.353     0.060        14
   129.575    11.377     0.060        14
   129.887    11.429     0.060        14
   130.051    11.470     0.060        14
   130.377    11.514     0.060        14
   130.527    11.533     0.060        14
   130.853    11.594     0.060        14
   131.168    11.629     0.060        14
   131.491    11.672     0.060        14
   131.655    11.705     0.060        14
   131.805    11.716     0.060        14
   132.131    11.777     0.060        14
   132.621    11.849     0.060        14
   132.946    11.904     0.060        14
   133.100    11.929     0.060        14
   133.425    11.976     0.060        14
   133.587    12.009     0.060        14
   134.077    12.093     0.060        14
   134.563    12.168     0.060        14
   134.725    12.201     0.060        14
   135.043    12.253     0.060        14
   135.365    12.304     0.060        14
   135.680    12.357     0.060        14
   135.995    12.413     0.060        14
   136.632    12.524     0.060        14
   136.786    12.545     0.060        14
   137.262    12.621     0.060        14
   137.574    12.663     0.060        14
   137.738    12.692     0.060        14
   138.050    12.744     0.060        14
   138.365    12.788     0.060        14
   138.688    12.844     0.060        14
   139.167    12.923     0.060        14
   139.328    12.948     0.060        14
   139.489    12.976     0.060        14
   139.804    13.028     0.060        14
   140.127    13.083     0.060        14
   140.291    13.115     0.060        14
   104.792    10.679     0.060        24
   104.946    10.711     0.060        24
   105.107    10.756     0.060        24
   105.258    10.796     0.060        24
   105.422    10.817     0.060        24
   105.573    10.869     0.060        24
   105.727    10.909     0.060        24
   105.891    10.937     0.060        24
   106.042    10.967     0.060        24
   106.203    11.035     0.060        24
   106.367    11.068     0.060        24
   106.518    11.089     0.060        24
   106.679    11.135     0.060        24
   106.830    11.176     0.060        24
   106.991    11.218     0.060        24
   107.145    11.256     0.060        24
   107.295    11.293     0.060        24
   107.457    11.334     0.060        24
   107.607    11.374     0.060        24
   107.768    11.407     0.060        24
   107.922    11.451     0.060        24
   108.083    11.498     0.060        24
   108.234    11.553     0.060        24
   108.395    11.572     0.060        24
   108.543    11.616     0.060        24
   108.694    11.664     0.060        24
   108.855    11.677     0.060        24
   109.005    11.713     0.060        24
   109.167    11.741     0.060        24
   109.314    11.777     0.060        24
   109.479    11.826     0.060        24
   109.640    11.871     0.060        24
   109.791    11.918     0.060        24
   109.952    11.986     0.060        24
   110.103    12.029     0.060        24
   110.264    12.063     0.060        24
   110.417    12.107     0.060        24
   110.579    12.156     0.060        24
   110.729    12.196     0.060        24
   110.880    12.228     0.060        24
   111.041    12.261     0.060        24
   111.192    12.297     0.060        24
   111.353    12.333     0.060        24
   111.504    12.389     0.060        24
   111.665    12.421     0.060        24
   111.816    12.452     0.060        24
   111.977    12.504     0.060        24
   112.128    12.538     0.060        24
   112.289    12.586     0.060        24
   112.440    12.632     0.060        24
   112.587    12.674     0.060        24
   112.749    12.706     0.060        24
   112.899    12.749     0.060        24
   113.050    12.755     0.060        24
   113.671    12.954     0.060        24
   114.308    13.127     0.060        24
   114.469    13.167     0.060        24
   114.634    13.234     0.060        24
   114.795    13.257     0.060        24
   115.440    13.450     0.060        24
   115.602    13.529     0.060        24
   115.763    13.565     0.060        24
   115.924    13.601     0.060        24
   116.085    13.658     0.060        24
   116.244    13.691     0.060        24
   116.394    13.715     0.060        24
   116.556    13.751     0.060        24
   116.714    13.804     0.060        24
   116.875    13.852     0.060        24
   117.026    13.890     0.060        24
   117.187    13.936     0.060        24
   117.808    14.062     0.060        24
   118.292    14.195     0.060        24
   118.765    14.341     0.060        24
   119.080    14.431     0.060        24
   119.241    14.465     0.060        24
   119.406    14.504     0.060        24
   119.567    14.527     0.060        24
   119.728    14.594     0.060        24
   119.890    14.660     0.060        24
   120.051    14.711     0.060        24
   120.212    14.742     0.060        24
   120.373    14.780     0.060        24
   120.535    14.831     0.060        24
   120.696    14.874     0.060        24
   120.857    14.888     0.060        24
   121.022    14.970     0.060        24
   121.508    15.103     0.060        24
   121.985    15.230     0.060        24
   122.472    15.363     0.060        24
   122.958    15.492     0.060        24
   123.109    15.525     0.060        24
   123.270    15.568     0.060        24
   123.421    15.613     0.060        24
   123.582    15.664     0.060        24
   123.733    15.701     0.060        24
   123.894    15.744     0.060        24
   124.045    15.789     0.060        24
   124.206    15.861     0.060        24
   124.367    15.923     0.060        24
   124.521    15.956     0.060        24
   124.685    15.983     0.060        24
   124.836    16.013     0.060        24
   124.997    16.110     0.060        24
   125.161    16.145     0.060        24
   125.312    16.181     0.060        24
   125.473    16.227     0.060        24
   125.635    16.285     0.060        24
   125.785    16.314     0.060        24
   125.947    16.361     0.060        24
   126.097    16.394     0.060        24
   126.248    16.439     0.060        24
   126.409    16.481     0.060        24
   126.560    16.517     0.060        24
   126.721    16.554     0.060        24
   126.872    16.598     0.060        24
   127.030    16.630     0.060        24
   127.181    16.662     0.060        24
   127.342    16.686     0.060        24
   127.493    16.742     0.060        24
   127.654    16.788     0.060        24
   127.804    16.822     0.060        24
   128.281    16.926     0.060        24
   128.921    17.099     0.060        24
   129.250    17.180     0.060        24
   129.411    17.253     0.060        24
   129.575    17.294     0.060        24
   129.736    17.326     0.060        24
   129.887    17.370     0.060        24
   130.051    17.411     0.060        24
   130.213    17.418     0.060        24
   130.377    17.482     0.060        24
   130.527    17.552     0.060        24
   130.692    17.564     0.060        24
   131.168    17.702     0.060        24
   131.805    17.889     0.060        24
   132.131    17.981     0.060        24
   132.295    18.028     0.060        24
   132.457    18.081     0.060        24
   132.621    18.125     0.060        24
   132.782    18.149     0.060        24
   132.946    18.190     0.060        24
   133.100    18.211     0.060        24
   133.261    18.276     0.060        24
   133.425    18.327     0.060        24
   133.587    18.391     0.060        24
   133.751    18.457     0.060        24
   134.238    18.595     0.060        24
   134.563    18.681     0.060        24
   134.889    18.774     0.060        24
   135.204    18.848     0.060        24
   135.529    18.947     0.060        24
   135.995    19.063     0.060        24
   136.471    19.203     0.060        24
   136.947    19.329     0.060        24
   137.262    19.416     0.060        24
   137.900    19.585     0.060        24
   138.526    19.758     0.060        24
   139.003    19.881     0.060        24
   139.328    19.976     0.060        24
   139.489    20.043     0.060        24
   139.654    20.087     0.060        24
   139.804    20.092     0.060        24
   139.966    20.150     0.060        24
   140.127    20.188     0.060        24
   140.291    20.253     0.060        24
   140.452    20.296     0.060        24
   140.614    20.360     0.060        24
   140.775    20.398     0.060        24
   141.090    20.470     0.060        24
   141.577    20.596     0.060        24
   141.899    20.676     0.060        24
   142.378    20.809     0.060        24
   142.701    20.900     0.060        24
   143.825    21.205     0.060        24
   144.473    21.382     0.060        24
   145.272    21.593     0.060        24
   146.081    21.808     0.060        24
   147.041    22.053     0.060        24
   147.679    22.208     0.060        24
   148.001    22.288     0.060        24
   148.478    22.424     0.060        24
   148.792    22.473     0.060        24
   149.430    22.638     0.060        24
   150.060    22.793     0.060        24
   150.851    22.989     0.060        24
     0.000     0.000     0.000        -1
