   114.812    -1.000     0.000         0
   110.874     3.028     0.060         1
   111.035     2.933     0.060         1
   111.186     2.818     0.060         1
   111.347     2.750     0.060         1
   111.497     2.685     0.060         1
   111.658     2.606     0.060         1
   111.809     2.534     0.060         1
   111.970     2.465     0.060         1
   112.120     2.394     0.060         1
   112.281     2.333     0.060         1
   112.431     2.259     0.060         1
   112.579     2.182     0.060         1
   112.740     2.104     0.060         1
   112.889     2.051     0.060         1
   113.039     1.995     0.060         1
   113.189     1.951     0.060         1
   113.338     1.906     0.060         1
   113.497     1.873     0.060         1
   113.656     1.839     0.060         1
   113.816     1.810     0.060         1
   113.975     1.784     0.060         1
   114.121     1.765     0.060         1
   114.275     1.747     0.060         1
   114.423     1.732     0.060         1
   114.550     1.718     0.060         1
   114.622     1.717     0.060         1
    26.168    16.651     0.060         5
    26.956    16.536     0.060         5
    27.745    16.420     0.060         5
    28.379    16.329     0.060         5
    29.020    16.249     0.060         5
    29.973    16.098     0.060         5
    30.923    15.971     0.060         5
    31.878    15.823     0.060         5
    32.683    15.712     0.060         5
    33.482    15.588     0.060         5
    34.456    15.432     0.060         5
    35.280    15.313     0.060         5
    36.092    15.177     0.060         5
    37.222    14.997     0.060         5
    38.032    14.844     0.060         5
    38.519    14.797     0.060         5
    39.331    14.670     0.060         5
    40.305    14.518     0.060         5
    40.967    14.414     0.060         5
    54.430    12.517     0.060         5
    54.885    12.457     0.060         5
    55.501    12.370     0.060         5
    56.107    12.303     0.060         5
    56.573    12.251     0.060         5
    57.344    12.148     0.060         5
    57.958    12.061     0.060         5
    58.568    11.977     0.060         5
    58.869    11.929     0.060         5
    59.017    11.920     0.060         5
    59.178    11.900     0.060         5
    59.332    11.890     0.060         5
    59.483    11.863     0.060         5
    59.644    11.839     0.060         5
    59.795    11.830     0.060         5
    59.945    11.819     0.060         5
    60.107    11.793     0.060         5
    60.257    11.770     0.060         5
    60.408    11.763     0.060         5
    60.566    11.740     0.060         5
    60.717    11.714     0.060         5
    60.868    11.675     0.060         5
    61.021    11.667     0.060         5
    61.172    11.649     0.060         5
    61.315    11.630     0.060         5
    61.469    11.600     0.060         5
    61.619    11.584     0.060         5
    61.773    11.572     0.060         5
    61.923    11.551     0.060         5
    62.077    11.523     0.060         5
    62.228    11.507     0.060         5
    62.381    11.488     0.060         5
    62.532    11.465     0.060         5
    62.686    11.441     0.060         5
    62.839    11.430     0.060         5
    62.990    11.396     0.060         5
    63.143    11.383     0.060         5
    63.286    11.353     0.060         5
    63.440    11.318     0.060         5
    63.591    11.296     0.060         5
    63.734    11.286     0.060         5
    63.887    11.264     0.060         5
    64.041    11.265     0.060         5
    64.181    11.239     0.060         5
    64.334    11.221     0.060         5
    64.794    11.157     0.060         5
    64.942    11.152     0.060         5
    65.089    11.133     0.060         5
    65.251    11.089     0.060         5
    65.399    11.071     0.060         5
    65.546    11.047     0.060         5
    65.708    11.025     0.060         5
    65.858    11.001     0.060         5
    66.009    10.978     0.060         5
    66.167    10.947     0.060         5
    66.315    10.937     0.060         5
    66.473    10.908     0.060         5
    66.621    10.893     0.060         5
    66.782    10.871     0.060         5
    66.930    10.852     0.060         5
    67.078    10.830     0.060         5
    67.228    10.819     0.060         5
    67.382    10.817     0.060         5
    67.533    10.783     0.060         5
    67.694    10.778     0.060         5
    67.845    10.764     0.060         5
    67.995    10.727     0.060         5
    68.149    10.693     0.060         5
    68.310    10.680     0.060         5
    68.461    10.667     0.060         5
    68.619    10.655     0.060         5
    68.770    10.628     0.060         5
    68.921    10.626     0.060         5
    69.082    10.596     0.060         5
    69.233    10.566     0.060         5
    69.394    10.553     0.060         5
    69.545    10.535     0.060         5
    69.698    10.514     0.060         5
    69.860    10.492     0.060         5
    70.007    10.458     0.060         5
    70.172    10.448     0.060         5
    70.322    10.422     0.060         5
    70.484    10.392     0.060         5
    70.637    10.378     0.060         5
    70.799    10.348     0.060         5
    70.949    10.326     0.060         5
    71.111    10.296     0.060         5
    71.261    10.262     0.060         5
    71.423    10.256     0.060         5
    71.573    10.238     0.060         5
    71.732    10.244     0.060         5
    71.893    10.239     0.060         5
    72.044    10.202     0.060         5
    72.208    10.173     0.060         5
    72.358    10.148     0.060         5
    72.512    10.115     0.060         5
    72.673    10.094     0.060         5
    72.827    10.081     0.060         5
    72.988    10.057     0.060         5
    73.139    10.033     0.060         5
    73.300    10.013     0.060         5
    73.451     9.993     0.060         5
    73.615     9.968     0.060         5
    73.769     9.942     0.060         5
    73.930     9.912     0.060         5
    74.092     9.879     0.060         5
    74.242     9.874     0.060         5
    74.393     9.845     0.060         5
    74.543     9.830     0.060         5
    74.694     9.805     0.060         5
    74.845     9.789     0.060         5
    74.992     9.728     0.060         5
    75.143     9.719     0.060         5
    75.294     9.695     0.060         5
    75.441     9.698     0.060         5
    75.603     9.669     0.060         5
    75.753     9.656     0.060         5
    75.907     9.609     0.060         5
    76.222     9.575     0.060         5
    76.526     9.510     0.060         5
    76.677     9.508     0.060         5
    76.831     9.491     0.060         5
    76.992     9.467     0.060         5
    77.143     9.456     0.060         5
    77.296     9.429     0.060         5
    77.457     9.389     0.060         5
    77.608     9.400     0.060         5
    77.762     9.360     0.060         5
    77.912     9.343     0.060         5
    78.074     9.302     0.060         5
    78.224     9.286     0.060         5
    78.375     9.261     0.060         5
    78.536     9.244     0.060         5
    78.698     9.208     0.060         5
    78.848     9.204     0.060         5
    79.010     9.160     0.060         5
    79.157     9.161     0.060         5
    79.319     9.103     0.060         5
    79.469     9.117     0.060         5
    79.620     9.087     0.060         5
    79.771     9.070     0.060         5
    79.932     9.037     0.060         5
    80.083     9.015     0.060         5
    80.233     8.998     0.060         5
    80.395     8.976     0.060         5
    80.542     8.951     0.060         5
    80.704     8.930     0.060         5
    80.854     8.910     0.060         5
    81.016     8.882     0.060         5
    81.166     8.854     0.060         5
    81.317     8.834     0.060         5
    81.478     8.802     0.060         5
    81.629     8.774     0.060         5
    81.790     8.750     0.060         5
    81.941     8.727     0.060         5
    82.102     8.696     0.060         5
    82.260     8.661     0.060         5
    82.411     8.630     0.060         5
    82.562     8.595     0.060         5
    82.723     8.584     0.060         5
    82.884     8.565     0.060         5
    83.046     8.543     0.060         5
    83.196     8.522     0.060         5
    83.355     8.481     0.060         5
    83.508     8.449     0.060         5
    83.670     8.418     0.060         5
    83.820     8.378     0.060         5
    83.985     8.358     0.060         5
    84.135     8.330     0.060         5
    84.286     8.318     0.060         5
    84.450     8.294     0.060         5
    84.612     8.262     0.060         5
    84.762     8.254     0.060         5
    84.923     8.234     0.060         5
    85.074     8.186     0.060         5
    85.238     8.155     0.060         5
    85.400     8.132     0.060         5
    85.550     8.132     0.060         5
    85.715     8.094     0.060         5
    85.865     8.074     0.060         5
    86.027     8.050     0.060         5
    86.177     8.022     0.060         5
    86.342     7.990     0.060         5
    86.492     7.961     0.060         5
    86.968     7.873     0.060         5
    87.133     7.858     0.060         5
    87.283     7.838     0.060         5
    87.445     7.806     0.060         5
    87.595     7.777     0.060         5
    87.757     7.758     0.060         5
    87.921     7.734     0.060         5
    88.072     7.710     0.060         5
    88.233     7.682     0.060         5
    88.386     7.654     0.060         5
    88.537     7.626     0.060         5
    88.698     7.606     0.060         5
    88.852     7.582     0.060         5
    89.013     7.564     0.060         5
    89.164     7.526     0.060         5
    89.318     7.484     0.060         5
    89.479     7.478     0.060         5
    89.632     7.448     0.060         5
    89.794     7.423     0.060         5
    89.944     7.439     0.060         5
    90.098     7.423     0.060         5
    90.259     7.383     0.060         5
    90.410     7.366     0.060         5
    90.564     7.358     0.060         5
    90.725     7.337     0.060         5
    90.878     7.313     0.060         5
    91.029     7.292     0.060         5
    91.193     7.264     0.060         5
    91.355     7.236     0.060         5
    91.508     7.208     0.060         5
    91.659     7.200     0.060         5
    91.820     7.152     0.060         5
    91.974     7.136     0.060         5
    92.135     7.104     0.060         5
    92.289     7.051     0.060         5
    92.450     7.037     0.060         5
    92.603     7.020     0.060         5
    92.765     6.988     0.060         5
    92.915     6.972     0.060         5
    93.077     6.944     0.060         5
    93.238     6.912     0.060         5
    93.399     6.888     0.060         5
    93.550     6.857     0.060         5
    93.714     6.826     0.060         5
    93.876     6.847     0.060         5
    94.037     6.804     0.060         5
    94.188     6.812     0.060         5
    94.352     6.793     0.060         5
    94.513     6.765     0.060         5
    94.664     6.737     0.060         5
    94.825     6.718     0.060         5
    94.979     6.694     0.060         5
    95.140     6.672     0.060         5
    95.301     6.654     0.060         5
    95.452     6.636     0.060         5
    95.616     6.615     0.060         5
    18.032    18.197     0.060         8
    18.183    18.158     0.060         8
    18.341    18.167     0.060         8
    18.503    18.132     0.060         8
    18.656    18.149     0.060         8
    18.818    18.108     0.060         8
    18.979    18.136     0.060         8
    19.130    18.061     0.060         8
    19.291    18.098     0.060         8
    19.442    18.033     0.060         8
    19.603    18.004     0.060         8
    19.754    17.987     0.060         8
    19.915    17.986     0.060         8
    20.066    17.991     0.060         8
    20.217    17.928     0.060         8
    20.378    17.910     0.060         8
    20.532    17.886     0.060         8
    20.693    17.876     0.060         8
    20.844    17.872     0.060         8
    21.008    17.847     0.060         8
    21.159    17.815     0.060         8
    21.320    17.747     0.060         8
    21.474    17.775     0.060         8
    21.635    17.755     0.060         8
    21.786    17.688     0.060         8
    21.947    17.707     0.060         8
    22.101    17.698     0.060         8
    22.252    17.678     0.060         8
    22.402    17.654     0.060         8
    22.567    17.626     0.060         8
    22.717    17.613     0.060         8
    22.879    17.580     0.060         8
    23.032    17.607     0.060         8
    23.194    17.543     0.060         8
    23.344    17.544     0.060         8
    23.506    17.512     0.060         8
    23.656    17.490     0.060         8
    23.821    17.481     0.060         8
    23.982    17.444     0.060         8
    24.130    17.398     0.060         8
    24.291    17.404     0.060         8
    24.442    17.389     0.060         8
    24.600    17.369     0.060         8
    24.761    17.357     0.060         8
    24.923    17.285     0.060         8
    25.073    17.348     0.060         8
    25.232    17.280     0.060         8
    25.393    17.207     0.060         8
    25.544    17.239     0.060         8
    25.705    17.162     0.060         8
    25.856    17.190     0.060         8
    26.017    17.121     0.060         8
    26.168    17.188     0.060         8
    26.329    17.132     0.060         8
    26.480    17.110     0.060         8
    26.641    17.091     0.060         8
    26.795    17.073     0.060         8
    26.956    17.106     0.060         8
    27.118    17.029     0.060         8
    27.268    17.007     0.060         8
    27.433    16.987     0.060         8
    27.594    16.957     0.060         8
    27.745    16.936     0.060         8
    27.906    16.980     0.060         8
    28.067    16.937     0.060         8
    28.218    16.864     0.060         8
    28.379    16.861     0.060         8
    28.544    16.825     0.060         8
    28.694    16.815     0.060         8
    28.859    16.793     0.060         8
    29.020    16.809     0.060         8
    29.185    16.745     0.060         8
    29.335    16.734     0.060         8
    29.497    16.711     0.060         8
    29.661    16.696     0.060         8
    29.822    16.674     0.060         8
    29.973    16.648     0.060         8
    30.131    16.626     0.060         8
    30.285    16.617     0.060         8
    30.446    16.586     0.060         8
    30.611    16.584     0.060         8
    30.761    16.535     0.060         8
    30.923    16.515     0.060         8
    31.076    16.495     0.060         8
    31.238    16.465     0.060         8
    31.388    16.462     0.060         8
    31.553    16.436     0.060         8
    31.714    16.405     0.060         8
    31.878    16.407     0.060         8
    32.032    16.384     0.060         8
    32.196    16.367     0.060         8
    32.358    16.331     0.060         8
    32.522    16.321     0.060         8
    32.683    16.314     0.060         8
    32.845    16.312     0.060         8
    33.006    16.261     0.060         8
    33.157    16.231     0.060         8
    33.318    16.236     0.060         8
    33.482    16.189     0.060         8
    33.644    16.169     0.060         8
    33.808    16.181     0.060         8
    33.969    16.117     0.060         8
    34.131    16.100     0.060         8
    34.292    16.074     0.060         8
    34.456    16.083     0.060         8
    34.618    16.022     0.060         8
    34.782    15.998     0.060         8
    34.943    16.005     0.060         8
    35.108    15.943     0.060         8
    35.280    15.924     0.060         8
    35.444    15.892     0.060         8
    35.605    15.868     0.060         8
    35.767    15.845     0.060         8
    35.931    15.879     0.060         8
    36.092    15.838     0.060         8
    36.254    15.809     0.060         8
    36.415    15.769     0.060         8
    36.584    15.752     0.060         8
    36.746    15.733     0.060         8
    36.907    15.701     0.060         8
    37.058    15.678     0.060         8
    37.222    15.673     0.060         8
    37.383    15.656     0.060         8
    37.545    15.622     0.060         8
    37.706    15.609     0.060         8
    37.870    15.566     0.060         8
    38.032    15.586     0.060         8
    38.193    15.524     0.060         8
    38.357    15.527     0.060         8
    38.519    15.522     0.060         8
    38.680    15.493     0.060         8
    38.844    15.452     0.060         8
    39.006    15.438     0.060         8
    39.170    15.440     0.060         8
    39.331    15.415     0.060         8
    39.493    15.386     0.060         8
    39.657    15.368     0.060         8
    39.818    15.303     0.060         8
    39.983    15.285     0.060         8
    40.144    15.295     0.060         8
    40.305    15.258     0.060         8
    40.470    15.238     0.060         8
    40.631    15.229     0.060         8
    40.792    15.200     0.060         8
    40.967    15.204     0.060         8
    41.129    15.156     0.060         8
    41.287    15.119     0.060         8
    41.448    15.118     0.060         8
    41.599    15.085     0.060         8
    41.760    15.066     0.060         8
    41.922    15.056     0.060         8
    42.083    15.014     0.060         8
    42.244    15.043     0.060         8
    42.419    15.041     0.060         8
    42.570    14.954     0.060         8
    42.731    14.959     0.060         8
    95.778     6.434     0.060        10
    95.939     6.390     0.060        10
    96.089     6.348     0.060        10
    96.251     6.323     0.060        10
    96.415     6.281     0.060        10
    96.566     6.228     0.060        10
    96.727     6.201     0.060        10
    96.881     6.155     0.060        10
    97.042     6.111     0.060        10
    97.203     6.062     0.060        10
    97.354     6.036     0.060        10
    97.515     5.981     0.060        10
    97.676     5.937     0.060        10
    97.827     5.902     0.060        10
    97.988     5.871     0.060        10
    98.147     5.836     0.060        10
    98.298     5.796     0.060        10
    98.459     5.759     0.060        10
    98.607     5.719     0.060        10
    98.768     5.699     0.060        10
    98.919     5.659     0.060        10
    99.069     5.634     0.060        10
    99.228     5.602     0.060        10
    99.378     5.570     0.060        10
    99.540     5.542     0.060        10
    99.690     5.516     0.060        10
    99.841     5.490     0.060        10
   100.002     5.454     0.060        10
   100.153     5.424     0.060        10
   100.314     5.395     0.060        10
   100.465     5.374     0.060        10
   100.615     5.346     0.060        10
   100.777     5.312     0.060        10
   100.927     5.279     0.060        10
   101.081     5.253     0.060        10
   101.232     5.229     0.060        10
   101.385     5.199     0.060        10
   101.536     5.173     0.060        10
   101.689     5.138     0.060        10
   101.843     5.115     0.060        10
   101.993     5.089     0.060        10
   102.147     5.058     0.060        10
   102.297     5.027     0.060        10
   102.462     5.004     0.060        10
   102.612     4.976     0.060        10
   102.763     4.956     0.060        10
   102.916     4.928     0.060        10
   103.067     4.899     0.060        10
   103.217     4.874     0.060        10
   103.371     4.848     0.060        10
   103.522     4.816     0.060        10
   103.683     4.796     0.060        10
   103.836     4.772     0.060        10
   103.987     4.744     0.060        10
   104.151     4.713     0.060        10
   104.312     4.683     0.060        10
   104.466     4.656     0.060        10
   104.627     4.622     0.060        10
   104.791     4.588     0.060        10
   104.945     4.556     0.060        10
   105.106     4.527     0.060        10
   105.256     4.487     0.060        10
   105.421     4.456     0.060        10
   105.571     4.423     0.060        10
   105.724     4.387     0.060        10
   105.888     4.354     0.060        10
   106.039     4.322     0.060        10
   106.200     4.294     0.060        10
   106.364     4.262     0.060        10
   106.515     4.228     0.060        10
   106.676     4.190     0.060        10
   106.827     4.157     0.060        10
   106.988     4.122     0.060        10
   107.141     4.092     0.060        10
   107.292     4.060     0.060        10
   107.453     4.032     0.060        10
   107.604     4.000     0.060        10
   107.765     3.964     0.060        10
   107.918     3.932     0.060        10
   108.079     3.895     0.060        10
   108.230     3.855     0.060        10
    25.705    17.517     0.060        14
    26.329    17.413     0.060        14
    26.480    17.389     0.060        14
    26.956    17.318     0.060        14
    27.433    17.248     0.060        14
    28.218    17.144     0.060        14
    29.185    17.013     0.060        14
    29.822    16.914     0.060        14
    30.285    16.848     0.060        14
    31.076    16.716     0.060        14
    31.553    16.674     0.060        14
    32.032    16.584     0.060        14
    32.522    16.523     0.060        14
    33.318    16.420     0.060        14
    33.969    16.340     0.060        14
    34.618    16.232     0.060        14
    35.108    16.148     0.060        14
    35.767    16.021     0.060        14
    36.584    15.914     0.060        14
    37.383    15.787     0.060        14
    37.870    15.717     0.060        14
    38.680    15.590     0.060        14
    39.331    15.492     0.060        14
    39.983    15.393     0.060        14
    40.631    15.304     0.060        14
    40.967    15.239     0.060        14
    59.483    12.810     0.060        14
    60.107    12.738     0.060        14
    60.566    12.682     0.060        14
    61.172    12.606     0.060        14
    61.619    12.542     0.060        14
    62.077    12.494     0.060        14
    62.381    12.450     0.060        14
    62.686    12.418     0.060        14
    62.990    12.375     0.060        14
    63.143    12.358     0.060        14
    63.440    12.331     0.060        14
    63.887    12.274     0.060        14
    64.181    12.230     0.060        14
    64.485    12.174     0.060        14
    64.794    12.129     0.060        14
    65.546    12.025     0.060        14
    66.167    11.957     0.060        14
    66.621    11.885     0.060        14
    67.078    11.829     0.060        14
    67.382    11.785     0.060        14
    67.845    11.720     0.060        14
    68.461    11.631     0.060        14
    68.770    11.590     0.060        14
    69.394    11.496     0.060        14
    69.860    11.438     0.060        14
    70.322    11.376     0.060        14
    70.799    11.303     0.060        14
    70.949    11.283     0.060        14
    71.261    11.231     0.060        14
    71.732    11.165     0.060        14
    72.208    11.096     0.060        14
    72.827    11.010     0.060        14
    72.988    10.989     0.060        14
    73.451    10.920     0.060        14
    73.930    10.848     0.060        14
    74.543    10.754     0.060        14
    74.992    10.696     0.060        14
    75.603    10.618     0.060        14
    76.058    10.549     0.060        14
    76.677    10.448     0.060        14
    77.296    10.355     0.060        14
    77.912    10.269     0.060        14
    78.698    10.152     0.060        14
    79.157    10.090     0.060        14
    79.932     9.987     0.060        14
    80.704     9.869     0.060        14
    81.016     9.817     0.060        14
    81.790     9.689     0.060        14
    82.723     9.540     0.060        14
    83.508     9.418     0.060        14
    84.135     9.301     0.060        14
    84.762     9.196     0.060        14
    85.074     9.141     0.060        14
    85.865     8.998     0.060        14
    86.492     8.905     0.060        14
    87.283     8.763     0.060        14
    87.921     8.676     0.060        14
    88.386     8.604     0.060        14
    89.013     8.518     0.060        14
    89.632     8.431     0.060        14
    90.259     8.338     0.060        14
    91.029     8.222     0.060        14
    91.355     8.169     0.060        14
    91.974     8.090     0.060        14
    92.289     8.020     0.060        14
    93.238     7.874     0.060        14
    94.037     7.757     0.060        14
    94.513     7.677     0.060        14
    95.140     7.570     0.060        14
    95.778     7.465     0.060        14
    14.620    31.160     0.060        24
    15.110    31.046     0.060        24
    15.751    30.886     0.060        24
    16.911    30.594     0.060        24
    17.398    30.474     0.060        24
    18.183    30.278     0.060        24
    18.503    30.198     0.060        24
    19.442    29.950     0.060        24
    20.378    29.708     0.060        24
    21.635    29.373     0.060        24
    22.567    29.136     0.060        24
    23.032    29.020     0.060        24
    23.821    28.820     0.060        24
    24.761    28.584     0.060        24
    25.705    28.348     0.060        24
    26.480    28.156     0.060        24
    27.433    27.910     0.060        24
    28.067    27.754     0.060        24
    29.185    27.474     0.060        24
    30.131    27.261     0.060        24
    31.076    27.096     0.060        24
    31.714    26.957     0.060        24
    32.358    26.807     0.060        24
    32.845    26.685     0.060        24
    33.318    26.584     0.060        24
    34.618    26.284     0.060        24
    35.605    25.994     0.060        24
    36.415    25.770     0.060        24
    36.907    25.653     0.060        24
    37.870    25.367     0.060        24
    38.844    25.129     0.060        24
    39.657    24.920     0.060        24
    40.305    24.718     0.060        24
    41.287    24.480     0.060        24
    41.760    24.358     0.060        24
    42.419    24.198     0.060        24
    43.030    24.043     0.060        24
    43.812    23.882     0.060        24
    44.289    23.766     0.060        24
    44.913    23.641     0.060        24
    45.228    23.536     0.060        24
    45.707    23.402     0.060        24
    46.485    23.177     0.060        24
    47.279    23.013     0.060        24
    47.752    22.869     0.060        24
    48.533    22.683     0.060        24
    49.321    22.508     0.060        24
    49.795    22.396     0.060        24
    50.260    22.281     0.060        24
    50.575    22.175     0.060        24
    51.358    21.998     0.060        24
    51.985    21.825     0.060        24
    52.444    21.751     0.060        24
    53.219    21.515     0.060        24
    53.975    21.331     0.060        24
    54.581    21.199     0.060        24
    55.036    21.109     0.060        24
    55.652    20.941     0.060        24
    55.956    20.858     0.060        24
    56.573    20.712     0.060        24
    57.032    20.609     0.060        24
    57.495    20.455     0.060        24
    57.958    20.386     0.060        24
    58.568    20.278     0.060        24
    59.178    20.090     0.060        24
    59.644    19.973     0.060        24
    61.021    19.679     0.060        24
    61.923    19.483     0.060        24
    62.686    19.279     0.060        24
    63.286    19.129     0.060        24
    63.734    18.999     0.060        24
    64.485    18.812     0.060        24
    64.794    18.716     0.060        24
    65.399    18.599     0.060        24
    66.167    18.424     0.060        24
    66.621    18.306     0.060        24
    67.382    18.087     0.060        24
    68.149    17.928     0.060        24
    68.770    17.785     0.060        24
    69.698    17.557     0.060        24
    70.007    17.447     0.060        24
    70.637    17.283     0.060        24
    71.111    17.138     0.060        24
    71.732    16.982     0.060        24
    72.358    16.776     0.060        24
    72.827    16.644     0.060        24
    73.451    16.455     0.060        24
    74.242    16.252     0.060        24
    74.694    16.110     0.060        24
    75.441    15.944     0.060        24
    76.222    15.730     0.060        24
    76.831    15.574     0.060        24
    77.296    15.446     0.060        24
    78.074    15.260     0.060        24
    78.375    15.167     0.060        24
    78.848    15.008     0.060        24
    79.771    14.752     0.060        24
    80.233    14.611     0.060        24
    80.854    14.405     0.060        24
    81.790    14.170     0.060        24
    82.102    14.048     0.060        24
    82.411    13.951     0.060        24
    83.046    13.775     0.060        24
    83.670    13.563     0.060        24
    84.450    13.377     0.060        24
    85.238    13.169     0.060        24
    86.027    12.957     0.060        24
    86.492    12.816     0.060        24
    87.445    12.546     0.060        24
    88.233    12.327     0.060        24
    88.852    12.164     0.060        24
    14.143    32.251     0.060        28
    14.620    32.135     0.060        28
    14.784    32.106     0.060        28
    15.110    32.040     0.060        28
    15.923    31.850     0.060        28
    16.739    31.660     0.060        28
    17.398    31.510     0.060        28
    18.341    31.284     0.060        28
    18.979    31.147     0.060        28
    19.603    31.010     0.060        28
    20.217    30.882     0.060        28
    20.844    30.740     0.060        28
    21.159    30.674     0.060        28
    21.635    30.564     0.060        28
    22.402    30.386     0.060        28
    23.506    30.143     0.060        28
    24.291    29.966     0.060        28
    25.232    29.739     0.060        28
    25.544    29.668     0.060        28
    26.017    29.548     0.060        28
    26.641    29.392     0.060        28
    27.594    29.199     0.060        28
    28.544    28.977     0.060        28
    29.185    28.836     0.060        28
    29.973    28.659     0.060        28
    30.611    28.513     0.060        28
    31.388    28.350     0.060        28
    32.196    28.165     0.060        28
    32.845    28.033     0.060        28
    33.482    27.901     0.060        28
    34.131    27.766     0.060        28
    34.782    27.634     0.060        28
    35.605    27.454     0.060        28
    36.746    27.180     0.060        28
    37.383    27.053     0.060        28
    38.032    26.903     0.060        28
    38.680    26.762     0.060        28
    39.331    26.612     0.060        28
    39.818    26.521     0.060        28
    40.470    26.385     0.060        28
    40.967    26.285     0.060        28
    41.922    26.078     0.060        28
    42.570    25.955     0.060        28
   114.812     1.000     0.000         0
   115.048     1.730     0.060         1
   115.169     1.741     0.060         1
   115.313     1.767     0.060         1
   115.465     1.790     0.060         1
   115.621     1.821     0.060         1
   115.778     1.855     0.060         1
   115.937     1.902     0.060         1
   116.096     1.953     0.060         1
   116.252     2.006     0.060         1
   116.402     2.059     0.060         1
   116.562     2.121     0.060         1
   116.719     2.185     0.060         1
   116.880     2.251     0.060         1
   117.030     2.315     0.060         1
   117.191     2.387     0.060         1
   117.349     2.462     0.060         1
   117.499     2.538     0.060         1
   117.660     2.617     0.060         1
   117.811     2.702     0.060         1
   117.972     2.780     0.060         1
   118.133     2.857     0.060         1
   118.294     2.939     0.060         1
   118.444     3.021     0.060         1
   118.606     3.099     0.060         1
   122.798     4.566     0.060         5
   122.959     4.608     0.060         5
   123.110     4.646     0.060         5
   123.271     4.688     0.060         5
   123.422     4.726     0.060         5
   123.583     4.766     0.060         5
   123.734     4.809     0.060         5
   123.895     4.843     0.060         5
   124.046     4.880     0.060         5
   124.207     4.918     0.060         5
   124.368     4.951     0.060         5
   124.522     4.985     0.060         5
   124.686     5.014     0.060         5
   124.837     5.056     0.060         5
   124.998     5.094     0.060         5
   125.162     5.099     0.060         5
   125.313     5.117     0.060         5
   125.474     5.155     0.060         5
   125.635     5.179     0.060         5
   125.786     5.203     0.060         5
   125.947     5.235     0.060         5
   126.098     5.268     0.060         5
   126.249     5.309     0.060         5
   126.410     5.326     0.060         5
   126.560     5.375     0.060         5
   126.722     5.388     0.060         5
   126.872     5.422     0.060         5
   127.031     5.423     0.060         5
   127.181     5.484     0.060         5
   127.342     5.469     0.060         5
   127.493     5.478     0.060         5
   127.654     5.531     0.060         5
   127.805     5.513     0.060         5
   127.969     5.570     0.060         5
   128.120     5.624     0.060         5
   128.281     5.625     0.060         5
   128.445     5.671     0.060         5
   128.607     5.691     0.060         5
   128.771     5.731     0.060         5
   128.922     5.747     0.060         5
   129.086     5.787     0.060         5
   129.250     5.803     0.060         5
   129.412     5.831     0.060         5
   129.576     5.861     0.060         5
   129.737     5.886     0.060         5
   129.888     5.912     0.060         5
   130.052     5.918     0.060         5
   130.213     5.955     0.060         5
   130.378     5.945     0.060         5
   130.528     6.003     0.060         5
   130.693     6.006     0.060         5
   130.854     6.057     0.060         5
   131.018     6.095     0.060         5
   131.169     6.100     0.060         5
   131.330     6.147     0.060         5
   131.491     6.159     0.060         5
   131.656     6.187     0.060         5
   131.806     6.204     0.060         5
   131.970     6.219     0.060         5
   132.132     6.245     0.060         5
   132.296     6.283     0.060         5
   132.457     6.305     0.060         5
   132.622     6.359     0.060         5
   132.783     6.337     0.060         5
   132.947     6.380     0.060         5
   133.101     6.398     0.060         5
   133.262     6.479     0.060         5
   133.426     6.499     0.060         5
   133.588     6.581     0.060         5
   133.752     6.563     0.060         5
   133.913     6.639     0.060         5
   134.078     6.627     0.060         5
   134.239     6.652     0.060         5
   134.400     6.734     0.060         5
   134.564     6.765     0.060         5
   134.726     6.697     0.060         5
   134.890     6.776     0.060         5
   135.044     6.761     0.060         5
   135.205     6.845     0.060         5
   135.366     6.850     0.060         5
   135.531     6.883     0.060         5
   135.681     6.923     0.060         5
   135.842     6.964     0.060         5
   135.996     6.973     0.060         5
   136.157     7.025     0.060         5
   136.308     7.033     0.060         5
   136.472     7.064     0.060         5
   136.633     7.101     0.060         5
   136.787     7.183     0.060         5
   136.948     7.170     0.060         5
   137.099     7.170     0.060         5
   137.263     7.234     0.060         5
   137.425     7.279     0.060         5
   137.575     7.312     0.060         5
   137.740     7.321     0.060         5
   137.901     7.377     0.060         5
   138.051     7.354     0.060         5
   138.216     7.423     0.060         5
   138.366     7.462     0.060         5
   138.528     7.477     0.060         5
   138.689     7.520     0.060         5
   138.853     7.547     0.060         5
   139.004     7.566     0.060         5
   139.168     7.591     0.060         5
   139.329     7.628     0.060         5
   139.491     7.647     0.060         5
   139.655     7.678     0.060         5
   139.805     7.712     0.060         5
   139.967     7.713     0.060         5
   140.128     7.751     0.060         5
   140.292     7.760     0.060         5
   140.454     7.794     0.060         5
   140.615     7.823     0.060         5
   140.776     7.845     0.060         5
   140.930     7.875     0.060         5
   141.091     7.889     0.060         5
   141.252     7.919     0.060         5
   141.417     7.943     0.060         5
   141.578     7.969     0.060         5
   141.739     7.999     0.060         5
   141.900     8.019     0.060         5
   142.065     8.051     0.060         5
   142.226     8.083     0.060         5
   142.380     8.084     0.060         5
   142.541     8.128     0.060         5
   142.702     8.145     0.060         5
   142.866     8.161     0.060         5
   143.017     8.190     0.060         5
   143.178     8.193     0.060         5
   143.339     8.224     0.060         5
   143.504     8.255     0.060         5
   143.665     8.286     0.060         5
   143.826     8.301     0.060         5
   143.988     8.323     0.060         5
   144.149     8.306     0.060         5
   144.310     8.344     0.060         5
   144.474     8.382     0.060         5
   144.625     8.396     0.060         5
   144.786     8.416     0.060         5
   144.947     8.444     0.060         5
   145.112     8.496     0.060         5
   145.273     8.512     0.060         5
   145.434     8.536     0.060         5
   145.596     8.552     0.060         5
   145.757     8.596     0.060         5
   145.918     8.608     0.060         5
   146.082     8.648     0.060         5
   146.244     8.686     0.060         5
   146.405     8.716     0.060         5
   146.566     8.704     0.060         5
   146.717     8.756     0.060         5
   146.881     8.790     0.060         5
   147.042     8.796     0.060         5
   147.204     8.808     0.060         5
   147.354     8.832     0.060         5
   147.515     8.852     0.060         5
   147.680     8.879     0.060         5
   147.841     8.891     0.060         5
   148.002     8.931     0.060         5
   148.153     8.953     0.060         5
   148.317     8.990     0.060         5
   148.478     9.024     0.060         5
   148.643     8.997     0.060         5
   148.793     9.051     0.060         5
   148.955     9.058     0.060         5
   149.116     9.086     0.060         5
   149.266     9.086     0.060         5
   149.431     9.118     0.060         5
   149.581     9.135     0.060         5
   149.746     9.149     0.060         5
   149.907     9.181     0.060         5
   150.061     9.209     0.060         5
   150.225     9.217     0.060         5
   150.375     9.237     0.060         5
   150.537     9.244     0.060         5
   150.690     9.272     0.060         5
   150.852     9.304     0.060         5
   151.005     9.333     0.060         5
   151.156     9.350     0.060         5
   151.309     9.376     0.060         5
   151.624     9.420     0.060         5
   151.778     9.435     0.060         5
   151.932     9.443     0.060         5
   225.529    21.177     0.060         5
   226.274    21.338     0.060         5
   226.565    21.386     0.060         5
   227.436    21.572     0.060         5
   227.737    21.582     0.060         5
   228.318    21.716     0.060         5
   229.179    21.878     0.060         5
   230.716    22.153     0.060         5
   231.560    22.297     0.060         5
   232.268    22.413     0.060         5
   233.125    22.520     0.060         5
   234.112    22.662     0.060         5
   234.529    22.730     0.060         5
   235.530    22.862     0.060         5
   236.383    22.994     0.060         5
   236.964    23.107     0.060         5
   237.832    23.227     0.060         5
   238.273    23.287     0.060         5
   239.190    23.412     0.060         5
   240.134    23.548     0.060         5
   240.744    23.657     0.060         5
   241.206    23.713     0.060         5
   242.120    23.837     0.060         5
   242.995    23.937     0.060         5
   243.857    24.045     0.060         5
   244.931    24.177     0.060         5
   245.976    24.309     0.060         5
   246.734    24.405     0.060         5
   247.671    24.521     0.060         5
   248.921    24.644     0.060         5
   249.859    24.727     0.060         5
   250.317    24.771     0.060         5
   251.410    24.898     0.060         5
   273.777    27.292     0.060         5
   274.748    27.395     0.060         5
   275.737    27.511     0.060         5
   276.227    27.571     0.060         5
   277.048    27.658     0.060         5
   277.840    27.725     0.060         5
   278.975    27.816     0.060         5
   280.098    27.898     0.060         5
   281.382    28.000     0.060         5
   282.333    28.071     0.060         5
   283.452    28.161     0.060         5
   284.404    28.248     0.060         5
   285.205    28.307     0.060         5
   285.848    28.354     0.060         5
   286.488    28.409     0.060         5
   287.464    28.480     0.060         5
   288.102    28.543     0.060         5
   289.388    28.703     0.060         5
   290.527    28.847     0.060         5
   291.669    28.991     0.060         5
   292.145    29.051     0.060         5
   292.470    29.100     0.060         5
   293.568    29.244     0.060         5
   294.347    29.356     0.060         5
   295.428    29.517     0.060         5
   296.195    29.646     0.060         5
   297.736    29.879     0.060         5
   298.808    30.040     0.060         5
   299.729    30.197     0.060         5
   300.483    30.281     0.060         5
   135.366     7.696     0.060        14
   135.842     7.790     0.060        14
   136.308     7.885     0.060        14
   136.948     7.996     0.060        14
   137.099     8.039     0.060        14
   137.425     8.076     0.060        14
   137.740     8.137     0.060        14
   138.528     8.277     0.060        14
   139.004     8.340     0.060        14
   139.491     8.395     0.060        14
   139.805     8.489     0.060        14
   140.615     8.627     0.060        14
   141.252     8.717     0.060        14
   141.739     8.774     0.060        14
   142.226     8.868     0.060        14
   142.702     8.932     0.060        14
   143.178     8.947     0.060        14
   143.504     9.042     0.060        14
   143.988     9.128     0.060        14
   144.310     9.159     0.060        14
   144.625     9.209     0.060        14
   145.112     9.265     0.060        14
   145.596     9.342     0.060        14
   146.082     9.403     0.060        14
   146.717     9.501     0.060        14
   147.204     9.552     0.060        14
   147.680     9.649     0.060        14
   148.317     9.714     0.060        14
   148.793     9.800     0.060        14
   149.266     9.874     0.060        14
   149.581     9.915     0.060        14
   150.061     9.983     0.060        14
   150.537    10.034     0.060        14
   151.005    10.139     0.060        14
   151.471    10.173     0.060        14
   130.213     9.449     0.060        24
   131.018     9.737     0.060        24
   131.330     9.875     0.060        24
   131.491     9.996     0.060        24
   132.296    10.244     0.060        24
   132.947    10.486     0.060        24
   133.262    10.616     0.060        24
   133.752    10.775     0.060        24
   135.044    11.215     0.060        24
   136.308    11.628     0.060        24
   137.099    11.872     0.060        24
   137.901    12.138     0.060        24
   139.491    12.581     0.060        24
   140.128    12.845     0.060        24
   140.930    13.112     0.060        24
   141.578    13.286     0.060        24
   142.065    13.393     0.060        24
   142.702    13.564     0.060        24
   143.178    13.734     0.060        24
   143.988    13.959     0.060        24
   144.786    14.181     0.060        24
   145.596    14.428     0.060        24
   146.082    14.576     0.060        24
   146.881    14.819     0.060        24
   147.042    14.922     0.060        24
   147.354    15.034     0.060        24
   148.478    15.333     0.060        24
   149.581    15.696     0.060        24
     0.000     0.000     0.000        -1
