   384.545    -1.000     0.000         0
   382.173     1.764     0.060         1
   382.333     1.651     0.060         1
   382.485     1.573     0.060         1
   382.646     1.494     0.060         1
   382.797     1.406     0.060         1
   382.957     1.331     0.060         1
   383.108     1.269     0.060         1
   383.267     1.187     0.060         1
   383.415     1.132     0.060         1
   383.563     1.077     0.060         1
   383.720     1.037     0.060         1
   383.864     0.987     0.060         1
   384.014     0.963     0.060         1
   384.141     0.943     0.060         1
   384.250     0.938     0.060         1
   384.301     0.930     0.060         1
   338.880    10.667     0.060         5
   339.041    10.638     0.060         5
   339.202    10.612     0.060         5
   339.353    10.595     0.060         5
   339.514    10.558     0.060         5
   339.675    10.533     0.060         5
   339.833    10.509     0.060         5
   339.984    10.489     0.060         5
   340.145    10.461     0.060         5
   340.306    10.401     0.060         5
   340.454    10.386     0.060         5
   340.615    10.345     0.060         5
   340.773    10.311     0.060         5
   340.934    10.290     0.060         5
   341.092    10.247     0.060         5
   341.254    10.231     0.060         5
   341.404    10.203     0.060         5
   341.568    10.163     0.060         5
   341.719    10.143     0.060         5
   341.883    10.120     0.060         5
   342.047    10.102     0.060         5
   342.197    10.067     0.060         5
   342.362    10.043     0.060         5
   342.523    10.026     0.060         5
   342.687     9.998     0.060         5
   342.840     9.990     0.060         5
   343.001     9.965     0.060         5
   343.166     9.949     0.060         5
   343.330     9.913     0.060         5
   343.491     9.897     0.060         5
   343.655     9.869     0.060         5
   343.819     9.841     0.060         5
   343.980     9.841     0.060         5
   344.134     9.809     0.060         5
   344.295     9.789     0.060         5
   344.459     9.763     0.060         5
   344.612     9.732     0.060         5
   344.773     9.705     0.060         5
   344.927     9.691     0.060         5
   345.091     9.668     0.060         5
   345.252     9.640     0.060         5
   345.403     9.631     0.060         5
   345.564     9.610     0.060         5
   345.728     9.590     0.060         5
   345.878     9.578     0.060         5
   346.040     9.546     0.060         5
   346.204     9.546     0.060         5
   346.354     9.529     0.060         5
   346.515     9.509     0.060         5
   346.679     9.481     0.060         5
   346.841     9.464     0.060         5
   346.991     9.436     0.060         5
   347.155     9.414     0.060         5
   347.309     9.380     0.060         5
   347.470     9.356     0.060         5
   347.623     9.328     0.060         5
   347.787     9.310     0.060         5
   347.938     9.276     0.060         5
   348.091     9.240     0.060         5
   348.255     9.216     0.060         5
   348.409     9.200     0.060         5
   348.573     9.170     0.060         5
   348.726     9.152     0.060         5
   348.890     9.118     0.060         5
   349.044     9.100     0.060         5
   349.208     9.087     0.060         5
   349.358     9.077     0.060         5
   349.519     9.051     0.060         5
   349.681     9.027     0.060         5
   349.842     9.006     0.060         5
   350.003     8.976     0.060         5
   350.164     8.966     0.060         5
   350.322     8.921     0.060         5
   350.483     8.900     0.060         5
   350.645     8.876     0.060         5
   350.792     8.844     0.060         5
   350.953     8.824     0.060         5
   351.115     8.798     0.060         5
   351.273     8.756     0.060         5
   351.434     8.716     0.060         5
   351.584     8.696     0.060         5
   351.746     8.672     0.060         5
   351.907     8.639     0.060         5
   352.068     8.611     0.060         5
   352.229     8.580     0.060         5
   352.393     8.539     0.060         5
   352.554     8.516     0.060         5
   352.705     8.474     0.060         5
   352.866     8.449     0.060         5
   353.016     8.432     0.060         5
   353.178     8.405     0.060         5
   353.331     8.373     0.060         5
   353.492     8.337     0.060         5
   353.643     8.308     0.060         5
   353.807     8.286     0.060         5
   353.957     8.257     0.060         5
   354.111     8.224     0.060         5
   354.586     8.122     0.060         5
   355.054     8.048     0.060         5
   355.530     7.975     0.060         5
   355.998     7.910     0.060         5
   356.463     7.847     0.060         5
   356.788     7.820     0.060         5
   357.417     7.748     0.060         5
   357.896     7.691     0.060         5
   358.211     7.661     0.060         5
   358.536     7.633     0.060         5
   358.861     7.608     0.060         5
   359.340     7.564     0.060         5
   359.665     7.530     0.060         5
   359.818     7.536     0.060         5
   360.294     7.503     0.060         5
   360.444     7.490     0.060         5
   360.609     7.492     0.060         5
   361.095     7.463     0.060         5
   361.581     7.436     0.060         5
   362.043     7.404     0.060         5
   362.358     7.393     0.060         5
   362.680     7.382     0.060         5
   363.167     7.349     0.060         5
   363.339     7.330     0.060         5
   363.500     7.314     0.060         5
   363.664     7.291     0.060         5
   363.825     7.280     0.060         5
   363.986     7.257     0.060         5
   364.147     7.239     0.060         5
   364.308     7.218     0.060         5
   364.470     7.196     0.060         5
   364.631     7.186     0.060         5
   364.945     7.113     0.060         5
   365.271     7.070     0.060         5
   365.749     6.989     0.060         5
   366.064     6.939     0.060         5
   366.386     6.858     0.060         5
   366.864     6.770     0.060         5
   367.015     6.724     0.060         5
   367.491     6.621     0.060         5
   367.655     6.549     0.060         5
   367.966     6.461     0.060         5
   368.130     6.399     0.060         5
   368.445     6.307     0.060         5
   368.606     6.230     0.060         5
   368.920     6.153     0.060         5
   369.071     6.096     0.060         5
   369.385     5.999     0.060         5
   369.549     5.935     0.060         5
   369.861     5.838     0.060         5
   370.022     5.766     0.060         5
   370.337     5.673     0.060         5
   370.498     5.590     0.060         5
   370.810     5.509     0.060         5
   371.121     5.395     0.060         5
   371.444     5.319     0.060         5
   371.755     5.242     0.060         5
   372.217     5.104     0.060         5
   372.378     5.039     0.060         5
   372.851     4.952     0.060         5
   373.012     4.883     0.060         5
   373.338     4.830     0.060         5
   373.488     4.778     0.060         5
   373.652     4.717     0.060         5
   373.977     4.627     0.060         5
   374.289     4.544     0.060         5
   374.453     4.481     0.060         5
   374.614     4.422     0.060         5
   374.942     4.322     0.060         5
   375.267     4.227     0.060         5
   375.418     4.168     0.060         5
   375.582     4.106     0.060         5
   375.907     4.016     0.060         5
   376.068     3.946     0.060         5
   376.218     3.900     0.060         5
   376.382     3.839     0.060         5
   376.544     3.791     0.060         5
   376.705     3.733     0.060         5
   376.869     3.685     0.060         5
   377.030     3.608     0.060         5
   377.355     3.531     0.060         5
   377.516     3.470     0.060         5
   377.677     3.409     0.060         5
   377.841     3.336     0.060         5
   378.002     3.282     0.060         5
   378.327     3.187     0.060         5
   378.499     3.110     0.060         5
   378.663     3.029     0.060         5
   378.986     2.936     0.060         5
   379.139     2.857     0.060         5
   379.464     2.767     0.060         5
   379.789     2.674     0.060         5
   379.950     2.607     0.060         5
   380.103     2.531     0.060         5
   380.267     2.457     0.060         5
   380.428     2.403     0.060         5
   368.130     6.505     0.060         7
   368.291     6.471     0.060         7
   368.445     6.431     0.060         7
   368.759     6.355     0.060         7
   368.920     6.309     0.060         7
   369.071     6.280     0.060         7
   369.235     6.246     0.060         7
   369.385     6.204     0.060         7
   369.549     6.172     0.060         7
   369.711     6.145     0.060         7
   369.861     6.099     0.060         7
   370.022     6.064     0.060         7
   370.186     6.029     0.060         7
   370.337     5.990     0.060         7
   370.498     5.977     0.060         7
   370.659     5.938     0.060         7
   370.810     5.910     0.060         7
   370.971     5.879     0.060         7
   371.121     5.851     0.060         7
   371.282     5.813     0.060         7
   371.444     5.763     0.060         7
   371.594     5.758     0.060         7
   371.755     5.733     0.060         7
   239.039    26.275     0.060         8
   240.744    26.041     0.060         8
   242.120    25.809     0.060         8
   243.717    25.528     0.060         8
   245.387    25.232     0.060         8
   246.129    25.075     0.060         8
   247.671    24.769     0.060         8
   248.771    24.552     0.060         8
   250.317    24.263     0.060         8
   251.574    24.002     0.060         8
   253.173    23.688     0.060         8
   254.416    23.447     0.060         8
   255.810    23.161     0.060         8
   256.896    22.937     0.060         8
   257.681    22.771     0.060         8
   258.966    22.539     0.060         8
   259.439    22.430     0.060         8
   260.229    22.246     0.060         8
   261.014    22.067     0.060         8
   261.812    21.925     0.060         8
   262.786    21.771     0.060         8
   263.745    21.652     0.060         8
   264.892    21.506     0.060         8
   266.699    21.235     0.060         8
   268.955    20.892     0.060         8
   275.573    19.555     0.060         8
   277.679    19.216     0.060         8
   279.448    18.899     0.060         8
   280.892    18.601     0.060         8
   282.172    18.375     0.060         8
   284.089    18.029     0.060         8
   285.370    17.763     0.060         8
   286.327    17.604     0.060         8
   287.790    17.397     0.060         8
   289.227    17.191     0.060         8
   289.718    17.055     0.060         8
   290.688    16.942     0.060         8
   292.309    16.719     0.060         8
   293.568    16.511     0.060         8
   294.649    16.410     0.060         8
   295.429    16.331     0.060         8
   296.499    16.221     0.060         8
   297.432    16.148     0.060         8
   298.654    16.042     0.060         8
   300.025    15.946     0.060         8
   301.544    15.806     0.060         8
   302.172    15.801     0.060         8
   303.437    15.671     0.060         8
   304.372    15.602     0.060         8
   305.632    15.456     0.060         8
   306.420    15.406     0.060         8
   307.815    15.273     0.060         8
   308.759    15.183     0.060         8
   310.009    15.041     0.060         8
   311.105    14.956     0.060         8
   312.205    14.822     0.060         8
   382.646     3.191     0.060        11
   382.797     3.141     0.060        11
   382.957     3.093     0.060        11
   383.108     3.033     0.060        11
   383.267     2.975     0.060        11
   383.415     2.927     0.060        11
   383.563     2.876     0.060        11
   383.720     2.826     0.060        11
   383.864     2.793     0.060        11
   384.014     2.758     0.060        11
   384.141     2.725     0.060        11
   384.250     2.706     0.060        11
   384.301     2.697     0.060        11
   374.453     4.785     0.060        14
   375.103     4.611     0.060        14
   375.743     4.400     0.060        14
   376.068     4.269     0.060        14
   376.869     4.030     0.060        14
   377.355     3.843     0.060        14
   377.841     3.652     0.060        14
   378.327     3.473     0.060        14
   378.986     3.233     0.060        14
   379.464     3.037     0.060        14
   384.545     1.000     0.000         0
   384.825     0.946     0.060         1
   384.937     1.001     0.060         1
   385.069     1.025     0.060         1
   385.212     1.064     0.060         1
   385.359     1.111     0.060         1
   385.503     1.173     0.060         1
   385.658     1.239     0.060         1
   385.809     1.298     0.060         1
   385.966     1.345     0.060         1
   386.119     1.415     0.060         1
   386.267     1.486     0.060         1
   387.490     1.920     0.060         5
   387.793     2.005     0.060         5
   388.107     2.099     0.060         5
   388.407     2.188     0.060         5
   388.881     2.294     0.060         5
   389.353     2.412     0.060         5
   389.667     2.513     0.060         5
   389.988     2.615     0.060         5
   390.453     2.721     0.060         5
   390.928     2.855     0.060         5
   391.078     2.937     0.060         5
   391.239     3.019     0.060         5
   391.704     3.145     0.060         5
   391.865     3.214     0.060         5
   392.015     3.284     0.060         5
   392.501     3.426     0.060         5
   392.812     3.520     0.060         5
   393.134     3.630     0.060         5
   393.459     3.707     0.060         5
   393.781     3.809     0.060         5
   394.264     3.956     0.060         5
   394.589     4.033     0.060         5
   394.911     4.131     0.060         5
   395.394     4.273     0.060         5
   396.041     4.419     0.060         5
   396.688     4.577     0.060         5
   397.010     4.658     0.060         5
   397.647     4.821     0.060         5
   397.811     4.886     0.060         5
   398.287     5.028     0.060         5
   398.766     5.167     0.060         5
   399.255     5.281     0.060         5
   399.737     5.411     0.060         5
   400.229     5.533     0.060         5
   400.393     5.594     0.060         5
   400.711     5.712     0.060         5
   401.036     5.790     0.060         5
   401.515     5.911     0.060         5
   401.840     6.009     0.060         5
   402.158     6.069     0.060         5
   402.319     6.127     0.060         5
   402.647     6.208     0.060         5
   402.962     6.273     0.060         5
   403.276     6.354     0.060         5
   394.750     4.746     0.060         7
   394.911     4.786     0.060         7
   395.072     4.772     0.060         7
   395.233     4.785     0.060         7
   395.394     4.823     0.060         7
   395.558     4.851     0.060         7
   395.719     4.864     0.060         7
   395.880     4.874     0.060         7
   396.041     4.884     0.060         7
   396.202     4.901     0.060         7
   396.366     4.908     0.060         7
   396.527     4.925     0.060         7
   396.688     4.938     0.060         7
   396.849     4.952     0.060         7
   397.010     4.962     0.060         7
   397.175     4.987     0.060         7
   397.336     5.004     0.060         7
   397.486     5.025     0.060         7
   397.647     5.058     0.060         7
   397.811     5.062     0.060         7
   397.962     5.065     0.060         7
   398.123     5.086     0.060         7
   398.287     5.124     0.060         7
   398.448     5.154     0.060         7
   398.601     5.170     0.060         7
   398.766     5.196     0.060         7
   398.930     5.203     0.060         7
   399.091     5.231     0.060         7
   384.825     2.667     0.060        11
   384.937     2.663     0.060        11
   385.069     2.679     0.060        11
   385.212     2.694     0.060        11
   385.359     2.707     0.060        11
   385.503     2.721     0.060        11
   385.658     2.740     0.060        11
   385.809     2.749     0.060        11
   385.966     2.788     0.060        11
   386.119     2.816     0.060        11
   386.267     2.853     0.060        11
   386.416     2.883     0.060        11
   386.575     2.937     0.060        11
   386.728     2.978     0.060        11
   386.877     3.020     0.060        11
   387.027     3.082     0.060        11
   387.176     3.147     0.060        11
   387.340     3.210     0.060        11
   387.490     3.275     0.060        11
   387.953     2.295     0.060        14
   388.407     2.412     0.060        14
   389.192     2.610     0.060        14
   389.667     2.736     0.060        14
   390.142     2.882     0.060        14
   390.453     3.008     0.060        14
   390.928     3.154     0.060        14
   391.239     3.297     0.060        14
   391.865     3.525     0.060        14
   392.337     3.671     0.060        14
   392.812     3.796     0.060        14
   399.091     5.604     0.060        17
   399.255     5.632     0.060        17
   399.408     5.678     0.060        17
   399.573     5.712     0.060        17
   399.737     5.740     0.060        17
   399.901     5.753     0.060        17
   400.065     5.767     0.060        17
   400.229     5.784     0.060        17
   400.393     5.793     0.060        17
   400.547     5.818     0.060        17
   400.711     5.826     0.060        17
   400.872     5.863     0.060        17
   401.036     5.885     0.060        17
   401.200     5.904     0.060        17
   401.361     5.926     0.060        17
   401.515     5.956     0.060        17
   401.679     5.989     0.060        17
   401.840     6.026     0.060        17
   401.994     6.056     0.060        17
   402.158     6.082     0.060        17
   402.319     6.107     0.060        17
   402.483     6.167     0.060        17
   402.647     6.194     0.060        17
   402.797     6.265     0.060        17
   402.962     6.268     0.060        17
   403.123     6.301     0.060        17
   403.276     6.338     0.060        17
   403.437     6.377     0.060        17
   403.601     6.460     0.060        17
   403.752     6.466     0.060        17
   403.913     6.552     0.060        17
   404.074     6.547     0.060        17
   404.238     6.613     0.060        17
   404.388     6.653     0.060        17
   404.549     6.711     0.060        17
   404.713     6.768     0.060        17
   404.875     6.779     0.060        17
   405.036     6.839     0.060        17
   405.197     6.905     0.060        17
     0.000     0.000     0.000        -1
