   366.483    -1.000     0.000         0
   362.520     3.316     0.060         1
   362.682     3.197     0.060         1
   362.843     3.107     0.060         1
   363.007     3.017     0.060         1
   363.168     2.952     0.060         1
   363.340     2.887     0.060         1
   363.501     2.805     0.060         1
   363.665     2.724     0.060         1
   363.826     2.654     0.060         1
   363.987     2.598     0.060         1
   364.148     2.549     0.060         1
   364.309     2.488     0.060         1
   364.470     2.423     0.060         1
   364.631     2.374     0.060         1
   364.795     2.334     0.060         1
   364.946     2.286     0.060         1
   365.110     2.240     0.060         1
   365.271     2.206     0.060         1
   365.424     2.176     0.060         1
   365.585     2.142     0.060         1
   365.749     2.116     0.060         1
   365.910     2.105     0.060         1
   366.063     2.101     0.060         1
   366.223     2.101     0.060         1
   366.377     2.105     0.060         1
   366.415     2.111     0.060         1
   363.665     3.372     0.060         2
   363.987     3.320     0.060         2
   364.148     3.295     0.060         2
   364.309     3.277     0.060         2
   364.631     3.231     0.060         2
   364.795     3.205     0.060         2
   364.946     3.185     0.060         2
   365.110     3.172     0.060         2
   365.271     3.156     0.060         2
   365.424     3.149     0.060         2
   365.585     3.132     0.060         2
   365.749     3.126     0.060         2
   365.910     3.124     0.060         2
   366.063     3.125     0.060         2
   366.223     3.118     0.060         2
   366.377     3.123     0.060         2
   366.415     3.125     0.060         2
   279.774    15.850     0.060         5
   280.739    15.665     0.060         5
   281.382    15.527     0.060         5
   282.022    15.416     0.060         5
   282.974    15.223     0.060         5
   283.603    15.106     0.060         5
   284.240    14.998     0.060         5
   284.730    14.918     0.060         5
   285.370    14.797     0.060         5
   286.013    14.673     0.060         5
   286.489    14.589     0.060         5
   287.140    14.460     0.060         5
   287.790    14.352     0.060         5
   288.421    14.252     0.060         5
   288.744    14.192     0.060         5
   289.389    14.096     0.060         5
   290.366    13.969     0.060         5
   291.022    13.890     0.060         5
   291.669    13.815     0.060         5
   292.309    13.744     0.060         5
   292.949    13.665     0.060         5
   293.568    13.586     0.060         5
   294.184    13.515     0.060         5
   294.813    13.436     0.060         5
   295.429    13.373     0.060         5
   296.045    13.298     0.060         5
   296.499    13.259     0.060         5
   297.279    13.168     0.060         5
   297.737    13.117     0.060         5
   298.358    13.033     0.060         5
   298.962    12.962     0.060         5
   299.422    12.907     0.060         5
   300.332    12.780     0.060         5
   300.935    12.680     0.060         5
   301.233    12.661     0.060         5
   302.022    12.546     0.060         5
   302.495    12.474     0.060         5
   303.129    12.419     0.060         5
   303.910    12.329     0.060         5
   304.684    12.225     0.060         5
   305.321    12.150     0.060         5
   306.571    11.951     0.060         5
   307.351    11.839     0.060         5
   307.977    11.735     0.060         5
   309.075    11.593     0.060         5
   309.849    11.493     0.060         5
   310.633    11.381     0.060         5
   310.945    11.344     0.060         5
   311.732    11.227     0.060         5
   312.205    11.156     0.060         5
   312.979    11.049     0.060         5
   313.294    11.007     0.060         5
   313.756    10.946     0.060         5
   314.533    10.848     0.060         5
   314.694    10.830     0.060         5
   315.005    10.783     0.060         5
   315.468    10.722     0.060         5
   315.779    10.685     0.060         5
   316.091    10.648     0.060         5
   316.556    10.588     0.060         5
   317.040    10.518     0.060         5
   317.201    10.500     0.060         5
   317.512    10.458     0.060         5
   317.835    10.421     0.060         5
   318.160    10.385     0.060         5
   318.321    10.366     0.060         5
   318.794    10.301     0.060         5
   319.428    10.227     0.060         5
   320.220    10.135     0.060         5
   320.836    10.076     0.060         5
   321.140    10.029     0.060         5
   321.451     9.997     0.060         5
   321.906     9.936     0.060         5
   322.207     9.923     0.060         5
   322.522     9.871     0.060         5
   322.836     9.844     0.060         5
   322.987     9.836     0.060         5
   323.151     9.813     0.060         5
   323.452     9.800     0.060         5
   323.906     9.749     0.060         5
   324.057     9.735     0.060         5
   324.361     9.703     0.060         5
   324.672     9.651     0.060         5
   324.826     9.642     0.060         5
   325.127     9.600     0.060         5
   325.288     9.582     0.060         5
   325.600     9.540     0.060         5
   325.761     9.516     0.060         5
   326.234     9.451     0.060         5
   326.545     9.414     0.060         5
   326.693     9.385     0.060         5
   327.166     9.315     0.060         5
   327.477     9.263     0.060         5
   327.800     9.236     0.060         5
   328.266     9.181     0.060         5
   328.585     9.144     0.060         5
   328.891     9.112     0.060         5
   329.196     9.069     0.060         5
   329.669     8.999     0.060         5
   329.970     8.947     0.060         5
   330.435     8.896     0.060         5
   330.750     8.849     0.060         5
   331.054     8.837     0.060         5
   331.525     8.766     0.060         5
   331.829     8.744     0.060         5
   332.297     8.684     0.060         5
   332.605     8.641     0.060         5
   332.922     8.615     0.060         5
   333.226     8.592     0.060         5
   333.676     8.536     0.060         5
   333.980     8.509     0.060         5
   334.134     8.490     0.060         5
   334.438     8.458     0.060         5
   334.742     8.400     0.060         5
   335.059     8.364     0.060         5
   335.223     8.359     0.060         5
   335.374     8.331     0.060         5
   335.535     8.303     0.060         5
   335.689     8.280     0.060         5
   335.853     8.262     0.060         5
   336.003     8.243     0.060         5
   336.167     8.214     0.060         5
   336.329     8.189     0.060         5
   336.493     8.161     0.060         5
   336.646     8.132     0.060         5
   336.807     8.103     0.060         5
   336.971     8.082     0.060         5
   337.136     8.053     0.060         5
   337.289     8.020     0.060         5
   337.453     7.995     0.060         5
   337.607     7.981     0.060         5
   337.771     7.947     0.060         5
   337.932     7.914     0.060         5
   338.096     7.884     0.060         5
   338.247     7.851     0.060         5
   338.408     7.816     0.060         5
   338.558     7.786     0.060         5
   338.719     7.744     0.060         5
   338.881     7.718     0.060         5
   339.042     7.680     0.060         5
   339.203     7.657     0.060         5
   339.353     7.629     0.060         5
   339.514     7.589     0.060         5
   339.676     7.553     0.060         5
   339.834     7.515     0.060         5
   339.984     7.486     0.060         5
   340.145     7.465     0.060         5
   340.307     7.440     0.060         5
   340.454     7.414     0.060         5
   340.615     7.388     0.060         5
   340.773     7.350     0.060         5
   340.934     7.324     0.060         5
   341.092     7.291     0.060         5
   341.254     7.269     0.060         5
   341.404     7.244     0.060         5
   341.568     7.207     0.060         5
   341.719     7.174     0.060         5
   341.883     7.154     0.060         5
   342.047     7.129     0.060         5
   342.197     7.108     0.060         5
   342.362     7.074     0.060         5
   342.523     7.053     0.060         5
   342.687     7.027     0.060         5
   342.840     7.006     0.060         5
   343.002     6.984     0.060         5
   343.166     6.960     0.060         5
   343.330     6.936     0.060         5
   343.491     6.904     0.060         5
   343.655     6.876     0.060         5
   343.819     6.873     0.060         5
   343.980     6.837     0.060         5
   344.134     6.809     0.060         5
   344.295     6.790     0.060         5
   344.459     6.740     0.060         5
   344.613     6.726     0.060         5
   344.774     6.711     0.060         5
   344.927     6.685     0.060         5
   345.091     6.647     0.060         5
   345.253     6.634     0.060         5
   345.403     6.596     0.060         5
   345.564     6.583     0.060         5
   345.728     6.565     0.060         5
   345.879     6.535     0.060         5
   346.040     6.530     0.060         5
   346.204     6.507     0.060         5
   346.355     6.477     0.060         5
   346.516     6.444     0.060         5
   346.680     6.418     0.060         5
   346.841     6.385     0.060         5
   346.991     6.368     0.060         5
   347.156     6.343     0.060         5
   347.309     6.326     0.060         5
   347.470     6.307     0.060         5
   347.624     6.280     0.060         5
   347.788     6.257     0.060         5
   347.938     6.226     0.060         5
   348.092     6.199     0.060         5
   348.256     6.180     0.060         5
   348.409     6.161     0.060         5
   348.574     6.139     0.060         5
   348.727     6.111     0.060         5
   348.891     6.083     0.060         5
   349.045     6.063     0.060         5
   349.209     6.039     0.060         5
   349.359     6.007     0.060         5
   349.520     5.970     0.060         5
   349.682     5.945     0.060         5
   349.843     5.923     0.060         5
   350.004     5.862     0.060         5
   350.165     5.820     0.060         5
   350.323     5.778     0.060         5
   350.484     5.753     0.060         5
   350.645     5.718     0.060         5
   350.793     5.688     0.060         5
   350.954     5.644     0.060         5
   351.115     5.599     0.060         5
   351.273     5.564     0.060         5
   351.434     5.529     0.060         5
   351.585     5.502     0.060         5
   351.746     5.466     0.060         5
   351.907     5.434     0.060         5
   352.068     5.394     0.060         5
   352.229     5.349     0.060         5
   352.393     5.328     0.060         5
   352.554     5.258     0.060         5
   352.705     5.234     0.060         5
   352.866     5.204     0.060         5
   353.017     5.160     0.060         5
   353.178     5.123     0.060         5
   353.331     5.079     0.060         5
   353.492     5.034     0.060         5
   353.643     4.993     0.060         5
   353.807     4.946     0.060         5
   353.957     4.905     0.060         5
   354.111     4.870     0.060         5
   354.272     4.852     0.060         5
   354.426     4.806     0.060         5
   354.587     4.759     0.060         5
   354.740     4.718     0.060         5
   354.901     4.692     0.060         5
   355.055     4.663     0.060         5
   355.216     4.636     0.060         5
   355.369     4.610     0.060         5
   355.530     4.583     0.060         5
   355.684     4.557     0.060         5
   355.834     4.522     0.060         5
   355.999     4.500     0.060         5
   356.149     4.476     0.060         5
   356.313     4.454     0.060         5
   356.464     4.419     0.060         5
   356.625     4.394     0.060         5
   356.789     4.385     0.060         5
   356.939     4.363     0.060         5
   357.104     4.336     0.060         5
   357.265     4.313     0.060         5
   357.418     4.290     0.060         5
   357.579     4.271     0.060         5
   357.744     4.252     0.060         5
   357.897     4.237     0.060         5
   358.058     4.223     0.060         5
   358.212     4.205     0.060         5
   358.376     4.184     0.060         5
   358.537     4.155     0.060         5
   358.701     4.126     0.060         5
   358.862     4.105     0.060         5
   359.016     4.085     0.060         5
   359.180     4.062     0.060         5
   359.341     4.054     0.060         5
   359.505     4.036     0.060         5
   359.666     4.026     0.060         5
   359.820     4.003     0.060         5
   359.981     3.994     0.060         5
   360.131     3.980     0.060         5
   360.295     3.959     0.060         5
   360.446     3.946     0.060         5
   360.610     3.921     0.060         5
   360.771     3.901     0.060         5
   245.079    22.474     0.060         8
   245.825    22.348     0.060         8
   246.430    22.248     0.060         8
   246.735    22.196     0.060         8
   247.203    22.118     0.060         8
   247.671    22.038     0.060         8
   248.298    21.924     0.060         8
   248.609    21.865     0.060         8
   249.085    21.794     0.060         8
   249.397    21.717     0.060         8
   249.709    21.657     0.060         8
   250.013    21.597     0.060         8
   250.317    21.549     0.060         8
   250.632    21.485     0.060         8
   250.939    21.420     0.060         8
   251.257    21.359     0.060         8
   251.881    21.234     0.060         8
   252.681    21.086     0.060         8
   253.327    20.966     0.060         8
   253.946    20.851     0.060         8
   254.258    20.787     0.060         8
   254.728    20.697     0.060         8
   255.348    20.571     0.060         8
   255.660    20.508     0.060         8
   256.122    20.416     0.060         8
   256.735    20.285     0.060         8
   257.208    20.165     0.060         8
   257.681    20.070     0.060         8
   258.006    20.021     0.060         8
   258.329    19.950     0.060         8
   258.966    19.826     0.060         8
   259.439    19.734     0.060         8
   259.754    19.678     0.060         8
   260.552    19.515     0.060         8
   261.340    19.391     0.060         8
   261.813    19.315     0.060         8
   262.625    19.187     0.060         8
   263.434    19.070     0.060         8
   263.745    19.016     0.060         8
   264.243    18.936     0.060         8
   264.734    18.862     0.060         8
   265.053    18.816     0.060         8
   265.383    18.785     0.060         8
   265.713    18.733     0.060         8
   266.043    18.658     0.060         8
   266.205    18.657     0.060         8
   266.538    18.605     0.060         8
   267.025    18.525     0.060         8
   267.186    18.470     0.060         8
   268.802    18.129     0.060         8
   269.430    18.007     0.060         8
   270.559    17.801     0.060         8
   271.520    17.599     0.060         8
   272.324    17.449     0.060         8
   273.133    17.288     0.060         8
   274.100    17.093     0.060         8
   275.074    16.899     0.060         8
   276.063    16.742     0.060         8
   276.729    16.617     0.060         8
   277.368    16.496     0.060         8
   278.002    16.374     0.060         8
   278.650    16.253     0.060         8
   279.126    16.160     0.060         8
   279.774    16.047     0.060         8
   280.414    15.964     0.060         8
   280.578    15.945     0.060         8
   280.739    15.906     0.060         8
   280.893    15.875     0.060         8
   281.057    15.843     0.060         8
   281.218    15.815     0.060         8
   281.382    15.791     0.060         8
   281.543    15.767     0.060         8
   281.697    15.743     0.060         8
   281.858    15.711     0.060         8
   282.022    15.700     0.060         8
   282.173    15.655     0.060         8
   282.334    15.627     0.060         8
   282.498    15.603     0.060         8
   282.649    15.591     0.060         8
   282.813    15.559     0.060         8
   282.974    15.531     0.060         8
   283.127    15.503     0.060         8
   283.289    15.468     0.060         8
   283.453    15.458     0.060         8
   283.603    15.447     0.060         8
   283.765    15.396     0.060         8
   283.929    15.389     0.060         8
   284.090    15.347     0.060         8
   284.240    15.320     0.060         8
   284.405    15.301     0.060         8
   284.566    15.286     0.060         8
   284.730    15.248     0.060         8
   284.891    15.212     0.060         8
   285.045    15.204     0.060         8
   285.206    15.168     0.060         8
   285.370    15.128     0.060         8
   285.531    15.096     0.060         8
   285.685    15.072     0.060         8
   285.849    15.036     0.060         8
   286.013    15.008     0.060         8
   286.174    15.000     0.060         8
   286.328    14.967     0.060         8
   286.489    14.948     0.060         8
   286.653    14.912     0.060         8
   286.814    14.878     0.060         8
   286.978    14.854     0.060         8
   287.140    14.818     0.060         8
   287.304    14.795     0.060         8
   287.465    14.773     0.060         8
   287.626    14.743     0.060         8
   287.790    14.716     0.060         8
   287.941    14.690     0.060         8
   288.102    14.663     0.060         8
   288.263    14.657     0.060         8
   288.421    14.618     0.060         8
   288.583    14.592     0.060         8
   288.744    14.555     0.060         8
   288.905    14.547     0.060         8
   289.066    14.517     0.060         8
   289.227    14.484     0.060         8
   289.389    14.488     0.060         8
   289.557    14.471     0.060         8
   289.719    14.440     0.060         8
   289.880    14.424     0.060         8
   290.041    14.382     0.060         8
   290.202    14.375     0.060         8
   290.366    14.364     0.060         8
   290.527    14.371     0.060         8
   290.689    14.334     0.060         8
   290.850    14.310     0.060         8
   291.022    14.298     0.060         8
   291.183    14.280     0.060         8
   291.344    14.243     0.060         8
   291.505    14.254     0.060         8
   291.669    14.233     0.060         8
   291.830    14.218     0.060         8
   291.995    14.196     0.060         8
   292.145    14.192     0.060         8
   292.309    14.182     0.060         8
   292.471    14.162     0.060         8
   292.624    14.133     0.060         8
   292.785    14.127     0.060         8
   292.949    14.102     0.060         8
   293.100    14.091     0.060         8
   293.253    14.116     0.060         8
   293.415    14.078     0.060         8
   293.568    14.089     0.060         8
   293.719    14.046     0.060         8
   293.883    14.051     0.060         8
   294.184    14.020     0.060         8
   294.348    14.032     0.060         8
   294.499    14.005     0.060         8
   294.649    13.994     0.060         8
   294.813    13.984     0.060         8
   294.964    13.969     0.060         8
   295.114    13.975     0.060         8
   295.278    13.974     0.060         8
   295.429    13.948     0.060         8
   295.579    13.921     0.060         8
   295.733    13.942     0.060         8
   295.884    13.915     0.060         8
   296.045    13.893     0.060         8
   296.195    13.876     0.060         8
   296.349    13.857     0.060         8
   296.499    13.857     0.060         8
   296.663    13.844     0.060         8
   296.814    13.811     0.060         8
   296.964    13.796     0.060         8
   297.118    13.792     0.060         8
   297.279    13.772     0.060         8
   297.433    13.754     0.060         8
   297.583    13.756     0.060         8
   297.737    13.726     0.060         8
   297.890    13.709     0.060         8
   298.041    13.712     0.060         8
   298.194    13.663     0.060         8
   298.358    13.656     0.060         8
   298.501    13.645     0.060         8
   298.655    13.596     0.060         8
   298.808    13.598     0.060         8
   298.962    13.606     0.060         8
   299.115    13.574     0.060         8
   299.269    13.587     0.060         8
   299.422    13.588     0.060         8
   299.576    13.557     0.060         8
   299.729    13.563     0.060         8
   299.875    13.525     0.060         8
   300.025    13.496     0.060         8
   300.179    13.496     0.060         8
   300.332    13.484     0.060         8
   300.483    13.467     0.060         8
   300.633    13.447     0.060         8
   300.784    13.443     0.060         8
   300.935    13.430     0.060         8
   301.085    13.410     0.060         8
   301.233    13.410     0.060         8
   301.383    13.386     0.060         8
   301.544    13.384     0.060         8
   301.702    13.358     0.060         8
   301.864    13.352     0.060         8
   302.022    13.349     0.060         8
   302.172    13.329     0.060         8
   302.334    13.347     0.060         8
   302.495    13.330     0.060         8
   302.656    13.315     0.060         8
   303.287    13.265     0.060         8
   304.534    13.142     0.060         8
   305.472    13.051     0.060         8
   306.420    12.955     0.060         8
   307.512    12.836     0.060         8
   227.006    24.602     0.060        13
   227.436    24.546     0.060        13
   227.877    24.499     0.060        13
   228.318    24.440     0.060        13
   228.749    24.392     0.060        13
   229.459    24.285     0.060        13
   229.746    24.261     0.060        13
   230.577    24.146     0.060        13
   231.133    24.079     0.060        13
   231.424    24.047     0.060        13
   231.561    24.032     0.060        13
   232.268    23.924     0.060        13
   232.986    23.812     0.060        13
   233.553    23.733     0.060        13
   234.389    23.617     0.060        13
   235.099    23.510     0.060        13
   235.670    23.414     0.060        13
   236.100    23.342     0.060        13
   236.673    23.254     0.060        13
   237.251    23.166     0.060        13
   237.832    23.078     0.060        13
   238.273    23.006     0.060        13
   238.725    22.930     0.060        13
   239.658    22.791     0.060        13
   240.594    22.643     0.060        13
   241.056    22.584     0.060        13
   241.669    22.496     0.060        13
   242.120    22.445     0.060        13
   242.844    22.341     0.060        13
   243.419    22.270     0.060        13
   244.163    22.154     0.060        13
   244.461    22.123     0.060        13
   244.770    22.079     0.060        13
   245.387    21.992     0.060        13
   245.976    21.912     0.060        13
   246.430    21.836     0.060        13
   246.735    21.801     0.060        13
   247.521    21.693     0.060        13
   247.835    21.658     0.060        13
   248.298    21.582     0.060        13
   248.921    21.478     0.060        13
   249.085    21.450     0.060        13
   249.548    21.374     0.060        13
   249.709    21.346     0.060        13
   250.013    21.286     0.060        13
   250.471    21.193     0.060        13
   250.632    21.169     0.060        13
   251.257    21.065     0.060        13
   251.574    20.993     0.060        13
   252.528    20.795     0.060        13
   253.481    20.627     0.060        13
   254.878    20.379     0.060        13
   255.972    20.162     0.060        13
   257.369    19.880     0.060        13
   258.006    19.756     0.060        13
   258.641    19.627     0.060        13
   259.439    19.478     0.060        13
   260.230    19.346     0.060        13
   260.864    19.230     0.060        13
   261.813    19.082     0.060        13
   261.977    19.063     0.060        13
   262.625    18.971     0.060        13
   263.434    18.843     0.060        13
   264.243    18.728     0.060        13
   264.892    18.654     0.060        13
   265.713    18.546     0.060        13
   266.538    18.433     0.060        13
   308.913    11.918     0.060        14
   309.537    11.848     0.060        14
   310.321    11.733     0.060        14
   310.794    11.683     0.060        14
   311.106    11.676     0.060        14
   311.568    11.594     0.060        14
   312.356    11.504     0.060        14
   312.818    11.448     0.060        14
   313.294    11.378     0.060        14
   314.221    11.264     0.060        14
   314.533    11.222     0.060        14
   314.844    11.192     0.060        14
   315.317    11.144     0.060        14
   315.629    11.112     0.060        14
   316.091    11.052     0.060        14
   316.556    11.013     0.060        14
   317.040    10.945     0.060        14
   317.351    10.872     0.060        14
   317.835    10.835     0.060        14
   318.321    10.752     0.060        14
   318.794    10.673     0.060        14
   319.277    10.632     0.060        14
   319.589    10.592     0.060        14
   320.059    10.517     0.060        14
   320.685    10.456     0.060        14
   321.140    10.391     0.060        14
   321.605    10.315     0.060        14
   321.755    10.311     0.060        14
   321.906    10.287     0.060        14
   322.371    10.225     0.060        14
   322.987    10.176     0.060        14
   323.301    10.128     0.060        14
   323.756    10.053     0.060        14
   324.511     9.976     0.060        14
   324.976     9.920     0.060        14
   325.449     9.858     0.060        14
   326.234     9.768     0.060        14
   326.545     9.715     0.060        14
   326.693     9.702     0.060        14
   327.327     9.640     0.060        14
   327.638     9.600     0.060        14
   327.947     9.546     0.060        14
   328.424     9.488     0.060        14
   328.891     9.411     0.060        14
   329.358     9.337     0.060        14
   329.970     9.254     0.060        14
   330.435     9.186     0.060        14
   330.750     9.154     0.060        14
   331.208     9.105     0.060        14
   331.829     9.031     0.060        14
   332.147     8.991     0.060        14
   332.605     8.939     0.060        14
   332.922     8.901     0.060        14
   333.676     8.823     0.060        14
   334.134     8.796     0.060        14
   334.742     8.722     0.060        14
   335.223     8.652     0.060        14
   335.853     8.561     0.060        14
   336.329     8.520     0.060        14
   337.136     8.388     0.060        14
   337.932     8.258     0.060        14
   338.408     8.163     0.060        14
   338.881     8.056     0.060        14
   339.353     7.950     0.060        14
   339.834     7.870     0.060        14
   340.145     7.805     0.060        14
   340.615     7.700     0.060        14
   341.404     7.584     0.060        14
   341.883     7.515     0.060        14
   342.362     7.437     0.060        14
   342.687     7.368     0.060        14
   343.166     7.289     0.060        14
   343.655     7.208     0.060        14
   344.295     7.116     0.060        14
   345.091     6.981     0.060        14
   345.728     6.895     0.060        14
   346.204     6.823     0.060        14
   346.680     6.742     0.060        14
   347.156     6.677     0.060        14
   347.788     6.599     0.060        14
   348.409     6.476     0.060        14
   348.891     6.402     0.060        14
   349.359     6.313     0.060        14
   350.004     6.178     0.060        14
   350.484     6.059     0.060        14
   351.115     5.937     0.060        14
   351.585     5.841     0.060        14
   351.907     5.768     0.060        14
   352.393     5.646     0.060        14
   352.866     5.540     0.060        14
   353.492     5.399     0.060        14
   353.807     5.326     0.060        14
   354.272     5.229     0.060        14
   354.901     5.107     0.060        14
   355.369     5.031     0.060        14
   356.149     4.890     0.060        14
   357.104     4.730     0.060        14
   358.058     4.570     0.060        14
   317.351    18.674     0.060        24
   318.482    18.380     0.060        24
   319.277    18.143     0.060        24
   321.906    17.491     0.060        24
   322.987    17.206     0.060        24
   324.210    16.949     0.060        24
   325.288    16.628     0.060        24
   329.358    15.671     0.060        24
   330.285    15.427     0.060        24
   331.208    15.187     0.060        24
   332.297    14.844     0.060        24
   332.769    14.715     0.060        24
   333.523    14.499     0.060        24
   335.374    13.963     0.060        24
   336.493    13.708     0.060        24
   337.289    13.467     0.060        24
   338.096    13.247     0.060        24
   338.719    13.107     0.060        24
   339.514    12.888     0.060        24
   340.307    12.650     0.060        24
   341.404    12.378     0.060        24
   342.362    12.130     0.060        24
   343.491    11.872     0.060        24
   344.295    11.648     0.060        24
   344.927    11.473     0.060        24
   366.483     1.000     0.000         0
   366.705     2.131     0.060         1
   366.867     2.142     0.060         1
   367.017     2.158     0.060         1
   367.178     2.186     0.060         1
   367.341     2.210     0.060         1
   367.492     2.238     0.060         1
   367.656     2.269     0.060         1
   367.817     2.300     0.060         1
   367.967     2.339     0.060         1
   368.131     2.394     0.060         1
   368.292     2.452     0.060         1
   368.446     2.517     0.060         1
   368.607     2.579     0.060         1
   368.760     2.637     0.060         1
   368.921     2.693     0.060         1
   369.072     2.750     0.060         1
   369.236     2.811     0.060         1
   369.386     2.884     0.060         1
   369.550     2.966     0.060         1
   369.712     3.054     0.060         1
   369.862     3.131     0.060         1
   370.023     3.207     0.060         1
   366.705     3.129     0.060         2
   366.867     3.131     0.060         2
   367.017     3.146     0.060         2
   367.178     3.156     0.060         2
   367.341     3.173     0.060         2
   367.492     3.187     0.060         2
   367.656     3.198     0.060         2
   367.817     3.226     0.060         2
   367.967     3.249     0.060         2
   368.131     3.268     0.060         2
   368.292     3.300     0.060         2
   368.446     3.306     0.060         2
   379.141     5.417     0.060         5
   379.302     5.432     0.060         5
   379.466     5.442     0.060         5
   379.627     5.457     0.060         5
   379.791     5.476     0.060         5
   379.953     5.483     0.060         5
   380.106     5.504     0.060         5
   380.270     5.499     0.060         5
   380.431     5.504     0.060         5
   380.595     5.520     0.060         5
   380.746     5.532     0.060         5
   380.910     5.539     0.060         5
   381.074     5.546     0.060         5
   381.227     5.550     0.060         5
   381.388     5.558     0.060         5
   381.552     5.560     0.060         5
   381.703     5.564     0.060         5
   381.867     5.574     0.060         5
   382.020     5.576     0.060         5
   382.182     5.597     0.060         5
   382.343     5.618     0.060         5
   382.496     5.620     0.060         5
   382.657     5.623     0.060         5
   382.811     5.631     0.060         5
   382.972     5.639     0.060         5
   383.125     5.647     0.060         5
   383.286     5.670     0.060         5
   383.437     5.666     0.060         5
   383.590     5.668     0.060         5
   383.751     5.675     0.060         5
   383.905     5.707     0.060         5
   384.066     5.710     0.060         5
   384.219     5.714     0.060         5
   384.370     5.719     0.060         5
   384.534     5.732     0.060         5
   384.684     5.753     0.060         5
   384.848     5.760     0.060         5
   385.002     5.772     0.060         5
   385.163     5.793     0.060         5
   385.316     5.816     0.060         5
   385.467     5.835     0.060         5
   385.628     5.861     0.060         5
   385.781     5.876     0.060         5
   385.943     5.903     0.060         5
   386.096     5.923     0.060         5
   386.247     5.946     0.060         5
   386.397     5.973     0.060         5
   386.558     6.002     0.060         5
   386.712     6.020     0.060         5
   386.862     6.061     0.060         5
   387.012     6.111     0.060         5
   387.163     6.140     0.060         5
   387.327     6.158     0.060         5
   387.477     6.183     0.060         5
   387.631     6.217     0.060         5
   387.781     6.250     0.060         5
   387.942     6.292     0.060         5
   388.096     6.321     0.060         5
   388.246     6.336     0.060         5
   388.397     6.370     0.060         5
   388.558     6.426     0.060         5
   388.711     6.467     0.060         5
   388.873     6.484     0.060         5
   389.023     6.516     0.060         5
   389.184     6.558     0.060         5
   389.345     6.593     0.060         5
   389.509     6.629     0.060         5
   389.660     6.670     0.060         5
   389.821     6.691     0.060         5
   389.982     6.721     0.060         5
   390.135     6.766     0.060         5
   390.297     6.792     0.060         5
   390.447     6.843     0.060         5
   390.608     6.881     0.060         5
   390.759     6.915     0.060         5
   390.923     6.943     0.060         5
   391.073     6.984     0.060         5
   391.234     7.012     0.060         5
   391.385     7.063     0.060         5
   391.546     7.092     0.060         5
   371.122     3.790     0.060        10
   371.283     3.832     0.060        10
   371.445     3.876     0.060        10
   371.595     3.912     0.060        10
   371.756     3.958     0.060        10
   371.907     3.994     0.060        10
   372.068     4.032     0.060        10
   372.218     4.066     0.060        10
   372.379     4.106     0.060        10
   372.530     4.134     0.060        10
   372.691     4.168     0.060        10
   372.852     4.206     0.060        10
   373.013     4.236     0.060        10
   373.175     4.264     0.060        10
   373.339     4.294     0.060        10
   373.489     4.312     0.060        10
   373.653     4.339     0.060        10
   373.814     4.367     0.060        10
   373.978     4.395     0.060        10
   374.139     4.426     0.060        10
   374.290     4.455     0.060        10
   374.454     4.489     0.060        10
   374.615     4.531     0.060        10
   374.779     4.582     0.060        10
   374.943     4.622     0.060        10
   375.104     4.665     0.060        10
   375.268     4.709     0.060        10
   375.419     4.755     0.060        10
   375.583     4.815     0.060        10
   375.744     4.867     0.060        10
   375.908     4.925     0.060        10
   376.069     4.968     0.060        10
   376.220     5.007     0.060        10
   376.384     5.052     0.060        10
   376.545     5.085     0.060        10
   376.706     5.125     0.060        10
   376.870     5.173     0.060        10
   377.031     5.211     0.060        10
   377.193     5.254     0.060        10
   377.357     5.293     0.060        10
   377.518     5.332     0.060        10
   377.679     5.375     0.060        10
   377.843     5.411     0.060        10
   378.004     5.443     0.060        10
   378.168     5.481     0.060        10
   378.329     5.512     0.060        10
   378.501     5.545     0.060        10
   378.665     5.578     0.060        10
   378.826     5.607     0.060        10
   378.988     5.640     0.060        10
   379.141     5.670     0.060        10
   379.302     5.692     0.060        10
   380.595     5.842     0.060        14
   381.552     5.905     0.060        14
   382.657     5.950     0.060        14
   384.219     6.063     0.060        14
   385.316     6.179     0.060        14
   386.558     6.339     0.060        14
   387.942     6.581     0.060        14
   389.184     6.832     0.060        14
   389.821     6.994     0.060        14
     0.000     0.000     0.000        -1
