   126.796    -1.000     0.000         0
   123.421     2.812     0.060         1
   123.582     2.735     0.060         1
   123.732     2.626     0.060         1
   123.894     2.574     0.060         1
   124.044     2.527     0.060         1
   124.205     2.464     0.060         1
   124.366     2.368     0.060         1
   124.520     2.296     0.060         1
   124.684     2.233     0.060         1
   124.835     2.158     0.060         1
   124.996     2.104     0.060         1
   125.160     2.058     0.060         1
   125.310     2.014     0.060         1
   125.471     1.972     0.060         1
   125.631     1.927     0.060         1
   125.781     1.884     0.060         1
   125.941     1.861     0.060         1
   126.090     1.832     0.060         1
   126.239     1.810     0.060         1
   126.395     1.803     0.060         1
   126.536     1.788     0.060         1
   126.661     1.775     0.060         1
   124.044     3.082     0.060         3
   124.205     3.042     0.060         3
   124.366     3.022     0.060         3
   124.520     2.991     0.060         3
   124.684     2.952     0.060         3
   124.835     2.924     0.060         3
   124.996     2.892     0.060         3
   125.160     2.860     0.060         3
   125.310     2.840     0.060         3
   125.471     2.821     0.060         3
   125.631     2.807     0.060         3
   125.781     2.781     0.060         3
   125.941     2.787     0.060         3
   126.090     2.758     0.060         3
   126.239     2.760     0.060         3
   126.395     2.758     0.060         3
   126.536     2.770     0.060         3
   126.661     2.766     0.060         3
     4.879    21.522     0.060         5
     6.341    21.329     0.060         5
     6.986    21.249     0.060         5
     7.790    21.149     0.060         5
     8.778    21.025     0.060         5
     9.429    20.929     0.060         5
    10.236    20.825     0.060         5
    10.715    20.765     0.060         5
    11.881    20.604     0.060         5
    12.866    20.472     0.060         5
    13.656    20.347     0.060         5
    14.304    20.251     0.060         5
    14.784    20.183     0.060         5
    25.543    18.576     0.060         5
    25.855    18.524     0.060         5
    26.794    18.360     0.060         5
    27.433    18.278     0.060         5
    27.745    18.237     0.060         5
    28.544    18.118     0.060         5
    29.020    18.046     0.060         5
    29.822    17.918     0.060         5
    30.446    17.818     0.060         5
    30.923    17.746     0.060         5
    31.388    17.687     0.060         5
    31.878    17.603     0.060         5
    32.522    17.515     0.060         5
    32.845    17.451     0.060         5
    33.482    17.364     0.060         5
    33.808    17.311     0.060         5
    34.292    17.228     0.060         5
    35.108    17.108     0.060         5
    35.606    17.041     0.060         5
    36.254    16.949     0.060         5
    36.584    16.901     0.060         5
    59.017    13.873     0.060         5
    59.483    13.822     0.060         5
    60.257    13.690     0.060         5
    60.408    13.682     0.060         5
    61.021    13.595     0.060         5
    61.315    13.547     0.060         5
    61.924    13.480     0.060         5
    62.228    13.444     0.060         5
    62.686    13.377     0.060         5
    62.990    13.333     0.060         5
    63.591    13.249     0.060         5
    63.888    13.218     0.060         5
    64.636    13.110     0.060         5
    65.251    13.015     0.060         5
    65.708    12.926     0.060         5
    66.315    12.842     0.060         5
    66.783    12.786     0.060         5
    67.229    12.730     0.060         5
    67.694    12.673     0.060         5
    68.149    12.617     0.060         5
    68.620    12.557     0.060         5
    69.082    12.504     0.060         5
    69.698    12.420     0.060         5
    70.322    12.336     0.060         5
    70.799    12.286     0.060         5
    70.949    12.248     0.060         5
    71.423    12.200     0.060         5
    71.573    12.157     0.060         5
    72.208    12.073     0.060         5
    72.827    11.986     0.060         5
    73.615    11.866     0.060         5
    74.393    11.759     0.060         5
    75.143    11.637     0.060         5
    75.603    11.568     0.060         5
    76.058    11.502     0.060         5
    76.677    11.415     0.060         5
    77.608    11.282     0.060         5
    78.225    11.195     0.060         5
    78.698    11.128     0.060         5
    79.158    11.068     0.060         5
    79.319    11.027     0.060         5
    79.620    11.009     0.060         5
    79.771    10.988     0.060         5
    79.932    10.937     0.060         5
    80.233    10.908     0.060         5
    80.704    10.835     0.060         5
    81.016    10.782     0.060         5
    81.629    10.699     0.060         5
    81.941    10.647     0.060         5
    82.261    10.599     0.060         5
    82.884    10.498     0.060         5
    83.670    10.366     0.060         5
    83.985    10.314     0.060         5
    84.286    10.263     0.060         5
    84.762    10.192     0.060         5
    84.923    10.164     0.060         5
    85.550    10.060     0.060         5
    86.342     9.946     0.060         5
    86.969     9.838     0.060         5
    87.284     9.792     0.060         5
    87.921     9.700     0.060         5
    88.233     9.660     0.060         5
    88.699     9.592     0.060         5
    89.479     9.483     0.060         5
    89.945     9.409     0.060         5
    90.725     9.299     0.060         5
    91.509     9.185     0.060         5
    92.136     9.099     0.060         5
    92.604     9.035     0.060         5
    93.239     8.939     0.060         5
    93.715     8.877     0.060         5
    94.514     8.757     0.060         5
    95.302     8.625     0.060         5
    95.778     8.515     0.060         5
    96.252     8.409     0.060         5
    96.728     8.293     0.060         5
    97.355     8.152     0.060         5
    97.989     7.996     0.060         5
    98.769     7.838     0.060         5
    99.070     7.768     0.060         5
   100.003     7.599     0.060         5
   100.616     7.499     0.060         5
   101.536     7.317     0.060         5
   102.463     7.158     0.060         5
   102.918     7.085     0.060         5
   103.838     6.937     0.060         5
   104.468     6.855     0.060         5
   105.109     6.764     0.060         5
   105.892     6.632     0.060         5
   106.043     6.602     0.060         5
   106.519     6.534     0.060         5
   107.296     6.407     0.060         5
   107.923     6.298     0.060         5
   109.007     6.130     0.060         5
   110.104     5.946     0.060         5
   111.193     5.772     0.060         5
   111.505     5.723     0.060         5
   111.817     5.671     0.060         5
   112.290     5.618     0.060         5
   112.750     5.568     0.060         5
   112.901     5.547     0.060         5
   113.202     5.520     0.060         5
   113.672     5.471     0.060         5
   113.998     5.449     0.060         5
   114.310     5.400     0.060         5
   114.471     5.372     0.060         5
   114.796     5.317     0.060         5
   114.958     5.289     0.060         5
   115.280     5.225     0.060         5
   115.603     5.168     0.060         5
   115.764     5.137     0.060         5
   116.087     5.077     0.060         5
   116.396     5.016     0.060         5
   116.715     4.959     0.060         5
   116.877     4.933     0.060         5
   117.027     4.884     0.060         5
   117.347     4.823     0.060         5
   117.659     4.761     0.060         5
   117.809     4.704     0.060         5
   118.132     4.636     0.060         5
   118.605     4.542     0.060         5
   119.081     4.447     0.060         5
   119.242     4.419     0.060         5
   119.729     4.330     0.060         5
   120.052     4.283     0.060         5
     8.778    21.123     0.060         8
    10.075    20.972     0.060         8
    10.548    20.912     0.060         8
    11.380    20.808     0.060         8
    12.379    20.675     0.060         8
    12.705    20.631     0.060         8
    13.347    20.551     0.060         8
    13.979    20.475     0.060         8
    14.784    20.371     0.060         8
    15.271    20.311     0.060         8
    15.922    20.231     0.060         8
    16.412    20.171     0.060         8
    17.236    20.043     0.060         8
    18.183    19.939     0.060         8
    18.656    19.863     0.060         8
    19.129    19.807     0.060         8
    19.441    19.767     0.060         8
    20.378    19.651     0.060         8
    21.008    19.571     0.060         8
    21.635    19.474     0.060         8
    22.251    19.373     0.060         8
    23.032    19.269     0.060         8
    23.820    19.169     0.060         8
    24.761    19.037     0.060         8
    26.017    18.860     0.060         8
    26.641    18.784     0.060         8
    27.268    18.696     0.060         8
    27.906    18.599     0.060         8
    28.694    18.503     0.060         8
    29.184    18.423     0.060         8
    29.661    18.363     0.060         8
    30.446    18.250     0.060         8
    31.238    18.134     0.060         8
    31.878    18.037     0.060         8
    32.358    17.961     0.060         8
    33.157    17.861     0.060         8
    33.644    17.801     0.060         8
    34.131    17.741     0.060         8
    34.782    17.640     0.060         8
    35.606    17.524     0.060         8
    36.254    17.440     0.060         8
    36.746    17.372     0.060         8
    37.706    17.241     0.060         8
    38.032    17.196     0.060         8
    38.357    17.161     0.060         8
    38.844    17.092     0.060         8
    39.170    17.047     0.060         8
    39.818    16.950     0.060         8
    40.470    16.859     0.060         8
    40.792    16.819     0.060         8
    41.599    16.721     0.060         8
    42.244    16.640     0.060         8
    42.882    16.549     0.060         8
    43.339    16.495     0.060         8
    44.127    16.395     0.060         8
    44.450    16.350     0.060         8
    44.762    16.314     0.060         8
    45.543    16.203     0.060         8
    45.858    16.169     0.060         8
    46.173    16.128     0.060         8
    46.800    16.063     0.060         8
    47.115    16.022     0.060         8
    47.752    15.953     0.060         8
    48.054    15.927     0.060         8
    48.372    15.908     0.060         8
    48.684    15.878     0.060         8
    49.633    15.784     0.060         8
    49.795    15.767     0.060         8
    50.099    15.769     0.060         8
    50.414    15.750     0.060         8
    50.575    15.756     0.060         8
    51.358    15.679     0.060         8
    51.985    15.636     0.060         8
    52.146    15.608     0.060         8
    52.294    15.603     0.060         8
    52.444    15.566     0.060         8
    52.606    15.578     0.060         8
    52.756    15.546     0.060         8
    52.907    15.529     0.060         8
    53.068    15.537     0.060         8
    53.219    15.502     0.060         8
    53.370    15.464     0.060         8
    53.520    15.462     0.060         8
    53.671    15.443     0.060         8
    53.822    15.418     0.060         8
    53.975    15.412     0.060         8
    54.126    15.398     0.060         8
    54.277    15.392     0.060         8
    54.430    15.366     0.060         8
    54.581    15.344     0.060         8
    54.734    15.320     0.060         8
    54.885    15.313     0.060         8
    55.036    15.305     0.060         8
    55.186    15.293     0.060         8
    55.340    15.278     0.060         8
    55.501    15.262     0.060         8
    55.652    15.238     0.060         8
    55.806    15.219     0.060         8
    55.956    15.203     0.060         8
    56.107    15.191     0.060         8
    56.261    15.196     0.060         8
    56.422    15.176     0.060         8
    56.573    15.148     0.060         8
    56.723    15.136     0.060         8
    56.882    15.101     0.060         8
    57.032    15.105     0.060         8
    57.183    15.077     0.060         8
    57.344    15.065     0.060         8
    57.807    15.018     0.060         8
    57.958    15.007     0.060         8
    58.108    14.975     0.060         8
    58.259    14.963     0.060         8
    58.410    14.937     0.060         8
    58.568    14.896     0.060         8
    58.719    14.895     0.060         8
    58.869    14.868     0.060         8
    59.017    14.851     0.060         8
    59.178    14.861     0.060         8
    59.332    14.843     0.060         8
    59.483    14.822     0.060         8
    59.644    14.817     0.060         8
    59.795    14.803     0.060         8
    59.945    14.784     0.060         8
    60.107    14.774     0.060         8
    60.257    14.751     0.060         8
    60.408    14.751     0.060         8
    60.566    14.749     0.060         8
    60.717    14.746     0.060         8
    60.868    14.735     0.060         8
    61.021    14.705     0.060         8
    61.172    14.698     0.060         8
    61.315    14.675     0.060         8
    61.469    14.669     0.060         8
    61.619    14.630     0.060         8
    61.773    14.636     0.060         8
    61.924    14.613     0.060         8
    62.077    14.595     0.060         8
    62.228    14.572     0.060         8
    62.382    14.558     0.060         8
    62.532    14.544     0.060         8
    62.686    14.541     0.060         8
    62.840    14.536     0.060         8
    62.990    14.522     0.060         8
    63.144    14.497     0.060         8
    63.287    14.497     0.060         8
    63.440    14.477     0.060         8
    63.591    14.468     0.060         8
    63.734    14.429     0.060         8
    63.888    14.452     0.060         8
    64.041    14.430     0.060         8
    64.181    14.436     0.060         8
    64.335    14.422     0.060         8
    64.486    14.398     0.060         8
    64.636    14.405     0.060         8
    64.795    14.385     0.060         8
    64.942    14.361     0.060         8
    65.090    14.356     0.060         8
    65.251    14.329     0.060         8
    65.399    14.317     0.060         8
    65.547    14.320     0.060         8
    65.708    14.277     0.060         8
    65.859    14.269     0.060         8
    66.009    14.284     0.060         8
    66.168    14.255     0.060         8
    66.315    14.254     0.060         8
    66.474    14.225     0.060         8
    66.621    14.215     0.060         8
    66.783    14.214     0.060         8
    66.930    14.202     0.060         8
    67.078    14.187     0.060         8
    67.229    14.205     0.060         8
    67.382    14.174     0.060         8
    67.533    14.138     0.060         8
    67.694    14.145     0.060         8
    67.845    14.099     0.060         8
    67.996    14.111     0.060         8
    68.149    14.095     0.060         8
    68.311    14.092     0.060         8
    68.461    14.081     0.060         8
    68.620    14.067     0.060         8
    68.770    14.066     0.060         8
    68.921    14.046     0.060         8
    69.082    14.051     0.060         8
    69.233    14.035     0.060         8
    69.394    14.026     0.060         8
    69.545    14.004     0.060         8
    69.698    13.984     0.060         8
    69.860    13.974     0.060         8
    70.007    13.965     0.060         8
    70.172    13.957     0.060         8
    70.322    13.950     0.060         8
    70.484    13.967     0.060         8
    70.637    13.979     0.060         8
    70.799    13.899     0.060         8
    70.949    13.930     0.060         8
    71.111    13.893     0.060         8
    71.261    13.854     0.060         8
    71.423    13.842     0.060         8
    71.573    13.826     0.060         8
    71.732    13.809     0.060         8
    71.893    13.797     0.060         8
    72.044    13.806     0.060         8
    72.208    13.811     0.060         8
    72.359    13.794     0.060         8
    72.512    13.772     0.060         8
    72.674    13.779     0.060         8
    72.827    13.782     0.060         8
   126.796     1.000     0.000         0
   126.933     1.794     0.060         1
   127.063     1.804     0.060         1
   127.202     1.832     0.060         1
   127.358     1.854     0.060         1
   127.505     1.882     0.060         1
   127.665     1.912     0.060         1
   127.814     1.957     0.060         1
   127.976     1.997     0.060         1
   128.126     2.043     0.060         1
   128.287     2.098     0.060         1
   128.450     2.157     0.060         1
   128.611     2.220     0.060         1
   128.775     2.283     0.060         1
   128.925     2.351     0.060         1
   129.089     2.420     0.060         1
   129.252     2.489     0.060         1
   129.414     2.521     0.060         1
   129.578     2.594     0.060         1
   129.739     2.670     0.060         1
   129.889     2.757     0.060         1
   130.053     2.846     0.060         1
   130.215     2.938     0.060         1
   126.933     2.749     0.060         3
   127.063     2.752     0.060         3
   127.202     2.773     0.060         3
   127.358     2.793     0.060         3
   127.505     2.799     0.060         3
   127.665     2.805     0.060         3
   127.814     2.831     0.060         3
   127.976     2.856     0.060         3
   128.126     2.897     0.060         3
   128.287     2.926     0.060         3
   128.450     2.953     0.060         3
   128.611     2.973     0.060         3
   128.775     2.997     0.060         3
   128.925     3.033     0.060         3
   129.089     3.065     0.060         3
   132.622     4.121     0.060         5
   132.783     4.162     0.060         5
   132.947     4.194     0.060         5
   133.101     4.238     0.060         5
   133.262     4.274     0.060         5
   133.426     4.319     0.060         5
   133.588     4.359     0.060         5
   133.752     4.396     0.060         5
   133.913     4.436     0.060         5
   134.077     4.481     0.060         5
   134.239     4.522     0.060         5
   134.400     4.567     0.060         5
   134.564     4.613     0.060         5
   134.725     4.657     0.060         5
   134.890     4.703     0.060         5
   135.043     4.751     0.060         5
   135.204     4.788     0.060         5
   135.366     4.829     0.060         5
   135.530     4.867     0.060         5
   135.681     4.912     0.060         5
   135.842     4.951     0.060         5
   135.995     4.992     0.060         5
   136.157     5.030     0.060         5
   136.307     5.071     0.060         5
   136.472     5.108     0.060         5
   136.633     5.145     0.060         5
   136.787     5.181     0.060         5
   136.948     5.214     0.060         5
   137.098     5.250     0.060         5
   137.263     5.287     0.060         5
   137.424     5.320     0.060         5
   137.575     5.352     0.060         5
   137.739     5.389     0.060         5
   137.900     5.422     0.060         5
   138.051     5.456     0.060         5
   138.215     5.494     0.060         5
   138.366     5.527     0.060         5
   138.527     5.565     0.060         5
   138.688     5.599     0.060         5
   138.853     5.634     0.060         5
   139.003     5.655     0.060         5
   139.167     5.685     0.060         5
   139.329     5.716     0.060         5
   139.490     5.749     0.060         5
   139.654     5.783     0.060         5
   139.805     5.805     0.060         5
   139.966     5.831     0.060         5
   140.127     5.856     0.060         5
   140.292     5.882     0.060         5
   140.453     5.912     0.060         5
   140.614     5.940     0.060         5
   140.776     5.968     0.060         5
   140.929     5.996     0.060         5
   141.090     6.016     0.060         5
   141.252     6.040     0.060         5
   141.416     6.060     0.060         5
   141.577     6.092     0.060         5
   141.738     6.116     0.060         5
   141.900     6.144     0.060         5
   142.064     6.180     0.060         5
   142.225     6.202     0.060         5
   142.379     6.232     0.060         5
   142.540     6.258     0.060         5
   142.701     6.289     0.060         5
   142.866     6.315     0.060         5
   143.016     6.341     0.060         5
   143.178     6.359     0.060         5
   143.339     6.381     0.060         5
   143.503     6.403     0.060         5
   143.664     6.437     0.060         5
   143.826     6.454     0.060         5
   143.987     6.480     0.060         5
   144.148     6.502     0.060         5
   144.310     6.527     0.060         5
   144.474     6.564     0.060         5
   144.624     6.592     0.060         5
   144.786     6.609     0.060         5
   144.947     6.637     0.060         5
   145.111     6.670     0.060         5
   145.273     6.691     0.060         5
   145.434     6.719     0.060         5
   145.595     6.745     0.060         5
   145.756     6.771     0.060         5
   145.918     6.797     0.060         5
   146.082     6.815     0.060         5
   146.243     6.853     0.060         5
   146.405     6.855     0.060         5
   146.566     6.889     0.060         5
   146.716     6.911     0.060         5
   146.881     6.945     0.060         5
   147.042     6.967     0.060         5
   147.203     6.990     0.060         5
   147.354     7.010     0.060         5
   147.515     7.049     0.060         5
   147.679     7.072     0.060         5
   147.841     7.092     0.060         5
   148.002     7.115     0.060         5
   148.153     7.143     0.060         5
   148.317     7.174     0.060         5
   148.478     7.200     0.060         5
   148.642     7.226     0.060         5
   148.793     7.252     0.060         5
   148.954     7.274     0.060         5
   149.116     7.292     0.060         5
   149.266     7.322     0.060         5
   149.430     7.362     0.060         5
   149.581     7.382     0.060         5
   149.745     7.418     0.060         5
   149.907     7.421     0.060         5
   150.060     7.453     0.060         5
   150.224     7.465     0.060         5
   150.375     7.481     0.060         5
   150.536     7.517     0.060         5
   150.690     7.521     0.060         5
   150.851     7.549     0.060         5
   151.005     7.574     0.060         5
   151.155     7.598     0.060         5
   151.309     7.627     0.060         5
   151.470     7.639     0.060         5
   151.624     7.664     0.060         5
   151.777     7.676     0.060         5
   151.931     7.692     0.060         5
   152.092     7.708     0.060         5
   152.246     7.731     0.060         5
   152.399     7.751     0.060         5
   152.553     7.759     0.060         5
   152.717     7.811     0.060         5
   152.871     7.802     0.060         5
   153.022     7.812     0.060         5
   153.175     7.814     0.060         5
   153.329     7.828     0.060         5
   153.479     7.846     0.060         5
   153.633     7.864     0.060         5
   153.787     7.882     0.060         5
   153.937     7.908     0.060         5
   154.091     7.906     0.060         5
   154.245     7.900     0.060         5
   154.388     7.903     0.060         5
   154.541     7.905     0.060         5
   154.695     7.897     0.060         5
   154.849     7.904     0.060         5
   155.002     7.907     0.060         5
   155.156     7.911     0.060         5
   155.310     7.930     0.060         5
   155.463     7.948     0.060         5
   155.617     7.946     0.060         5
   155.767     7.965     0.060         5
   155.929     7.974     0.060         5
   156.082     7.992     0.060         5
   156.233     7.988     0.060         5
   156.384     8.011     0.060         5
   156.545     8.039     0.060         5
   156.695     8.051     0.060         5
   156.846     8.075     0.060         5
   157.000     8.090     0.060         5
   157.146     8.110     0.060         5
   157.299     8.134     0.060         5
   157.449     8.146     0.060         5
   157.595     8.156     0.060         5
   157.744     8.158     0.060         5
   157.896     8.164     0.060         5
   158.038     8.173     0.060         5
   158.180     8.175     0.060         5
   158.333     8.178     0.060         5
   158.467     8.195     0.060         5
   158.613     8.206     0.060         5
   158.758     8.226     0.060         5
   158.893     8.242     0.060         5
   159.031     8.274     0.060         5
   159.159     8.306     0.060         5
   159.290     8.320     0.060         5
   159.422     8.335     0.060         5
   159.546     8.353     0.060         5
   159.671     8.364     0.060         5
   159.785     8.368     0.060         5
   159.900     8.376     0.060         5
   268.159    25.074     0.060         5
   268.637    25.140     0.060         5
   269.429    25.197     0.060         5
   270.238    25.285     0.060         5
   270.559    25.299     0.060         5
   271.205    25.339     0.060         5
   271.837    25.383     0.060         5
   272.324    25.446     0.060         5
   272.971    25.492     0.060         5
   273.455    25.553     0.060         5
   274.586    25.643     0.060         5
   275.237    25.710     0.060         5
   276.227    25.818     0.060         5
   250.470    24.404     0.060         8
   251.410    24.476     0.060         8
   252.045    24.511     0.060         8
   252.363    24.506     0.060         8
   252.845    24.525     0.060         8
   253.327    24.536     0.060         8
   253.795    24.574     0.060         8
   255.348    24.643     0.060         8
   255.972    24.686     0.060         8
   256.735    24.753     0.060         8
   257.842    24.830     0.060         8
   258.802    24.883     0.060         8
   259.915    24.960     0.060         8
   260.864    25.020     0.060         8
   261.977    25.090     0.060         8
   263.111    25.175     0.060         8
   264.081    25.262     0.060         8
   265.383    25.421     0.060         8
   266.538    25.552     0.060         8
   267.511    25.647     0.060         8
   268.473    25.732     0.060         8
   269.276    25.802     0.060         8
   270.074    25.850     0.060         8
   270.394    25.874     0.060         8
   271.205    25.935     0.060         8
   271.519    25.950     0.060         8
   271.837    25.927     0.060         8
   272.324    25.936     0.060         8
   272.971    25.979     0.060         8
   273.616    26.021     0.060         8
   274.422    26.079     0.060         8
   275.412    26.130     0.060         8
   275.901    26.093     0.060         8
   277.048    26.178     0.060         8
   277.840    26.221     0.060         8
   278.488    26.263     0.060         8
   299.575    28.487     0.060        13
   300.783    28.639     0.060        13
   302.172    28.819     0.060        13
   303.749    29.015     0.060        13
   305.159    29.191     0.060        13
   306.420    29.335     0.060        13
   308.291    29.591     0.060        13
   310.160    29.819     0.060        13
   311.256    29.955     0.060        13
   312.667    30.153     0.060        13
   313.293    30.240     0.060        13
   314.532    30.412     0.060        13
   315.155    30.485     0.060        13
   315.628    30.548     0.060        13
   316.405    30.661     0.060        13
   346.991    34.888     0.060        13
   348.091    35.049     0.060        13
   349.681    35.266     0.060        13
   351.115    35.480     0.060        13
   352.068    35.592     0.060        13
   353.642    35.796     0.060        13
     0.000     0.000     0.000        -1
