    60.860    -1.000     0.000         0
    57.183     2.835     0.060         1
    57.345     2.761     0.060         1
    57.495     2.678     0.060         1
    57.657     2.596     0.060         1
    57.807     2.513     0.060         1
    57.958     2.431     0.060         1
    58.109     2.364     0.060         1
    58.259     2.301     0.060         1
    58.410     2.237     0.060         1
    58.568     2.173     0.060         1
    58.719     2.102     0.060         1
    58.869     2.044     0.060         1
    59.017     1.991     0.060         1
    59.178     1.954     0.060         1
    59.332     1.916     0.060         1
    59.482     1.876     0.060         1
    59.644     1.840     0.060         1
    59.794     1.808     0.060         1
    59.945     1.780     0.060         1
    60.106     1.755     0.060         1
    60.256     1.731     0.060         1
    60.406     1.718     0.060         1
    60.561     1.702     0.060         1
    60.706     1.689     0.060         1
    60.803     1.685     0.060         1
    58.719     2.652     0.060         2
    58.869     2.611     0.060         2
    59.017     2.562     0.060         2
    59.178     2.519     0.060         2
    59.332     2.488     0.060         2
    59.482     2.457     0.060         2
    59.644     2.429     0.060         2
    59.794     2.401     0.060         2
    59.945     2.382     0.060         2
    60.106     2.360     0.060         2
    60.256     2.346     0.060         2
    60.406     2.334     0.060         2
    60.561     2.323     0.060         2
    60.706     2.309     0.060         2
    60.803     2.310     0.060         2
     8.116    11.642     0.060         5
     8.278    11.603     0.060         5
     8.442    11.581     0.060         5
     8.603    11.566     0.060         5
     8.778    11.557     0.060         5
     8.940    11.530     0.060         5
     9.104    11.514     0.060         5
     9.268    11.485     0.060         5
     9.430    11.456     0.060         5
     9.591    11.428     0.060         5
     9.753    11.411     0.060         5
     9.914    11.393     0.060         5
    10.075    11.370     0.060         5
    10.237    11.340     0.060         5
    10.387    11.329     0.060         5
    10.549    11.295     0.060         5
    10.716    11.277     0.060         5
    10.880    11.258     0.060         5
    11.045    11.240     0.060         5
    11.209    11.214     0.060         5
    11.381    11.200     0.060         5
    11.545    11.173     0.060         5
    11.707    11.150     0.060         5
    11.882    11.123     0.060         5
    12.043    11.105     0.060         5
    12.208    11.070     0.060         5
    12.380    11.031     0.060         5
    12.544    11.004     0.060         5
    12.705    10.977     0.060         5
    12.867    10.954     0.060         5
    13.028    10.935     0.060         5
    13.186    10.910     0.060         5
    13.348    10.889     0.060         5
    13.506    10.852     0.060         5
    13.657    10.827     0.060         5
    13.818    10.798     0.060         5
    13.979    10.767     0.060         5
    14.144    10.745     0.060         5
    14.305    10.703     0.060         5
    14.459    10.688     0.060         5
    14.620    10.662     0.060         5
    14.785    10.639     0.060         5
    14.946    10.621     0.060         5
    15.110    10.586     0.060         5
    15.272    10.571     0.060         5
    15.436    10.560     0.060         5
    15.600    10.529     0.060         5
    15.751    10.506     0.060         5
    15.923    10.491     0.060         5
    16.087    10.464     0.060         5
    16.249    10.445     0.060         5
    16.413    10.415     0.060         5
    16.574    10.397     0.060         5
    16.739    10.367     0.060         5
    16.911    10.346     0.060         5
    17.075    10.316     0.060         5
    17.237    10.291     0.060         5
    17.398    10.269     0.060         5
    17.559    10.240     0.060         5
    17.710    10.222     0.060         5
    17.871    10.192     0.060         5
    18.033    10.171     0.060         5
    18.183    10.149     0.060         5
    18.342    10.126     0.060         5
    18.503    10.098     0.060         5
    18.657    10.067     0.060         5
    18.818    10.039     0.060         5
    18.979    10.020     0.060         5
    19.130     9.988     0.060         5
    19.291     9.969     0.060         5
    19.442     9.941     0.060         5
    19.603     9.918     0.060         5
    19.754     9.886     0.060         5
    19.915     9.867     0.060         5
    20.066     9.838     0.060         5
    20.217     9.813     0.060         5
    20.378     9.796     0.060         5
    20.532     9.764     0.060         5
    20.693     9.743     0.060         5
    20.844     9.730     0.060         5
    21.008     9.706     0.060         5
    21.159     9.684     0.060         5
    21.320     9.646     0.060         5
    21.474     9.625     0.060         5
    21.635     9.599     0.060         5
    21.786     9.582     0.060         5
    21.947     9.556     0.060         5
    22.101     9.543     0.060         5
    22.252     9.517     0.060         5
    22.402     9.483     0.060         5
    22.567     9.462     0.060         5
    22.717     9.428     0.060         5
    22.879     9.399     0.060         5
    23.032     9.373     0.060         5
    23.194     9.347     0.060         5
    23.344     9.321     0.060         5
    23.506     9.290     0.060         5
    23.657     9.268     0.060         5
    23.821     9.245     0.060         5
    23.982     9.215     0.060         5
    24.130     9.196     0.060         5
    24.291     9.170     0.060         5
    24.442     9.148     0.060         5
    24.600     9.129     0.060         5
    24.762     9.103     0.060         5
    24.923     9.076     0.060         5
    25.074     9.057     0.060         5
    25.232     9.022     0.060         5
    25.393     8.999     0.060         5
    25.544     8.980     0.060         5
    25.705     8.957     0.060         5
    25.856     8.930     0.060         5
    26.017     8.904     0.060         5
    26.168     8.881     0.060         5
    26.329     8.855     0.060         5
    26.480     8.836     0.060         5
    26.641     8.810     0.060         5
    26.795     8.775     0.060         5
    26.956     8.757     0.060         5
    27.118     8.726     0.060         5
    27.268     8.700     0.060         5
    27.433     8.677     0.060         5
    27.594     8.655     0.060         5
    27.745     8.629     0.060         5
    27.906     8.602     0.060         5
    28.068     8.580     0.060         5
    28.218     8.558     0.060         5
    28.380     8.536     0.060         5
    28.544     8.509     0.060         5
    28.695     8.483     0.060         5
    28.859     8.457     0.060         5
    29.020     8.427     0.060         5
    29.185     8.408     0.060         5
    29.335     8.370     0.060         5
    29.497     8.360     0.060         5
    29.661     8.334     0.060         5
    29.822     8.315     0.060         5
    29.973     8.289     0.060         5
    30.131     8.271     0.060         5
    30.285     8.248     0.060         5
    30.446     8.230     0.060         5
    30.611     8.208     0.060         5
    30.761     8.179     0.060         5
    30.923     8.158     0.060         5
    31.076     8.129     0.060         5
    31.238     8.104     0.060         5
    31.388     8.071     0.060         5
    31.553     8.046     0.060         5
    31.714     8.025     0.060         5
    31.879     7.996     0.060         5
    32.032     7.968     0.060         5
    32.197     7.935     0.060         5
    32.358     7.906     0.060         5
    32.522     7.881     0.060         5
    32.684     7.852     0.060         5
    32.845     7.818     0.060         5
    33.006     7.795     0.060         5
    33.157     7.764     0.060         5
    33.318     7.733     0.060         5
    33.483     7.690     0.060         5
    33.644     7.675     0.060         5
    33.808     7.640     0.060         5
    33.970     7.609     0.060         5
    34.131     7.586     0.060         5
    34.292     7.554     0.060         5
    34.457     7.535     0.060         5
    34.618     7.512     0.060         5
    34.782     7.488     0.060         5
    34.944     7.465     0.060         5
    35.108     7.439     0.060         5
    35.280     7.417     0.060         5
    35.444     7.387     0.060         5
    35.606     7.365     0.060         5
    35.767     7.335     0.060         5
    35.931     7.310     0.060         5
    36.093     7.284     0.060         5
    36.254     7.262     0.060         5
    36.415     7.236     0.060         5
    36.584     7.214     0.060         5
    36.746     7.188     0.060         5
    36.907     7.157     0.060         5
    37.058     7.138     0.060         5
    37.222     7.107     0.060         5
    37.383     7.088     0.060         5
    37.545     7.061     0.060         5
    37.706     7.033     0.060         5
    37.871     7.002     0.060         5
    38.032     6.978     0.060         5
    38.193     6.942     0.060         5
    38.358     6.914     0.060         5
    38.519     6.887     0.060         5
    38.680     6.859     0.060         5
    38.845     6.823     0.060         5
    39.006     6.791     0.060         5
    39.170     6.759     0.060         5
    39.332     6.720     0.060         5
    39.493     6.692     0.060         5
    39.657     6.660     0.060         5
    39.819     6.631     0.060         5
    39.983     6.602     0.060         5
    40.144     6.573     0.060         5
    40.306     6.552     0.060         5
    40.470     6.522     0.060         5
    40.631     6.504     0.060         5
    40.793     6.467     0.060         5
    40.968     6.437     0.060         5
    41.129     6.411     0.060         5
    41.287     6.377     0.060         5
    41.449     6.351     0.060         5
    41.599     6.321     0.060         5
    41.761     6.291     0.060         5
    41.922     6.261     0.060         5
    42.083     6.236     0.060         5
    42.245     6.208     0.060         5
    42.420     6.187     0.060         5
    42.570     6.158     0.060         5
    42.732     6.121     0.060         5
    42.882     6.100     0.060         5
    43.030     6.072     0.060         5
    43.191     6.035     0.060         5
    43.339     6.006     0.060         5
    43.500     5.969     0.060         5
    43.651     5.944     0.060         5
    43.812     5.911     0.060         5
    43.974     5.878     0.060         5
    44.127     5.854     0.060         5
    44.289     5.830     0.060         5
    44.450     5.806     0.060         5
    44.601     5.781     0.060         5
    44.762     5.749     0.060         5
    44.913     5.720     0.060         5
    45.066     5.694     0.060         5
    45.228     5.664     0.060         5
    45.392     5.639     0.060         5
    45.543     5.609     0.060         5
    45.707     5.575     0.060         5
    45.858     5.553     0.060         5
    46.019     5.522     0.060         5
    46.173     5.492     0.060         5
    46.334     5.458     0.060         5
    46.485     5.416     0.060         5
    46.649     5.393     0.060         5
    46.800     5.369     0.060         5
    46.964     5.330     0.060         5
    47.115     5.295     0.060         5
    47.279     5.268     0.060         5
    47.430     5.233     0.060         5
    47.591     5.211     0.060         5
    47.752     5.201     0.060         5
    47.903     5.175     0.060         5
    48.054     5.168     0.060         5
    48.218     5.156     0.060         5
    48.372     5.144     0.060         5
    48.533     5.123     0.060         5
    48.684     5.102     0.060         5
    48.848     5.090     0.060         5
    48.999     5.074     0.060         5
    49.160     5.059     0.060         5
    49.321     5.056     0.060         5
    49.472     5.052     0.060         5
    49.633     5.033     0.060         5
    49.795     5.014     0.060         5
    49.945     4.993     0.060         5
    50.099     4.985     0.060         5
    50.260     4.974     0.060         5
    50.414     4.970     0.060         5
    50.575     4.964     0.060         5
    50.740     4.946     0.060         5
    50.887     4.931     0.060         5
    51.049     4.917     0.060         5
    51.207     4.895     0.060         5
    51.358     4.872     0.060         5
    51.519     4.855     0.060         5
    51.673     4.841     0.060         5
     4.057    12.295     0.060         7
     4.218    12.298     0.060         7
     4.379    12.278     0.060         7
     4.544    12.249     0.060         7
     4.705    12.229     0.060         7
     4.880    12.205     0.060         7
     5.041    12.168     0.060         7
     5.206    12.156     0.060         7
     5.370    12.132     0.060         7
     5.542    12.104     0.060         7
     5.707    12.082     0.060         7
     5.868    12.068     0.060         7
     6.029    12.047     0.060         7
     6.191    12.041     0.060         7
     6.341    12.019     0.060         7
     6.506    11.989     0.060         7
     6.664    11.963     0.060         7
     6.825    11.950     0.060         7
     6.987    11.928     0.060         7
     7.148    11.898     0.060         7
     7.309    11.887     0.060         7
     7.468    11.863     0.060         7
     7.629    11.840     0.060         7
     7.791    11.808     0.060         7
     7.952    11.789     0.060         7
     8.116    11.759     0.060         7
     8.278    11.750     0.060         7
     8.442    11.728     0.060         7
     8.603    11.702     0.060         7
     8.778    11.669     0.060         7
     8.940    11.651     0.060         7
     9.104    11.625     0.060         7
     9.268    11.612     0.060         7
     9.430    11.598     0.060         7
     9.591    11.567     0.060         7
     9.753    11.565     0.060         7
     9.914    11.531     0.060         7
    10.075    11.508     0.060         7
    10.237    11.490     0.060         7
    10.387    11.458     0.060         7
    10.549    11.457     0.060         7
    10.716    11.417     0.060         7
    10.880    11.385     0.060         7
    11.045    11.385     0.060         7
    11.209    11.353     0.060         7
    11.381    11.339     0.060         7
    11.545    11.330     0.060         7
    11.707    11.299     0.060         7
    11.882    11.290     0.060         7
    12.043    11.264     0.060         7
    12.208    11.243     0.060         7
    12.380    11.218     0.060         7
    12.544    11.201     0.060         7
    12.705    11.171     0.060         7
    12.867    11.162     0.060         7
    13.028    11.132     0.060         7
    13.186    11.125     0.060         7
    13.348    11.099     0.060         7
    13.506    11.076     0.060         7
    13.657    11.068     0.060         7
    13.818    11.049     0.060         7
    13.979    11.025     0.060         7
    14.144    10.997     0.060         7
    14.305    10.968     0.060         7
    14.459    10.957     0.060         7
    14.620    10.950     0.060         7
    14.785    10.916     0.060         7
    14.946    10.905     0.060         7
    15.110    10.877     0.060         7
    15.272    10.853     0.060         7
    15.436    10.825     0.060         7
    15.600    10.808     0.060         7
    15.751    10.780     0.060         7
    15.923    10.769     0.060         7
    16.087    10.744     0.060         7
    16.249    10.716     0.060         7
    16.413    10.691     0.060         7
    16.574    10.667     0.060         7
    16.739    10.657     0.060         7
    16.911    10.622     0.060         7
    17.075    10.624     0.060         7
    17.237    10.582     0.060         7
    17.398    10.573     0.060         7
    17.559    10.548     0.060         7
    17.710    10.547     0.060         7
    17.871    10.502     0.060         7
    52.907     4.560     0.060         9
    53.068     4.514     0.060         9
    53.219     4.478     0.060         9
    53.370     4.433     0.060         9
    53.520     4.388     0.060         9
    53.671     4.347     0.060         9
    53.822     4.306     0.060         9
    53.975     4.248     0.060         9
    54.126     4.190     0.060         9
    54.277     4.136     0.060         9
    54.430     4.086     0.060         9
    54.581     4.057     0.060         9
    54.735     3.998     0.060         9
    54.885     3.937     0.060         9
    55.036     3.885     0.060         9
    55.187     3.845     0.060         9
    55.340     3.788     0.060         9
    55.502     3.725     0.060         9
    55.652     3.667     0.060         9
    55.806     3.636     0.060         9
    55.957     3.558     0.060         9
    10.549    12.116     0.060        14
    10.716    12.081     0.060        14
    10.880    12.046     0.060        14
    11.045    12.011     0.060        14
    11.209    11.988     0.060        14
    11.381    11.969     0.060        14
    11.545    11.950     0.060        14
    11.707    11.919     0.060        14
    11.882    11.904     0.060        14
    12.043    11.877     0.060        14
    12.208    11.836     0.060        14
    12.380    11.804     0.060        14
    12.544    11.791     0.060        14
    12.705    11.771     0.060        14
    12.867    11.742     0.060        14
    13.028    11.733     0.060        14
    13.186    11.697     0.060        14
    13.348    11.664     0.060        14
    13.506    11.636     0.060        14
    13.657    11.619     0.060        14
    13.818    11.586     0.060        14
    13.979    11.572     0.060        14
    14.144    11.538     0.060        14
    14.305    11.512     0.060        14
    14.459    11.473     0.060        14
    14.620    11.459     0.060        14
    14.785    11.445     0.060        14
    14.946    11.415     0.060        14
    15.110    11.397     0.060        14
    15.272    11.363     0.060        14
    15.436    11.344     0.060        14
    15.600    11.319     0.060        14
    15.751    11.294     0.060        14
    15.923    11.273     0.060        14
    16.087    11.251     0.060        14
    16.249    11.226     0.060        14
    16.413    11.209     0.060        14
    16.574    11.176     0.060        14
    16.739    11.151     0.060        14
    16.911    11.129     0.060        14
    17.075    11.096     0.060        14
    17.237    11.071     0.060        14
    17.398    11.054     0.060        14
    17.559    11.029     0.060        14
    17.710    11.003     0.060        14
    17.871    10.982     0.060        14
    18.033    10.957     0.060        14
    18.183    10.935     0.060        14
    18.342    10.910     0.060        14
    18.503    10.885     0.060        14
    18.657    10.861     0.060        14
    18.818    10.840     0.060        14
    18.979    10.816     0.060        14
    19.130    10.795     0.060        14
    19.291    10.779     0.060        14
    19.442    10.750     0.060        14
    19.603    10.734     0.060        14
    19.754    10.713     0.060        14
    19.915    10.685     0.060        14
    20.066    10.668     0.060        14
    20.217    10.647     0.060        14
    20.378    10.619     0.060        14
    20.532    10.602     0.060        14
    20.693    10.578     0.060        14
    20.844    10.553     0.060        14
    21.008    10.525     0.060        14
    21.159    10.512     0.060        14
    21.320    10.476     0.060        14
    21.474    10.466     0.060        14
    21.635    10.444     0.060        14
    21.786    10.413     0.060        14
    21.947    10.387     0.060        14
    22.101    10.369     0.060        14
    22.252    10.343     0.060        14
    22.402    10.325     0.060        14
    22.567    10.290     0.060        14
    22.717    10.272     0.060        14
    22.879    10.246     0.060        14
    23.032    10.224     0.060        14
    23.194    10.202     0.060        14
    23.344    10.168     0.060        14
    23.506    10.145     0.060        14
    23.657    10.123     0.060        14
    23.821    10.097     0.060        14
    23.982    10.067     0.060        14
    24.130    10.045     0.060        14
    24.291    10.015     0.060        14
    24.442     9.988     0.060        14
    24.600     9.974     0.060        14
    24.762     9.940     0.060        14
    24.923     9.918     0.060        14
    25.074     9.892     0.060        14
    25.232     9.874     0.060        14
    25.393     9.848     0.060        14
    25.544     9.825     0.060        14
    25.705     9.801     0.060        14
    25.856     9.773     0.060        14
    26.017     9.753     0.060        14
    26.168     9.725     0.060        14
    26.329     9.705     0.060        14
    26.480     9.677     0.060        14
    26.641     9.649     0.060        14
    26.795     9.621     0.060        14
    26.956     9.589     0.060        14
    27.118     9.565     0.060        14
    27.268     9.537     0.060        14
    27.433     9.509     0.060        14
    27.594     9.481     0.060        14
    27.745     9.457     0.060        14
    27.906     9.429     0.060        14
    28.068     9.400     0.060        14
    28.218     9.383     0.060        14
    28.380     9.358     0.060        14
    28.544     9.328     0.060        14
    28.695     9.311     0.060        14
    28.859     9.290     0.060        14
    29.020     9.261     0.060        14
    29.185     9.232     0.060        14
    29.335     9.214     0.060        14
    29.497     9.189     0.060        14
    29.661     9.164     0.060        14
    29.822     9.147     0.060        14
    29.973     9.121     0.060        14
    30.131     9.092     0.060        14
    30.285     9.075     0.060        14
    30.446     9.045     0.060        14
    30.611     9.020     0.060        14
    30.761     9.007     0.060        14
    30.923     8.978     0.060        14
    31.076     8.956     0.060        14
    31.238     8.927     0.060        14
    31.388     8.910     0.060        14
    31.553     8.885     0.060        14
    31.714     8.859     0.060        14
    31.879     8.831     0.060        14
    32.032     8.807     0.060        14
    32.197     8.779     0.060        14
    32.358     8.751     0.060        14
    32.522     8.719     0.060        14
    32.684     8.699     0.060        14
    32.845     8.663     0.060        14
    33.006     8.635     0.060        14
    33.157     8.619     0.060        14
    33.318     8.587     0.060        14
    33.483     8.563     0.060        14
    33.644     8.539     0.060        14
    33.808     8.503     0.060        14
    33.970     8.479     0.060        14
    34.131     8.447     0.060        14
    34.292     8.423     0.060        14
    34.457     8.395     0.060        14
    34.618     8.371     0.060        14
    34.782     8.351     0.060        14
    34.944     8.323     0.060        14
    35.108     8.295     0.060        14
    35.280     8.263     0.060        14
    35.444     8.235     0.060        14
    35.606     8.215     0.060        14
    35.767     8.191     0.060        14
    35.931     8.159     0.060        14
    36.093     8.135     0.060        14
    36.254     8.103     0.060        14
    36.415     8.079     0.060        14
    36.584     8.047     0.060        14
    36.746     8.031     0.060        14
    36.907     7.999     0.060        14
    37.058     7.971     0.060        14
    37.222     7.947     0.060        14
    37.383     7.923     0.060        14
    37.545     7.895     0.060        14
    37.706     7.867     0.060        14
    37.871     7.835     0.060        14
    38.032     7.811     0.060        14
    38.193     7.779     0.060        14
    38.358     7.761     0.060        14
    38.519     7.722     0.060        14
    38.680     7.692     0.060        14
    38.845     7.669     0.060        14
    39.006     7.634     0.060        14
    39.170     7.600     0.060        14
    39.332     7.573     0.060        14
    39.493     7.539     0.060        14
    39.657     7.512     0.060        14
    39.819     7.473     0.060        14
    39.983     7.439     0.060        14
    40.144     7.408     0.060        14
    40.306     7.386     0.060        14
    40.470     7.347     0.060        14
    40.631     7.328     0.060        14
    40.793     7.306     0.060        14
    40.968     7.279     0.060        14
    41.129     7.244     0.060        14
    41.287     7.218     0.060        14
    41.449     7.193     0.060        14
    41.599     7.160     0.060        14
    41.761     7.135     0.060        14
    41.922     7.106     0.060        14
    42.083     7.085     0.060        14
    42.245     7.061     0.060        14
    42.420     7.024     0.060        14
    42.570     6.987     0.060        14
    42.732     6.974     0.060        14
    42.882     6.941     0.060        14
    43.030     6.912     0.060        14
    43.191     6.887     0.060        14
    43.339     6.855     0.060        14
    43.500     6.822     0.060        14
    43.651     6.805     0.060        14
    43.812     6.776     0.060        14
    43.974     6.743     0.060        14
    44.127     6.722     0.060        14
    44.289     6.697     0.060        14
    44.450     6.667     0.060        14
    44.601     6.641     0.060        14
    44.762     6.614     0.060        14
    44.913     6.592     0.060        14
    45.066     6.566     0.060        14
    45.228     6.535     0.060        14
    45.392     6.509     0.060        14
    45.543     6.479     0.060        14
    45.707     6.456     0.060        14
    45.858     6.430     0.060        14
    46.019     6.395     0.060        14
    46.173     6.373     0.060        14
    46.334     6.335     0.060        14
    46.485     6.300     0.060        14
    46.649     6.273     0.060        14
    46.800     6.241     0.060        14
    46.964     6.202     0.060        14
    47.115     6.182     0.060        14
    47.279     6.163     0.060        14
    47.430     6.148     0.060        14
    47.591     6.118     0.060        14
    47.752     6.109     0.060        14
    47.903     6.093     0.060        14
    48.054     6.077     0.060        14
    48.218     6.058     0.060        14
    48.372     6.039     0.060        14
    48.533     6.023     0.060        14
    48.684     6.003     0.060        14
    48.848     5.984     0.060        14
    48.999     5.969     0.060        14
    49.160     5.949     0.060        14
    49.321     5.934     0.060        14
    49.472     5.914     0.060        14
    49.633     5.903     0.060        14
    49.795     5.880     0.060        14
    49.945     5.868     0.060        14
    50.099     5.852     0.060        14
    50.260     5.849     0.060        14
    50.414     5.849     0.060        14
    50.575     5.846     0.060        14
    50.740     5.831     0.060        14
    50.887     5.811     0.060        14
     7.791    19.260     0.060        24
     7.952    19.204     0.060        24
     8.116    19.170     0.060        24
     8.278    19.130     0.060        24
     8.442    19.090     0.060        24
     8.603    19.045     0.060        24
     8.778    18.995     0.060        24
     8.940    18.938     0.060        24
     9.104    18.888     0.060        24
     9.268    18.863     0.060        24
     9.430    18.819     0.060        24
     9.591    18.779     0.060        24
     9.753    18.763     0.060        24
     9.914    18.701     0.060        24
    10.075    18.657     0.060        24
    10.237    18.609     0.060        24
    10.387    18.569     0.060        24
    10.549    18.524     0.060        24
    10.716    18.478     0.060        24
    10.880    18.456     0.060        24
    11.045    18.417     0.060        24
    11.209    18.372     0.060        24
    11.381    18.321     0.060        24
    11.545    18.274     0.060        24
    11.707    18.235     0.060        24
    11.882    18.203     0.060        24
    12.043    18.167     0.060        24
    12.208    18.134     0.060        24
    12.380    18.084     0.060        24
    12.544    18.047     0.060        24
    12.705    18.011     0.060        24
    12.867    17.974     0.060        24
    13.028    17.942     0.060        24
    13.186    17.920     0.060        24
    13.348    17.857     0.060        24
    13.506    17.805     0.060        24
    13.657    17.775     0.060        24
    13.818    17.735     0.060        24
    13.979    17.700     0.060        24
    14.144    17.652     0.060        24
    14.305    17.625     0.060        24
    14.459    17.559     0.060        24
    14.620    17.504     0.060        24
    14.785    17.485     0.060        24
    14.946    17.438     0.060        24
    15.110    17.407     0.060        24
    15.272    17.368     0.060        24
    15.436    17.330     0.060        24
    15.600    17.288     0.060        24
    15.751    17.231     0.060        24
    15.923    17.199     0.060        24
    16.087    17.158     0.060        24
    16.249    17.097     0.060        24
    16.413    17.046     0.060        24
    16.574    17.016     0.060        24
    16.739    16.965     0.060        24
    16.911    16.898     0.060        24
    17.075    16.864     0.060        24
    17.237    16.823     0.060        24
    17.398    16.790     0.060        24
    17.559    16.756     0.060        24
    17.710    16.714     0.060        24
    17.871    16.680     0.060        24
    18.033    16.640     0.060        24
    18.183    16.590     0.060        24
    18.342    16.551     0.060        24
    18.503    16.515     0.060        24
    18.657    16.474     0.060        24
    18.818    16.454     0.060        24
    18.979    16.369     0.060        24
    19.130    16.334     0.060        24
    19.291    16.286     0.060        24
    19.442    16.252     0.060        24
    19.603    16.212     0.060        24
    19.754    16.182     0.060        24
    19.915    16.155     0.060        24
    20.066    16.112     0.060        24
    20.217    16.074     0.060        24
    20.378    16.026     0.060        24
    20.532    15.983     0.060        24
    20.693    15.920     0.060        24
    20.844    15.877     0.060        24
    21.008    15.829     0.060        24
    21.159    15.783     0.060        24
    21.320    15.745     0.060        24
    21.474    15.703     0.060        24
    21.635    15.669     0.060        24
    21.786    15.639     0.060        24
    21.947    15.601     0.060        24
    22.101    15.560     0.060        24
    22.252    15.492     0.060        24
    22.402    15.467     0.060        24
    22.567    15.430     0.060        24
    22.717    15.381     0.060        24
    22.879    15.325     0.060        24
    23.032    15.279     0.060        24
    23.194    15.245     0.060        24
    23.344    15.199     0.060        24
    23.506    15.165     0.060        24
    23.657    15.118     0.060        24
    23.821    15.068     0.060        24
    23.982    15.034     0.060        24
    24.130    14.976     0.060        24
    24.291    14.933     0.060        24
    24.442    14.895     0.060        24
    24.600    14.847     0.060        24
    24.762    14.810     0.060        24
    24.923    14.781     0.060        24
    25.074    14.729     0.060        24
    25.232    14.684     0.060        24
    25.393    14.651     0.060        24
    25.544    14.607     0.060        24
    25.705    14.567     0.060        24
    25.856    14.515     0.060        24
    26.017    14.462     0.060        24
    26.168    14.431     0.060        24
    26.329    14.383     0.060        24
    26.480    14.352     0.060        24
    26.641    14.324     0.060        24
    26.795    14.277     0.060        24
    26.956    14.235     0.060        24
    27.118    14.197     0.060        24
    27.268    14.161     0.060        24
    27.433    14.107     0.060        24
    27.594    14.055     0.060        24
    27.745    13.999     0.060        24
    27.906    13.958     0.060        24
    28.068    13.916     0.060        24
    28.218    13.872     0.060        24
    28.380    13.844     0.060        24
    28.544    13.811     0.060        24
    28.695    13.771     0.060        24
    28.859    13.726     0.060        24
    29.020    13.694     0.060        24
    29.185    13.629     0.060        24
    29.335    13.601     0.060        24
    29.497    13.569     0.060        24
    29.661    13.534     0.060        24
    29.822    13.500     0.060        24
    29.973    13.470     0.060        24
    30.131    13.440     0.060        24
    30.285    13.416     0.060        24
    30.446    13.323     0.060        24
    30.611    13.310     0.060        24
    30.761    13.276     0.060        24
    30.923    13.208     0.060        24
    31.076    13.177     0.060        24
    31.238    13.144     0.060        24
    31.388    13.100     0.060        24
    31.553    13.060     0.060        24
    31.714    13.019     0.060        24
    31.879    12.966     0.060        24
    32.032    12.899     0.060        24
    32.197    12.880     0.060        24
    32.358    12.853     0.060        24
    32.522    12.814     0.060        24
    32.684    12.779     0.060        24
    32.845    12.740     0.060        24
    33.006    12.705     0.060        24
    33.157    12.606     0.060        24
    33.318    12.579     0.060        24
    33.483    12.530     0.060        24
    33.644    12.498     0.060        24
    33.808    12.462     0.060        24
    33.970    12.396     0.060        24
    34.131    12.355     0.060        24
    34.292    12.313     0.060        24
    34.457    12.274     0.060        24
    34.618    12.254     0.060        24
    34.782    12.173     0.060        24
    34.944    12.141     0.060        24
    35.108    12.097     0.060        24
    35.280    12.044     0.060        24
    35.444    11.995     0.060        24
    35.606    11.950     0.060        24
    35.767    11.874     0.060        24
    35.931    11.837     0.060        24
    36.093    11.799     0.060        24
    36.254    11.761     0.060        24
    36.415    11.715     0.060        24
    36.584    11.684     0.060        24
    36.746    11.642     0.060        24
    36.907    11.587     0.060        24
    37.058    11.550     0.060        24
    37.222    11.501     0.060        24
    37.383    11.465     0.060        24
    37.545    11.420     0.060        24
    37.706    11.359     0.060        24
    37.871    11.298     0.060        24
    38.032    11.258     0.060        24
    38.193    11.239     0.060        24
    38.358    11.115     0.060        24
    38.519    11.096     0.060        24
    38.680    11.057     0.060        24
    38.845    11.001     0.060        24
    39.006    10.941     0.060        24
    39.170    10.889     0.060        24
    39.332    10.838     0.060        24
    39.493    10.786     0.060        24
    39.657    10.738     0.060        24
    39.819    10.699     0.060        24
    39.983    10.659     0.060        24
    40.144    10.615     0.060        24
    40.306    10.568     0.060        24
    40.470    10.520     0.060        24
    40.631    10.468     0.060        24
    40.793    10.417     0.060        24
    40.968    10.367     0.060        24
    41.129    10.328     0.060        24
    41.287    10.277     0.060        24
    41.449    10.226     0.060        24
    41.599    10.184     0.060        24
    41.761    10.145     0.060        24
    41.922    10.099     0.060        24
    42.083    10.048     0.060        24
    42.245     9.997     0.060        24
    42.420     9.957     0.060        24
    42.570     9.912     0.060        24
    42.732     9.886     0.060        24
    42.882     9.861     0.060        24
    43.030     9.816     0.060        24
    43.191     9.763     0.060        24
    43.339     9.717     0.060        24
    43.500     9.674     0.060        24
    43.651     9.626     0.060        24
    43.812     9.589     0.060        24
    43.974     9.538     0.060        24
    44.127     9.508     0.060        24
    44.289     9.471     0.060        24
    44.450     9.430     0.060        24
    44.601     9.378     0.060        24
    44.762     9.317     0.060        24
    44.913     9.269     0.060        24
    45.066     9.234     0.060        24
    45.228     9.195     0.060        24
    45.392     9.156     0.060        24
    45.543     9.120     0.060        24
    45.707     9.071     0.060        24
    45.858     9.026     0.060        24
    46.019     8.983     0.060        24
    46.173     8.933     0.060        24
    46.334     8.892     0.060        24
    46.485     8.856     0.060        24
    60.860     1.000     0.000         0
    61.027     1.684     0.060         1
    61.175     1.707     0.060         1
    61.316     1.738     0.060         1
    61.468     1.768     0.060         1
    61.619     1.799     0.060         1
    61.772     1.837     0.060         1
    61.923     1.875     0.060         1
    62.077     1.922     0.060         1
    62.227     1.963     0.060         1
    62.381     2.017     0.060         1
    62.532     2.070     0.060         1
    62.685     2.131     0.060         1
    62.839     2.193     0.060         1
    62.990     2.258     0.060         1
    63.143     2.319     0.060         1
    63.287     2.386     0.060         1
    63.440     2.459     0.060         1
    63.591     2.527     0.060         1
    63.734     2.605     0.060         1
    63.888     2.678     0.060         1
    64.042     2.755     0.060         1
    64.182     2.829     0.060         1
    64.336     2.895     0.060         1
    64.487     2.959     0.060         1
    61.027     2.328     0.060         2
    61.175     2.338     0.060         2
    61.316     2.357     0.060         2
    61.468     2.380     0.060         2
    61.619     2.406     0.060         2
    61.772     2.433     0.060         2
    61.923     2.453     0.060         2
    62.077     2.474     0.060         2
    62.227     2.509     0.060         2
    62.381     2.537     0.060         2
    62.532     2.576     0.060         2
    62.685     2.614     0.060         2
    62.839     2.656     0.060         2
    62.990     2.682     0.060         2
    63.143     2.716     0.060         2
    63.287     2.769     0.060         2
    71.261     5.452     0.060         5
    71.422     5.485     0.060         5
    71.573     5.515     0.060         5
    71.731     5.548     0.060         5
    71.892     5.579     0.060         5
    72.043     5.613     0.060         5
    72.207     5.641     0.060         5
    72.358     5.665     0.060         5
    72.512     5.689     0.060         5
    72.673     5.717     0.060         5
    72.827     5.745     0.060         5
    72.988     5.769     0.060         5
    73.139     5.797     0.060         5
    73.300     5.830     0.060         5
    73.451     5.855     0.060         5
    73.615     5.888     0.060         5
    73.768     5.918     0.060         5
    73.930     5.957     0.060         5
    74.091     5.987     0.060         5
    74.242     6.022     0.060         5
    74.392     6.048     0.060         5
    74.543     6.079     0.060         5
    74.694     6.110     0.060         5
    74.844     6.133     0.060         5
    74.992     6.159     0.060         5
    75.143     6.186     0.060         5
    75.293     6.217     0.060         5
    75.441     6.248     0.060         5
    75.602     6.271     0.060         5
    75.753     6.298     0.060         5
    75.907     6.324     0.060         5
    76.057     6.347     0.060         5
    76.222     6.370     0.060         5
    76.372     6.397     0.060         5
    76.526     6.420     0.060         5
    76.676     6.443     0.060         5
    76.830     6.466     0.060         5
    76.991     6.490     0.060         5
    77.142     6.518     0.060         5
    77.296     6.542     0.060         5
    77.457     6.570     0.060         5
    77.608     6.598     0.060         5
    77.761     6.625     0.060         5
    77.912     6.653     0.060         5
    78.073     6.680     0.060         5
    78.224     6.703     0.060         5
    78.375     6.722     0.060         5
    78.536     6.745     0.060         5
    78.697     6.763     0.060         5
    78.848     6.786     0.060         5
    79.009     6.801     0.060         5
    79.157     6.824     0.060         5
    79.318     6.838     0.060         5
    79.469     6.865     0.060         5
    79.620     6.883     0.060         5
    79.770     6.902     0.060         5
    79.931     6.940     0.060         5
    80.082     6.950     0.060         5
    80.233     6.985     0.060         5
    80.394     7.001     0.060         5
    80.542     7.017     0.060         5
    80.703     7.069     0.060         5
    80.854     7.081     0.060         5
    81.015     7.105     0.060         5
    81.166     7.141     0.060         5
    81.316     7.165     0.060         5
    81.478     7.193     0.060         5
    81.628     7.217     0.060         5
    81.790     7.245     0.060         5
    81.940     7.266     0.060         5
    82.102     7.286     0.060         5
    82.260     7.318     0.060         5
    82.411     7.347     0.060         5
    82.561     7.371     0.060         5
    82.723     7.396     0.060         5
    82.884     7.420     0.060         5
    83.045     7.456     0.060         5
    83.196     7.485     0.060         5
    83.354     7.501     0.060         5
    83.508     7.529     0.060         5
    83.669     7.553     0.060         5
    83.820     7.577     0.060         5
    83.984     7.609     0.060         5
    84.135     7.637     0.060         5
    84.285     7.665     0.060         5
    84.450     7.685     0.060         5
    84.611     7.713     0.060         5
    84.762     7.741     0.060         5
    84.923     7.773     0.060         5
    85.074     7.797     0.060         5
    85.238     7.816     0.060         5
    85.399     7.840     0.060         5
    85.550     7.868     0.060         5
    85.714     7.883     0.060         5
    85.865     7.911     0.060         5
    86.026     7.942     0.060         5
    86.177     7.966     0.060         5
    86.341     7.986     0.060         5
    86.492     8.021     0.060         5
    86.656     8.069     0.060         5
    86.807     8.081     0.060         5
    86.968     8.113     0.060         5
    87.132     8.129     0.060         5
    87.283     8.153     0.060         5
    87.444     8.185     0.060         5
    87.595     8.201     0.060         5
    87.756     8.241     0.060         5
    87.921     8.281     0.060         5
    88.071     8.289     0.060         5
    88.232     8.301     0.060         5
    88.386     8.337     0.060         5
    88.537     8.369     0.060         5
    88.698     8.397     0.060         5
    88.852     8.413     0.060         5
    89.013     8.433     0.060         5
    89.164     8.466     0.060         5
    89.317     8.490     0.060         5
    89.479     8.510     0.060         5
    89.632     8.530     0.060         5
    89.794     8.554     0.060         5
    89.944     8.579     0.060         5
    90.098     8.599     0.060         5
    90.259     8.619     0.060         5
    90.410     8.640     0.060         5
    90.563     8.661     0.060         5
    90.725     8.686     0.060         5
    90.878     8.703     0.060         5
    91.029     8.729     0.060         5
    91.193     8.742     0.060         5
    91.355     8.759     0.060         5
    91.508     8.776     0.060         5
    91.659     8.797     0.060         5
    91.820     8.815     0.060         5
    91.974     8.826     0.060         5
    92.135     8.850     0.060         5
    92.289     8.873     0.060         5
    92.450     8.885     0.060         5
    92.604     8.905     0.060         5
    92.765     8.924     0.060         5
    92.916     8.917     0.060         5
    93.077     8.945     0.060         5
    93.238     8.964     0.060         5
    93.400     8.972     0.060         5
    93.550     9.013     0.060         5
    93.715     9.022     0.060         5
    93.876     9.047     0.060         5
    94.037     9.068     0.060         5
    94.188     9.078     0.060         5
    94.352     9.091     0.060         5
    94.513     9.095     0.060         5
    94.664     9.135     0.060         5
    94.825     9.141     0.060         5
    94.979     9.183     0.060         5
    95.140     9.187     0.060         5
    95.302     9.227     0.060         5
    95.452     9.243     0.060         5
    95.617     9.255     0.060         5
    95.778     9.271     0.060         5
    95.939     9.287     0.060         5
    96.090     9.303     0.060         5
    96.251     9.323     0.060         5
    96.415     9.331     0.060         5
    96.566     9.347     0.060         5
    96.727     9.355     0.060         5
    96.881     9.372     0.060         5
    97.042     9.389     0.060         5
    97.204     9.403     0.060         5
    97.354     9.419     0.060         5
    97.516     9.433     0.060         5
    97.677     9.449     0.060         5
    97.827     9.451     0.060         5
    97.989     9.463     0.060         5
    98.147     9.464     0.060         5
    98.298     9.459     0.060         5
    98.459     9.487     0.060         5
    98.607     9.492     0.060         5
    98.768     9.527     0.060         5
    98.919     9.543     0.060         5
    99.069     9.571     0.060         5
    99.228     9.586     0.060         5
    99.378     9.598     0.060         5
    99.540     9.626     0.060         5
    99.690     9.596     0.060         5
    99.841     9.649     0.060         5
   100.002     9.611     0.060         5
   100.153     9.665     0.060         5
   100.314     9.634     0.060         5
   100.465     9.672     0.060         5
   100.615     9.702     0.060         5
   100.777     9.719     0.060         5
   100.927     9.738     0.060         5
   101.081     9.739     0.060         5
   101.232     9.761     0.060         5
   101.385     9.763     0.060         5
   101.536     9.781     0.060         5
   101.689     9.786     0.060         5
   101.843     9.800     0.060         5
   101.994     9.813     0.060         5
   102.147     9.887     0.060         5
   102.298     9.888     0.060         5
   102.462     9.908     0.060         5
   102.613     9.919     0.060         5
   102.764     9.943     0.060         5
   102.917     9.938     0.060         5
   103.068     9.971     0.060         5
   103.218     9.998     0.060         5
   103.372    10.031     0.060         5
   103.523    10.029     0.060         5
   103.684    10.048     0.060         5
   103.838    10.075     0.060         5
   103.988    10.106     0.060         5
   104.153    10.121     0.060         5
   104.314    10.144     0.060         5
   104.467    10.159     0.060         5
   104.629    10.166     0.060         5
   104.793    10.205     0.060         5
   104.947    10.237     0.060         5
   105.108    10.250     0.060         5
   105.259    10.286     0.060         5
   105.423    10.302     0.060         5
   105.574    10.310     0.060         5
   105.727    10.339     0.060         5
   105.892    10.386     0.060         5
   106.042    10.383     0.060         5
   106.203    10.411     0.060         5
   106.368    10.439     0.060         5
   106.518    10.447     0.060         5
   106.680    10.476     0.060         5
   106.830    10.505     0.060         5
   106.992    10.534     0.060         5
   107.145    10.543     0.060         5
   107.296    10.575     0.060         5
   107.457    10.586     0.060         5
   107.608    10.626     0.060         5
   107.769    10.629     0.060         5
   107.923    10.658     0.060         5
   108.084    10.659     0.060         5
   108.235    10.696     0.060         5
   108.396    10.725     0.060         5
   108.544    10.754     0.060         5
   108.694    10.787     0.060         5
   108.856    10.805     0.060         5
   109.006    10.830     0.060         5
   109.167    10.851     0.060         5
   109.315    10.877     0.060         5
   109.479    10.898     0.060         5
   109.641    10.919     0.060         5
   109.791    10.949     0.060         5
   109.953    10.978     0.060         5
   110.103    10.999     0.060         5
   110.265    11.028     0.060         5
   110.418    11.056     0.060         5
   110.579    11.077     0.060         5
   110.730    11.102     0.060         5
   110.881    11.114     0.060         5
   111.042    11.135     0.060         5
   111.193    11.155     0.060         5
   111.354    11.176     0.060         5
   111.505    11.180     0.060         5
   111.666    11.193     0.060         5
   111.817    11.229     0.060         5
   111.978    11.231     0.060         5
   112.128    11.260     0.060         5
   112.290    11.282     0.060         5
   112.440    11.315     0.060         5
   112.588    11.352     0.060         5
   112.749    11.354     0.060         5
   112.900    11.391     0.060         5
   113.051    11.424     0.060         5
   113.201    11.448     0.060         5
   113.352    11.472     0.060         5
   113.510    11.463     0.060         5
   113.671    11.504     0.060         5
   113.833    11.553     0.060         5
   113.997    11.598     0.060         5
   114.148    11.619     0.060         5
   114.309    11.644     0.060         5
   114.470    11.673     0.060         5
   114.635    11.690     0.060         5
   114.796    11.719     0.060         5
   114.957    11.759     0.060         5
   115.118    11.786     0.060         5
   115.280    11.818     0.060         5
   115.441    11.845     0.060         5
   115.602    11.861     0.060         5
   115.764    11.888     0.060         5
   115.925    11.916     0.060         5
   116.086    11.935     0.060         5
   116.244    11.958     0.060         5
   116.395    11.986     0.060         5
   116.556    12.009     0.060         5
   116.715    12.041     0.060         5
   116.876    12.081     0.060         5
   117.027    12.097     0.060         5
   117.188    12.129     0.060         5
   117.346    12.145     0.060         5
   117.497    12.165     0.060         5
   117.658    12.193     0.060         5
   117.809    12.233     0.060         5
   117.970    12.245     0.060         5
   118.131    12.285     0.060         5
   118.293    12.297     0.060         5
   118.443    12.332     0.060         5
   118.605    12.355     0.060         5
   118.766    12.386     0.060         5
   118.930    12.417     0.060         5
   119.081    12.444     0.060         5
   119.242    12.455     0.060         5
   119.406    12.502     0.060         5
   119.568    12.501     0.060         5
   119.729    12.536     0.060         5
   119.890    12.554     0.060         5
   120.052    12.577     0.060         5
   120.213    12.603     0.060         5
   120.374    12.601     0.060         5
   120.535    12.648     0.060         5
   120.697    12.680     0.060         5
   120.858    12.686     0.060         5
   121.022    12.723     0.060         5
   121.184    12.766     0.060         5
   121.345    12.775     0.060         5
   121.509    12.798     0.060         5
   121.671    12.803     0.060         5
   121.832    12.833     0.060         5
   121.985    12.863     0.060         5
   122.147    12.887     0.060         5
   122.311    12.923     0.060         5
   122.472    12.947     0.060         5
   122.634    12.983     0.060         5
   122.798    13.008     0.060         5
   122.959    13.053     0.060         5
   123.110    13.082     0.060         5
   123.271    13.095     0.060         5
   123.422    13.119     0.060         5
   123.583    13.139     0.060         5
   123.734    13.171     0.060         5
   123.895    13.209     0.060         5
   124.046    13.226     0.060         5
   124.207    13.255     0.060         5
   124.368    13.280     0.060         5
   124.522    13.307     0.060         5
   124.686    13.330     0.060         5
   124.837    13.351     0.060         5
   125.162    13.397     0.060         5
   125.635    13.460     0.060         5
   125.947    13.502     0.060         5
   126.410    13.572     0.060         5
   126.722    13.620     0.060         5
   127.343    13.707     0.060         5
   127.805    13.769     0.060         5
   128.281    13.841     0.060         5
   128.607    13.886     0.060         5
   128.922    13.920     0.060         5
   129.412    13.987     0.060         5
   129.888    14.049     0.060         5
   130.213    14.086     0.060         5
   130.528    14.136     0.060         5
   130.854    14.186     0.060         5
   131.491    14.280     0.060         5
   131.970    14.358     0.060         5
   132.296    14.414     0.060         5
   132.457    14.438     0.060         5
   132.783    14.487     0.060         5
   133.101    14.537     0.060         5
   133.752    14.641     0.060         5
   134.077    14.689     0.060         5
   134.564    14.765     0.060         5
   135.366    14.901     0.060         5
   135.530    14.929     0.060         5
   136.157    15.033     0.060         5
   136.472    15.085     0.060         5
   136.948    15.167     0.060         5
   137.263    15.221     0.060         5
   137.739    15.303     0.060         5
   138.215    15.383     0.060         5
   138.366    15.411     0.060         5
   138.527    15.439     0.060         5
   139.329    15.607     0.060         5
   139.805    15.699     0.060         5
   140.453    15.789     0.060         5
   141.252    15.910     0.060         5
   142.064    16.031     0.060         5
   142.866    16.131     0.060         5
   143.987    16.324     0.060         5
   144.947    16.465     0.060         5
   146.405    16.712     0.060         5
   147.354    16.895     0.060         5
   148.317    17.036     0.060         5
   148.793    17.096     0.060         5
   225.239    28.781     0.060         5
   226.124    28.973     0.060         5
   226.715    29.082     0.060         5
   227.296    29.204     0.060         5
   227.877    29.327     0.060         5
   228.888    29.512     0.060         5
   229.459    29.600     0.060         5
   230.300    29.757     0.060         5
   230.717    29.843     0.060         5
   231.561    30.013     0.060         5
   231.988    30.081     0.060         5
   232.408    30.160     0.060         5
   232.986    30.249     0.060         5
   234.112    30.437     0.060         5
   235.099    30.592     0.060         5
   236.100    30.743     0.060         5
   237.692    30.989     0.060         5
   238.886    31.154     0.060         5
   239.658    31.273     0.060         5
   240.594    31.403     0.060         5
   241.354    31.487     0.060         5
   242.414    31.619     0.060         5
   243.282    31.728     0.060         5
   244.931    31.907     0.060         5
   246.269    32.070     0.060         5
   247.671    32.246     0.060         5
   249.236    32.437     0.060         5
   250.164    32.537     0.060         5
   251.410    32.679     0.060         5
   252.363    32.788     0.060         5
   253.009    32.837     0.060         5
   254.097    32.936     0.060         5
   255.811    33.099     0.060         5
   257.208    33.239     0.060         5
   113.997    13.034     0.060         8
   114.470    13.100     0.060         8
   114.796    13.158     0.060         8
   115.280    13.213     0.060         8
   115.602    13.252     0.060         8
   115.925    13.297     0.060         8
   116.244    13.329     0.060         8
   116.556    13.369     0.060         8
   116.876    13.415     0.060         8
   117.497    13.494     0.060         8
   117.809    13.529     0.060         8
   118.293    13.593     0.060         8
   118.766    13.657     0.060         8
   119.081    13.692     0.060         8
   119.406    13.737     0.060         8
   119.890    13.808     0.060         8
   120.213    13.849     0.060         8
   120.535    13.898     0.060         8
   121.184    13.991     0.060         8
   121.509    14.034     0.060         8
   121.832    14.082     0.060         8
   122.147    14.134     0.060         8
   122.472    14.171     0.060         8
   122.798    14.230     0.060         8
   123.110    14.279     0.060         8
   123.583    14.360     0.060         8
   123.734    14.386     0.060         8
   124.368    14.472     0.060         8
   124.686    14.512     0.060         8
   125.313    14.588     0.060         8
   125.786    14.636     0.060         8
   125.947    14.655     0.060         8
   126.410    14.700     0.060         8
   126.872    14.760     0.060         8
   127.493    14.823     0.060         8
   127.805    14.867     0.060         8
   128.281    14.935     0.060         8
   128.771    14.975     0.060         8
   129.086    15.030     0.060         8
   129.576    15.092     0.060         8
   129.737    15.105     0.060         8
   130.378    15.179     0.060         8
   130.528    15.212     0.060         8
   131.169    15.292     0.060         8
   131.491    15.339     0.060         8
   132.132    15.431     0.060         8
   132.457    15.483     0.060         8
   132.947    15.546     0.060         8
   133.426    15.618     0.060         8
   133.752    15.674     0.060         8
   134.077    15.717     0.060         8
   134.400    15.766     0.060         8
   134.890    15.822     0.060         8
   135.205    15.877     0.060         8
   135.842    15.958     0.060         8
   136.472    16.060     0.060         8
   136.948    16.110     0.060         8
   137.263    16.184     0.060         8
   137.739    16.256     0.060         8
   138.051    16.296     0.060         8
   138.527    16.360     0.060         8
   139.003    16.428     0.060         8
   139.329    16.478     0.060         8
   139.805    16.549     0.060         8
   140.128    16.598     0.060         8
   140.453    16.645     0.060         8
   140.776    16.702     0.060         8
   141.091    16.733     0.060         8
   141.416    16.803     0.060         8
   141.739    16.851     0.060         8
   142.226    16.915     0.060         8
   142.702    16.975     0.060         8
   142.866    17.003     0.060         8
   143.178    17.043     0.060         8
   143.503    17.083     0.060         8
   143.826    17.123     0.060         8
   143.987    17.143     0.060         8
   144.474    17.203     0.060         8
   144.786    17.247     0.060         8
   145.273    17.303     0.060         8
   145.595    17.339     0.060         8
   145.757    17.367     0.060         8
   146.082    17.411     0.060         8
   146.405    17.451     0.060         8
   146.717    17.500     0.060         8
   147.042    17.540     0.060         8
    65.708     3.686     0.060         9
    65.858     3.741     0.060         9
    66.009     3.793     0.060         9
    66.167     3.842     0.060         9
    66.315     3.875     0.060         9
    66.473     3.926     0.060         9
    66.621     3.976     0.060         9
    66.782     4.019     0.060         9
    66.930     4.069     0.060         9
    67.077     4.112     0.060         9
    67.228     4.159     0.060         9
    67.382     4.203     0.060         9
    67.532     4.242     0.060         9
    67.694     4.295     0.060         9
    67.844     4.339     0.060         9
    67.995     4.382     0.060         9
    68.149     4.426     0.060         9
    68.310     4.471     0.060         9
    68.460     4.527     0.060         9
    68.619     4.582     0.060         9
    68.770     4.630     0.060         9
    68.920     4.680     0.060         9
    69.081     4.734     0.060         9
    69.232     4.784     0.060         9
    69.393     4.836     0.060         9
    69.544     4.887     0.060         9
    69.698     4.933     0.060         9
    69.859     4.977     0.060         9
    70.007     5.043     0.060         9
    70.171     5.108     0.060         9
    70.322     5.156     0.060         9
   124.837    15.543     0.060        12
   125.786    15.625     0.060        12
   126.722    15.750     0.060        12
   127.343    15.811     0.060        12
   128.120    15.908     0.060        12
   128.922    16.012     0.060        12
   130.213    16.175     0.060        12
   131.330    16.306     0.060        12
   132.296    16.445     0.060        12
   133.262    16.588     0.060        12
   133.913    16.675     0.060        12
   134.564    16.783     0.060        12
   135.681    16.956     0.060        12
   136.633    17.116     0.060        12
   137.739    17.300     0.060        12
   138.527    17.432     0.060        12
   139.003    17.512     0.060        12
   140.292    17.724     0.060        12
   141.252    17.853     0.060        12
   142.064    17.946     0.060        12
   246.129    31.986     0.060        13
   247.671    32.140     0.060        13
   249.548    32.307     0.060        13
   251.257    32.443     0.060        13
   253.009    32.595     0.060        13
   262.625    33.152     0.060        13
   263.907    33.272     0.060        13
   265.552    33.467     0.060        13
   267.511    33.684     0.060        13
   268.638    33.758     0.060        13
   270.712    33.891     0.060        13
   271.998    33.958     0.060        13
   273.294    34.022     0.060        13
   274.422    34.035     0.060        13
   275.737    34.119     0.060        13
   276.887    34.177     0.060        13
   277.841    34.243     0.060        13
   278.811    34.297     0.060        13
   280.099    34.383     0.060        13
   280.739    34.424     0.060        13
   281.858    34.484     0.060        13
   283.127    34.584     0.060        13
   284.565    34.690     0.060        13
   285.205    34.717     0.060        13
    81.316     8.015     0.060        14
    81.790     8.095     0.060        14
    82.411     8.199     0.060        14
    83.045     8.295     0.060        14
    83.508     8.363     0.060        14
    83.820     8.423     0.060        14
    84.285     8.503     0.060        14
    84.450     8.531     0.060        14
    85.074     8.618     0.060        14
    85.550     8.703     0.060        14
    86.026     8.783     0.060        14
    86.492     8.846     0.060        14
    87.132     8.950     0.060        14
    87.595     9.022     0.060        14
    87.921     9.082     0.060        14
    88.537     9.186     0.060        14
    89.164     9.282     0.060        14
    89.632     9.362     0.060        14
    89.944     9.389     0.060        14
    90.410     9.457     0.060        14
    90.725     9.476     0.060        14
    91.029     9.511     0.060        14
    91.508     9.575     0.060        14
    91.974     9.626     0.060        14
    92.450     9.673     0.060        14
    93.077     9.744     0.060        14
    93.550     9.799     0.060        14
    94.188     9.870     0.060        14
    94.979     9.969     0.060        14
    95.617    10.044     0.060        14
    96.090    10.100     0.060        14
    96.415    10.152     0.060        14
    96.727    10.195     0.060        14
    97.354    10.250     0.060        14
    97.677    10.306     0.060        14
    97.989    10.333     0.060        14
    98.459    10.376     0.060        14
    98.768    10.420     0.060        14
    99.228    10.479     0.060        14
    99.540    10.498     0.060        14
   100.002    10.581     0.060        14
   100.153    10.588     0.060        14
   100.314    10.602     0.060        14
   100.465    10.653     0.060        14
   100.615    10.654     0.060        14
   100.777    10.695     0.060        14
   100.927    10.693     0.060        14
   101.385    10.683     0.060        14
   101.843    10.718     0.060        14
   101.994    10.713     0.060        14
   102.462    10.739     0.060        14
   102.917    10.782     0.060        14
   103.218    10.818     0.060        14
   103.684    10.885     0.060        14
   104.314    10.965     0.060        14
   104.947    11.073     0.060        14
   105.259    11.108     0.060        14
   105.727    11.184     0.060        14
   106.203    11.239     0.060        14
   106.680    11.344     0.060        14
   107.296    11.432     0.060        14
   107.769    11.499     0.060        14
   108.396    11.587     0.060        14
   108.856    11.659     0.060        14
   109.315    11.726     0.060        14
   109.953    11.830     0.060        14
   110.418    11.886     0.060        14
   110.579    11.918     0.060        14
   111.042    11.973     0.060        14
   111.505    12.033     0.060        14
   111.817    12.109     0.060        14
   111.978    12.121     0.060        14
   112.290    12.156     0.060        14
   112.588    12.196     0.060        14
   113.051    12.280     0.060        14
   113.510    12.356     0.060        14
   113.997    12.440     0.060        14
   114.470    12.516     0.060        14
   114.796    12.581     0.060        14
   115.280    12.652     0.060        14
   115.602    12.708     0.060        14
   116.086    12.797     0.060        14
   116.715    12.876     0.060        14
   117.027    12.953     0.060        14
   117.809    13.085     0.060        14
   118.293    13.165     0.060        14
   118.443    13.189     0.060        14
   118.930    13.269     0.060        14
   119.242    13.321     0.060        14
   119.729    13.405     0.060        14
   120.213    13.485     0.060        14
   120.374    13.509     0.060        14
   120.858    13.593     0.060        14
   121.184    13.628     0.060        14
   121.832    13.736     0.060        14
   122.147    13.805     0.060        14
   122.634    13.872     0.060        14
   123.110    13.948     0.060        14
   123.583    14.036     0.060        14
   124.207    14.140     0.060        14
   124.686    14.220     0.060        14
   125.313    14.316     0.060        14
   125.635    14.372     0.060        14
   126.098    14.440     0.060        14
   126.249    14.464     0.060        14
   126.722    14.527     0.060        14
   127.343    14.623     0.060        14
   127.655    14.667     0.060        14
   131.169    15.201     0.060        14
   131.656    15.277     0.060        14
   131.970    15.337     0.060        14
   132.622    15.437     0.060        14
   132.783    15.473     0.060        14
   132.947    15.497     0.060        14
   133.588    15.597     0.060        14
   133.913    15.661     0.060        14
   134.725    15.785     0.060        14
   135.366    15.893     0.060        14
   135.842    15.957     0.060        14
    81.940    11.538     0.060        24
    82.561    11.699     0.060        24
    83.669    12.029     0.060        24
    84.285    12.206     0.060        24
    85.238    12.443     0.060        24
    86.026    12.652     0.060        24
    86.341    12.781     0.060        24
    87.283    13.013     0.060        24
    87.756    13.148     0.060        24
    88.537    13.353     0.060        24
    89.944    13.723     0.060        24
    90.878    13.955     0.060        24
    91.659    14.142     0.060        24
    91.974    14.193     0.060        24
    92.765    14.401     0.060        24
    93.400    14.538     0.060        24
    93.550    14.606     0.060        24
    94.188    14.714     0.060        24
    94.979    14.934     0.060        24
    95.617    15.071     0.060        24
    95.939    15.193     0.060        24
    96.090    15.228     0.060        24
    96.727    15.380     0.060        24
    97.204    15.515     0.060        24
    97.827    15.658     0.060        24
    98.298    15.804     0.060        24
    98.919    15.941     0.060        24
   106.680    17.942     0.060        24
   106.992    18.021     0.060        24
   107.296    18.094     0.060        24
   107.608    18.162     0.060        24
   107.923    18.235     0.060        24
   108.084    18.271     0.060        24
   108.235    18.320     0.060        24
   108.544    18.385     0.060        24
   108.694    18.445     0.060        24
   109.006    18.514     0.060        24
   109.167    18.556     0.060        24
   109.479    18.627     0.060        24
   109.641    18.668     0.060        24
   109.791    18.695     0.060        24
   109.953    18.744     0.060        24
   110.103    18.789     0.060        24
   110.265    18.839     0.060        24
   110.579    18.898     0.060        24
   110.881    18.983     0.060        24
   111.193    19.055     0.060        24
   111.354    19.092     0.060        24
   111.666    19.185     0.060        24
   111.978    19.254     0.060        24
   112.290    19.339     0.060        24
   112.588    19.432     0.060        24
   112.900    19.517     0.060        24
   113.352    19.609     0.060        24
   113.833    19.728     0.060        24
   115.441    20.134     0.060        24
   116.086    20.302     0.060        24
   116.556    20.429     0.060        24
   117.027    20.567     0.060        24
   117.497    20.690     0.060        24
   117.970    20.810     0.060        24
   118.605    20.986     0.060        24
   119.081    21.080     0.060        24
   119.406    21.178     0.060        24
   119.729    21.258     0.060        24
   120.052    21.343     0.060        24
   120.213    21.392     0.060        24
   120.374    21.449     0.060        24
   120.697    21.538     0.060        24
   120.858    21.607     0.060        24
   121.184    21.700     0.060        24
   121.345    21.731     0.060        24
   121.509    21.781     0.060        24
   121.671    21.834     0.060        24
   121.985    21.911     0.060        24
   122.311    22.000     0.060        24
   122.634    22.069     0.060        24
   122.798    22.129     0.060        24
   123.271    22.218     0.060        24
   123.583    22.291     0.060        24
   123.734    22.322     0.060        24
   124.046    22.387     0.060        24
   124.207    22.423     0.060        24
   124.522    22.504     0.060        24
   124.837    22.579     0.060        24
   125.474    22.705     0.060        24
   125.786    22.774     0.060        24
   125.947    22.818     0.060        24
   126.249    22.889     0.060        24
   126.560    22.974     0.060        24
   126.872    23.040     0.060        24
   127.031    23.081     0.060        24
   127.343    23.152     0.060        24
   127.655    23.214     0.060        24
   127.969    23.316     0.060        24
   128.281    23.355     0.060        24
   128.607    23.439     0.060        24
   129.250    23.566     0.060        24
   129.737    23.689     0.060        24
   130.052    23.772     0.060        24
   130.854    23.965     0.060        24
   131.169    24.071     0.060        24
   131.656    24.185     0.060        24
   131.970    24.322     0.060        24
   132.783    24.538     0.060        24
   133.426    24.688     0.060        24
   134.400    24.977     0.060        24
   135.043    25.149     0.060        24
   135.530    25.269     0.060        24
   136.157    25.434     0.060        24
   136.787    25.594     0.060        24
   137.424    25.741     0.060        24
   138.051    25.935     0.060        24
   138.853    26.168     0.060        24
   139.654    26.377     0.060        24
   140.128    26.468     0.060        24
   140.776    26.673     0.060        24
   141.252    26.810     0.060        24
   141.900    26.979     0.060        24
   107.145    20.725     0.060        28
   107.923    20.880     0.060        28
   108.396    20.991     0.060        28
   108.856    21.054     0.060        28
   109.167    21.103     0.060        28
   109.641    21.212     0.060        28
   110.418    21.380     0.060        28
   110.881    21.474     0.060        28
   111.354    21.586     0.060        28
   111.817    21.698     0.060        28
   112.440    21.858     0.060        28
   112.900    21.978     0.060        28
   115.764    22.701     0.060        28
   116.395    22.861     0.060        28
   117.188    23.049     0.060        28
   117.809    23.236     0.060        28
   118.131    23.324     0.060        28
   119.242    23.616     0.060        28
   119.890    23.773     0.060        28
   120.374    23.911     0.060        28
   120.858    24.039     0.060        28
   121.345    24.166     0.060        28
   121.985    24.334     0.060        28
   122.634    24.490     0.060        28
   123.110    24.595     0.060        28
   123.583    24.711     0.060        28
   124.046    24.819     0.060        28
   124.522    24.931     0.060        28
   125.474    25.129     0.060        28
   125.947    25.249     0.060        28
   126.410    25.350     0.060        28
   127.031    25.482     0.060        28
   127.655    25.608     0.060        28
   127.805    25.651     0.060        28
   128.607    25.821     0.060        28
   129.412    26.013     0.060        28
     0.000     0.000     0.000        -1
