   318.781    -1.000     0.000         0
   316.090     1.969     0.060         1
   316.241     1.845     0.060         1
   316.405     1.727     0.060         1
   316.555     1.641     0.060         1
   316.717     1.551     0.060         1
   316.878     1.476     0.060         1
   317.039     1.378     0.060         1
   317.200     1.313     0.060         1
   317.351     1.258     0.060         1
   317.512     1.190     0.060         1
   317.673     1.130     0.060         1
   317.834     1.079     0.060         1
   317.996     1.031     0.060         1
   318.159     0.998     0.060         1
   318.321     0.982     0.060         1
   318.482     0.966     0.060         1
   318.632     0.956     0.060         1
   318.765     0.943     0.060         1
   317.673     1.830     0.060         3
   317.834     1.795     0.060         3
   317.996     1.761     0.060         3
   318.159     1.763     0.060         3
   318.321     1.750     0.060         3
   318.482     1.736     0.060         3
   318.632     1.712     0.060         3
   318.765     1.713     0.060         3
   232.698    17.129     0.060         5
   232.846    17.111     0.060         5
   232.986    17.083     0.060         5
   233.126    17.080     0.060         5
   233.266    17.043     0.060         5
   233.416    17.021     0.060         5
   233.553    16.997     0.060         5
   233.693    16.984     0.060         5
   233.833    16.951     0.060         5
   233.973    16.929     0.060         5
   234.113    16.909     0.060         5
   234.253    16.887     0.060         5
   234.389    16.872     0.060         5
   234.529    16.835     0.060         5
   234.669    16.816     0.060         5
   234.809    16.787     0.060         5
   234.949    16.769     0.060         5
   235.100    16.748     0.060         5
   235.239    16.704     0.060         5
   235.379    16.688     0.060         5
   235.530    16.682     0.060         5
   235.670    16.664     0.060         5
   235.810    16.648     0.060         5
   235.950    16.616     0.060         5
   236.100    16.592     0.060         5
   236.240    16.578     0.060         5
   236.383    16.552     0.060         5
   236.523    16.520     0.060         5
   236.673    16.492     0.060         5
   236.813    16.465     0.060         5
   236.964    16.446     0.060         5
   237.101    16.411     0.060         5
   237.251    16.387     0.060         5
   237.391    16.389     0.060         5
   237.542    16.333     0.060         5
   237.692    16.355     0.060         5
   237.832    16.318     0.060         5
   237.983    16.296     0.060         5
   238.123    16.275     0.060         5
   238.273    16.253     0.060         5
   238.424    16.228     0.060         5
   238.574    16.206     0.060         5
   238.725    16.185     0.060         5
   238.886    16.159     0.060         5
   239.040    16.138     0.060         5
   239.190    16.104     0.060         5
   239.344    16.066     0.060         5
   239.505    16.026     0.060         5
   239.658    16.002     0.060         5
   239.820    15.973     0.060         5
   239.970    15.949     0.060         5
   240.134    15.961     0.060         5
   240.296    15.940     0.060         5
   240.443    15.878     0.060         5
   240.594    15.854     0.060         5
   240.744    15.850     0.060         5
   241.056    15.798     0.060         5
   241.207    15.766     0.060         5
   241.354    15.752     0.060         5
   241.508    15.749     0.060         5
   241.669    15.705     0.060         5
   241.820    15.701     0.060         5
   241.970    15.663     0.060         5
   242.121    15.635     0.060         5
   242.274    15.612     0.060         5
   242.414    15.592     0.060         5
   242.554    15.567     0.060         5
   242.704    15.545     0.060         5
   242.844    15.520     0.060         5
   242.995    15.504     0.060         5
   243.132    15.479     0.060         5
   243.282    15.452     0.060         5
   243.419    15.421     0.060         5
   243.570    15.397     0.060         5
   243.717    15.371     0.060         5
   243.857    15.340     0.060         5
   244.016    15.309     0.060         5
   244.314    15.249     0.060         5
   244.622    15.189     0.060         5
   244.770    15.166     0.060         5
   245.079    15.111     0.060         5
   245.240    15.123     0.060         5
   245.388    15.095     0.060         5
   245.538    15.073     0.060         5
   245.689    15.054     0.060         5
   245.826    15.043     0.060         5
   245.976    15.013     0.060         5
   246.130    14.994     0.060         5
   246.270    14.951     0.060         5
   246.584    14.872     0.060         5
   246.735    14.850     0.060         5
   246.888    14.820     0.060         5
   247.053    14.791     0.060         5
   247.203    14.778     0.060         5
   247.367    14.741     0.060         5
   247.521    14.710     0.060         5
   247.671    14.678     0.060         5
   247.836    14.648     0.060         5
   247.986    14.631     0.060         5
   248.147    14.597     0.060         5
   248.298    14.558     0.060         5
   248.459    14.539     0.060         5
   248.610    14.509     0.060         5
   248.771    14.469     0.060         5
   248.921    14.440     0.060         5
   249.086    14.398     0.060         5
   249.236    14.387     0.060         5
   249.397    14.332     0.060         5
   249.548    14.303     0.060         5
   249.709    14.270     0.060         5
   249.860    14.243     0.060         5
   250.013    14.216     0.060         5
   250.164    14.183     0.060         5
   250.317    14.155     0.060         5
   250.471    14.123     0.060         5
   250.632    14.102     0.060         5
   250.786    14.060     0.060         5
   250.939    14.036     0.060         5
   251.103    14.001     0.060         5
   251.257    13.961     0.060         5
   251.410    13.936     0.060         5
   251.575    13.904     0.060         5
   251.728    13.871     0.060         5
   251.882    13.835     0.060         5
   252.046    13.824     0.060         5
   252.199    13.783     0.060         5
   252.363    13.740     0.060         5
   252.528    13.702     0.060         5
   252.681    13.678     0.060         5
   252.845    13.634     0.060         5
   253.010    13.608     0.060         5
   253.174    13.578     0.060         5
   253.327    13.554     0.060         5
   253.481    13.526     0.060         5
   253.634    13.486     0.060         5
   253.795    13.458     0.060         5
   253.946    13.419     0.060         5
   254.097    13.376     0.060         5
   254.258    13.338     0.060         5
   254.416    13.320     0.060         5
   254.567    13.271     0.060         5
   254.728    13.253     0.060         5
   254.878    13.208     0.060         5
   255.037    13.195     0.060         5
   255.187    13.153     0.060         5
   255.348    13.124     0.060         5
   255.499    13.094     0.060         5
   255.660    13.063     0.060         5
   255.811    13.036     0.060         5
   255.972    13.000     0.060         5
   256.122    12.973     0.060         5
   256.273    12.934     0.060         5
   256.434    12.915     0.060         5
   256.585    12.868     0.060         5
   256.735    12.837     0.060         5
   256.896    12.813     0.060         5
   257.047    12.762     0.060         5
   257.208    12.735     0.060         5
   257.369    12.703     0.060         5
   257.520    12.660     0.060         5
   257.681    12.625     0.060         5
   257.842    12.593     0.060         5
   258.007    12.573     0.060         5
   258.168    12.525     0.060         5
   258.329    12.493     0.060         5
   258.480    12.454     0.060         5
   258.641    12.426     0.060         5
   258.802    12.386     0.060         5
   258.966    12.354     0.060         5
   259.117    12.318     0.060         5
   259.278    12.282     0.060         5
   259.439    12.250     0.060         5
   259.593    12.230     0.060         5
   259.754    12.193     0.060         5
   259.915    12.157     0.060         5
   260.069    12.142     0.060         5
   260.230    12.107     0.060         5
   260.391    12.069     0.060         5
   260.552    12.043     0.060         5
   260.703    12.015     0.060         5
   260.864    11.985     0.060         5
   261.014    11.949     0.060         5
   261.179    11.940     0.060         5
   261.340    11.903     0.060         5
   261.490    11.900     0.060         5
   261.652    11.862     0.060         5
   261.813    11.842     0.060         5
   261.977    11.817     0.060         5
   262.138    11.788     0.060         5
   262.299    11.753     0.060         5
   262.461    11.719     0.060         5
   262.625    11.697     0.060         5
   262.786    11.668     0.060         5
   262.947    11.647     0.060         5
   263.111    11.633     0.060         5
   263.273    11.600     0.060         5
   263.434    11.581     0.060         5
   263.584    11.548     0.060         5
   263.746    11.526     0.060         5
   263.907    11.507     0.060         5
   264.082    11.484     0.060         5
   264.243    11.454     0.060         5
   264.401    11.423     0.060         5
   264.562    11.404     0.060         5
   264.734    11.374     0.060         5
   264.892    11.356     0.060         5
   265.053    11.318     0.060         5
   265.222    11.292     0.060         5
   265.384    11.262     0.060         5
   265.552    11.247     0.060         5
   265.714    11.226     0.060         5
   265.882    11.180     0.060         5
   266.044    11.130     0.060         5
   266.205    11.100     0.060         5
   266.377    11.082     0.060         5
   266.538    11.048     0.060         5
   266.699    11.034     0.060         5
   266.863    10.996     0.060         5
   267.024    10.967     0.060         5
   267.186    10.946     0.060         5
   267.347    10.905     0.060         5
   267.511    10.872     0.060         5
   267.672    10.836     0.060         5
   267.833    10.811     0.060         5
   267.995    10.762     0.060         5
   268.159    10.745     0.060         5
   268.320    10.701     0.060         5
   268.474    10.664     0.060         5
   268.638    10.629     0.060         5
   268.802    10.606     0.060         5
   268.955    10.547     0.060         5
   269.120    10.502     0.060         5
   269.276    10.490     0.060         5
   269.430    10.449     0.060         5
   269.597    10.427     0.060         5
   269.750    10.406     0.060         5
   269.918    10.354     0.060         5
   270.074    10.315     0.060         5
   270.238    10.287     0.060         5
   270.395    10.250     0.060         5
   270.559    10.220     0.060         5
   270.712    10.175     0.060         5
   270.877    10.136     0.060         5
   271.041    10.109     0.060         5
   271.205    10.071     0.060         5
   271.355    10.031     0.060         5
   271.520    10.006     0.060         5
   271.684     9.965     0.060         5
   271.837     9.925     0.060         5
   271.999     9.912     0.060         5
   272.163     9.872     0.060         5
   272.324     9.845     0.060         5
   272.488     9.815     0.060         5
   272.649     9.784     0.060         5
   272.810     9.742     0.060         5
   272.972     9.708     0.060         5
   273.133     9.663     0.060         5
   273.294     9.639     0.060         5
   273.455     9.598     0.060         5
   273.616     9.557     0.060         5
   273.778     9.516     0.060         5
   273.939     9.467     0.060         5
   274.100     9.444     0.060         5
   274.261     9.409     0.060         5
   274.422     9.369     0.060         5
   274.587     9.322     0.060         5
   274.748     9.273     0.060         5
   274.912     9.250     0.060         5
   275.073     9.221     0.060         5
   275.237     9.183     0.060         5
   275.412     9.135     0.060         5
   275.573     9.131     0.060         5
   275.738     9.084     0.060         5
   275.902     9.066     0.060         5
   276.063     9.036     0.060         5
   276.227     9.030     0.060         5
   276.399     8.990     0.060         5
   276.557     8.956     0.060         5
   276.729     8.933     0.060         5
   276.887     8.899     0.060         5
   277.048     8.861     0.060         5
   277.207     8.838     0.060         5
   277.368     8.812     0.060         5
   277.529     8.785     0.060         5
   277.680     8.755     0.060         5
   277.841     8.718     0.060         5
   278.002     8.685     0.060         5
   278.163     8.643     0.060         5
   278.324     8.618     0.060         5
   278.489     8.573     0.060         5
   278.650     8.532     0.060         5
   278.811     8.498     0.060         5
   278.975     8.465     0.060         5
   279.126     8.440     0.060         5
   279.287     8.419     0.060         5
   279.448     8.386     0.060         5
   279.612     8.352     0.060         5
   279.773     8.319     0.060         5
   279.935     8.294     0.060         5
   280.099     8.265     0.060         5
   280.263     8.235     0.060         5
   280.413     8.202     0.060         5
   280.578     8.173     0.060         5
   280.739     8.144     0.060         5
   280.892     8.109     0.060         5
   281.057     8.077     0.060         5
   281.218     8.046     0.060         5
   281.382     8.011     0.060         5
   281.543     7.979     0.060         5
   281.697     7.970     0.060         5
   281.858     7.921     0.060         5
   282.022     7.894     0.060         5
   282.172     7.853     0.060         5
   282.334     7.819     0.060         5
   282.498     7.800     0.060         5
   282.648     7.780     0.060         5
   282.813     7.745     0.060         5
   282.974     7.706     0.060         5
   283.127     7.679     0.060         5
   283.288     7.659     0.060         5
   283.453     7.632     0.060         5
   283.603     7.621     0.060         5
   283.764     7.593     0.060         5
   283.928     7.566     0.060         5
   284.090     7.519     0.060         5
   284.240     7.493     0.060         5
   284.404     7.467     0.060         5
   284.566     7.440     0.060         5
   284.730     7.398     0.060         5
   284.891     7.360     0.060         5
   285.044     7.342     0.060         5
   285.206     7.296     0.060         5
   285.370     7.257     0.060         5
   285.531     7.231     0.060         5
   285.684     7.201     0.060         5
   285.849     7.151     0.060         5
   286.013     7.120     0.060         5
   286.174     7.078     0.060         5
   286.327     7.040     0.060         5
   286.489     7.034     0.060         5
   286.653     6.992     0.060         5
   286.814     6.970     0.060         5
   286.978     6.932     0.060         5
   287.139     6.892     0.060         5
   287.303     6.864     0.060         5
   287.465     6.832     0.060         5
   287.626     6.804     0.060         5
   287.790     6.784     0.060         5
   287.940     6.748     0.060         5
   288.102     6.732     0.060         5
   288.263     6.688     0.060         5
   288.421     6.648     0.060         5
   288.582     6.641     0.060         5
   288.744     6.612     0.060         5
   288.905     6.576     0.060         5
   289.066     6.560     0.060         5
   289.227     6.556     0.060         5
   289.388     6.516     0.060         5
   289.557     6.496     0.060         5
   289.718     6.472     0.060         5
   289.880     6.452     0.060         5
   290.041     6.435     0.060         5
   290.202     6.411     0.060         5
   290.366     6.395     0.060         5
   290.527     6.383     0.060         5
   290.688     6.351     0.060         5
   290.850     6.323     0.060         5
   291.021     6.287     0.060         5
   291.183     6.271     0.060         5
   291.344     6.247     0.060         5
   291.505     6.231     0.060         5
   291.669     6.215     0.060         5
   291.830     6.179     0.060         5
   291.995     6.150     0.060         5
   292.145     6.140     0.060         5
   292.309     6.127     0.060         5
   292.470     6.106     0.060         5
   292.624     6.086     0.060         5
   292.785     6.070     0.060         5
   292.949     6.026     0.060         5
   293.100     5.998     0.060         5
   293.253     5.982     0.060         5
   293.414     5.971     0.060         5
   293.568     5.948     0.060         5
   293.718     5.930     0.060         5
   293.883     5.926     0.060         5
   294.033     5.912     0.060         5
   294.184     5.902     0.060         5
   294.348     5.890     0.060         5
   294.498     5.865     0.060         5
   294.649     5.841     0.060         5
   294.813     5.829     0.060         5
   294.964     5.813     0.060         5
   295.114     5.805     0.060         5
   295.278     5.777     0.060         5
   295.429     5.741     0.060         5
   295.579     5.734     0.060         5
   295.733     5.715     0.060         5
   295.883     5.708     0.060         5
   296.044     5.694     0.060         5
   296.195     5.667     0.060         5
   296.348     5.640     0.060         5
   296.499     5.625     0.060         5
   296.663     5.595     0.060         5
   296.814     5.569     0.060         5
   296.964     5.547     0.060         5
   297.118     5.529     0.060         5
   297.279     5.503     0.060         5
   297.432     5.477     0.060         5
   297.583     5.473     0.060         5
   297.736     5.449     0.060         5
   297.890     5.429     0.060         5
   298.040     5.409     0.060         5
   298.194     5.383     0.060         5
   298.358     5.359     0.060         5
   298.501     5.356     0.060         5
   298.654     5.347     0.060         5
   298.808     5.333     0.060         5
   298.961     5.315     0.060         5
   299.114     5.298     0.060         5
   299.268     5.272     0.060         5
   299.421     5.250     0.060         5
   299.575     5.226     0.060         5
   299.728     5.202     0.060         5
   299.874     5.170     0.060         5
   300.024     5.150     0.060         5
   300.178     5.126     0.060         5
   300.331     5.098     0.060         5
   300.481     5.074     0.060         5
   300.632     5.049     0.060         5
   300.783     5.028     0.060         5
   300.933     5.002     0.060         5
   301.084     4.985     0.060         5
   301.231     4.961     0.060         5
   301.382     4.946     0.060         5
   301.543     4.935     0.060         5
   301.701     4.940     0.060         5
   301.862     4.929     0.060         5
   302.021     4.915     0.060         5
   302.171     4.902     0.060         5
   302.333     4.873     0.060         5
   302.494     4.847     0.060         5
   302.655     4.823     0.060         5
   302.816     4.802     0.060         5
   302.967     4.783     0.060         5
   303.128     4.750     0.060         5
   303.286     4.726     0.060         5
   303.437     4.687     0.060         5
   303.598     4.668     0.060         5
   303.748     4.645     0.060         5
   303.910     4.630     0.060         5
   304.060     4.611     0.060         5
   304.221     4.588     0.060         5
   304.372     4.557     0.060         5
   304.533     4.534     0.060         5
   304.684     4.511     0.060         5
   304.845     4.488     0.060         5
   304.998     4.448     0.060         5
   305.159     4.406     0.060         5
   305.321     4.387     0.060         5
   305.471     4.372     0.060         5
   305.632     4.361     0.060         5
   305.783     4.338     0.060         5
   305.944     4.273     0.060         5
   306.095     4.237     0.060         5
   306.259     4.225     0.060         5
   306.420     4.164     0.060         5
   306.570     4.129     0.060         5
   306.732     4.089     0.060         5
   306.885     4.060     0.060         5
   307.046     4.013     0.060         5
   307.197     3.980     0.060         5
   307.350     3.946     0.060         5
   307.511     3.909     0.060         5
   307.662     3.877     0.060         5
   307.815     3.847     0.060         5
   307.976     3.813     0.060         5
   308.130     3.784     0.060         5
   308.291     3.750     0.060         5
   308.444     3.709     0.060         5
   308.598     3.687     0.060         5
   308.759     3.667     0.060         5
   308.912     3.639     0.060         5
   309.074     3.607     0.060         5
   309.224     3.583     0.060         5
   309.385     3.555     0.060         5
   309.536     3.527     0.060         5
   309.697     3.499     0.060         5
   309.848     3.479     0.060         5
   310.009     3.466     0.060         5
   310.159     3.432     0.060         5
   310.320     3.396     0.060         5
   310.482     3.363     0.060         5
   310.632     3.327     0.060         5
   310.793     3.286     0.060         5
   310.944     3.258     0.060         5
   311.105     3.225     0.060         5
   311.256     3.182     0.060         5
   311.417     3.133     0.060         5
   311.567     3.101     0.060         5
   311.731     3.068     0.060         5
   311.882     3.024     0.060         5
   312.043     2.995     0.060         5
   312.204     2.974     0.060         5
   312.355     2.949     0.060         5
   221.641    18.476     0.060         8
   221.788    18.491     0.060         8
   221.928    18.494     0.060         8
   222.068    18.489     0.060         8
   222.205    18.475     0.060         8
   222.345    18.488     0.060         8
   222.496    18.519     0.060         8
   222.635    18.507     0.060         8
   222.775    18.536     0.060         8
   222.926    18.491     0.060         8
   223.066    18.509     0.060         8
   223.206    18.524     0.060         8
   223.356    18.512     0.060         8
   223.496    18.515     0.060         8
   223.647    18.503     0.060         8
   223.787    18.493     0.060         8
   223.937    18.478     0.060         8
   224.077    18.465     0.060         8
   224.228    18.461     0.060         8
   224.368    18.449     0.060         8
   224.518    18.443     0.060         8
   224.658    18.439     0.060         8
   224.809    18.423     0.060         8
   224.948    18.414     0.060         8
   225.099    18.395     0.060         8
   225.239    18.392     0.060         8
   225.390    18.377     0.060         8
   225.529    18.366     0.060         8
   225.680    18.323     0.060         8
   225.831    18.320     0.060         8
   225.973    18.283     0.060         8
   226.124    18.261     0.060         8
   226.275    18.256     0.060         8
   226.414    18.239     0.060         8
   226.565    18.229     0.060         8
   226.716    18.207     0.060         8
   226.855    18.193     0.060         8
   227.006    18.184     0.060         8
   227.146    18.146     0.060         8
   227.296    18.122     0.060         8
   227.436    18.110     0.060         8
   227.587    18.090     0.060         8
   227.738    18.075     0.060         8
   227.877    18.050     0.060         8
   228.028    18.023     0.060         8
   228.168    18.008     0.060         8
   228.318    17.993     0.060         8
   228.461    17.977     0.060         8
   228.609    17.962     0.060         8
   228.749    17.951     0.060         8
   228.889    17.927     0.060         8
   229.029    17.900     0.060         8
   229.179    17.884     0.060         8
   229.319    17.868     0.060         8
   229.459    17.846     0.060         8
   229.596    17.832     0.060         8
   229.746    17.812     0.060         8
   229.883    17.799     0.060         8
   230.023    17.775     0.060         8
   230.160    17.763     0.060         8
   230.300    17.735     0.060         8
   230.440    17.715     0.060         8
   230.577    17.699     0.060         8
   230.717    17.685     0.060         8
   230.857    17.662     0.060         8
   230.994    17.645     0.060         8
   231.133    17.624     0.060         8
   231.284    17.604     0.060         8
   231.424    17.583     0.060         8
   231.561    17.562     0.060         8
   231.701    17.539     0.060         8
   231.851    17.516     0.060         8
   231.988    17.505     0.060         8
   232.128    17.489     0.060         8
   232.268    17.473     0.060         8
   232.408    17.445     0.060         8
   232.558    17.414     0.060         8
   232.698    17.404     0.060         8
   232.846    17.377     0.060         8
   232.986    17.355     0.060         8
   233.126    17.333     0.060         8
   233.266    17.317     0.060         8
   233.416    17.297     0.060         8
   233.553    17.269     0.060         8
   233.693    17.241     0.060         8
   233.833    17.222     0.060         8
   233.973    17.195     0.060         8
   234.113    17.172     0.060         8
   234.253    17.157     0.060         8
   234.389    17.138     0.060         8
   234.529    17.115     0.060         8
   234.669    17.084     0.060         8
   234.809    17.062     0.060         8
   234.949    17.040     0.060         8
   235.100    17.015     0.060         8
   235.239    17.001     0.060         8
   235.379    16.976     0.060         8
   235.530    16.974     0.060         8
   235.670    16.959     0.060         8
   235.810    16.936     0.060         8
   235.950    16.911     0.060         8
   236.100    16.890     0.060         8
   236.240    16.869     0.060         8
   236.383    16.842     0.060         8
   236.523    16.816     0.060         8
   236.673    16.793     0.060         8
   236.813    16.759     0.060         8
   236.964    16.732     0.060         8
   237.101    16.691     0.060         8
   237.251    16.681     0.060         8
   237.391    16.660     0.060         8
   237.542    16.645     0.060         8
   237.692    16.619     0.060         8
   237.832    16.588     0.060         8
   237.983    16.563     0.060         8
   238.123    16.542     0.060         8
   238.273    16.524     0.060         8
   238.424    16.499     0.060         8
   238.574    16.488     0.060         8
   238.725    16.465     0.060         8
   238.886    16.435     0.060         8
   239.040    16.415     0.060         8
   239.190    16.394     0.060         8
   239.344    16.370     0.060         8
   239.505    16.350     0.060         8
   239.658    16.334     0.060         8
   239.820    16.298     0.060         8
   239.970    16.282     0.060         8
   240.134    16.264     0.060         8
   240.296    16.241     0.060         8
   240.443    16.224     0.060         8
   240.594    16.198     0.060         8
   240.744    16.173     0.060         8
   240.895    16.149     0.060         8
   241.056    16.129     0.060         8
   241.207    16.106     0.060         8
   241.354    16.087     0.060         8
   241.508    16.068     0.060         8
   241.669    16.052     0.060         8
   241.820    16.024     0.060         8
   241.970    16.004     0.060         8
   242.121    15.987     0.060         8
   242.274    15.977     0.060         8
   242.414    15.951     0.060         8
   242.554    15.945     0.060         8
   242.704    15.923     0.060         8
   242.844    15.907     0.060         8
   242.995    15.881     0.060         8
   243.132    15.867     0.060         8
   243.282    15.850     0.060         8
   243.419    15.838     0.060         8
   243.570    15.810     0.060         8
   243.717    15.790     0.060         8
   243.857    15.769     0.060         8
   244.016    15.749     0.060         8
   244.163    15.731     0.060         8
   244.314    15.709     0.060         8
   244.461    15.691     0.060         8
   244.622    15.665     0.060         8
   244.770    15.638     0.060         8
   244.931    15.612     0.060         8
   245.079    15.593     0.060         8
   245.240    15.569     0.060         8
   245.388    15.549     0.060         8
   245.538    15.517     0.060         8
   245.689    15.501     0.060         8
   245.826    15.473     0.060         8
   245.976    15.446     0.060         8
   246.130    15.428     0.060         8
   246.270    15.402     0.060         8
   246.431    15.380     0.060         8
   246.584    15.356     0.060         8
   246.735    15.332     0.060         8
   246.888    15.308     0.060         8
   247.053    15.276     0.060         8
   247.203    15.252     0.060         8
   247.367    15.224     0.060         8
   247.521    15.194     0.060         8
   247.671    15.160     0.060         8
   247.836    15.129     0.060         8
   247.986    15.089     0.060         8
   248.147    15.057     0.060         8
   248.298    15.029     0.060         8
   248.459    15.017     0.060         8
   248.610    14.981     0.060         8
   248.771    14.957     0.060         8
   248.921    14.915     0.060         8
   249.086    14.882     0.060         8
   249.236    14.867     0.060         8
   249.397    14.840     0.060         8
   249.548    14.820     0.060         8
   249.709    14.797     0.060         8
   249.860    14.777     0.060         8
   250.013    14.733     0.060         8
   250.164    14.709     0.060         8
   250.317    14.681     0.060         8
   250.471    14.653     0.060         8
   250.632    14.629     0.060         8
   250.786    14.601     0.060         8
   250.939    14.577     0.060         8
   251.103    14.546     0.060         8
   251.257    14.516     0.060         8
   251.410    14.494     0.060         8
   251.575    14.459     0.060         8
   251.728    14.429     0.060         8
   251.882    14.398     0.060         8
   252.046    14.368     0.060         8
   252.199    14.337     0.060         8
   252.363    14.303     0.060         8
   252.528    14.276     0.060         8
   252.681    14.246     0.060         8
   252.845    14.215     0.060         8
   253.010    14.202     0.060         8
   253.174    14.166     0.060         8
   253.327    14.140     0.060         8
   253.481    14.113     0.060         8
   253.634    14.079     0.060         8
   253.795    14.048     0.060         8
   253.946    14.018     0.060         8
   254.097    13.987     0.060         8
   254.258    13.957     0.060         8
   254.416    13.930     0.060         8
   254.567    13.904     0.060         8
   254.728    13.881     0.060         8
   254.878    13.846     0.060         8
   255.037    13.820     0.060         8
   255.187    13.789     0.060         8
   255.348    13.762     0.060         8
   255.499    13.736     0.060         8
   255.660    13.705     0.060         8
   255.811    13.678     0.060         8
   255.972    13.647     0.060         8
   256.122    13.625     0.060         8
   256.273    13.590     0.060         8
   256.434    13.572     0.060         8
   256.585    13.542     0.060         8
   256.735    13.520     0.060         8
   256.896    13.489     0.060         8
   257.047    13.463     0.060         8
   257.208    13.433     0.060         8
   257.369    13.395     0.060         8
   257.520    13.365     0.060         8
   257.681    13.334     0.060         8
   257.842    13.298     0.060         8
   258.007    13.254     0.060         8
   258.168    13.203     0.060         8
   258.329    13.152     0.060         8
   258.480    13.124     0.060         8
   258.641    13.100     0.060         8
   258.802    13.076     0.060         8
   258.966    13.051     0.060         8
   259.117    13.025     0.060         8
   259.278    12.992     0.060         8
   259.439    12.964     0.060         8
   259.593    12.940     0.060         8
   259.754    12.912     0.060         8
   259.915    12.890     0.060         8
   260.069    12.856     0.060         8
   260.230    12.828     0.060         8
   260.391    12.795     0.060         8
   260.552    12.760     0.060         8
   260.703    12.728     0.060         8
   260.864    12.737     0.060         8
   261.014    12.730     0.060         8
   261.179    12.663     0.060         8
   261.340    12.640     0.060         8
   261.490    12.611     0.060         8
   261.652    12.583     0.060         8
   261.813    12.564     0.060         8
   261.977    12.541     0.060         8
   262.138    12.494     0.060         8
   262.299    12.479     0.060         8
   262.461    12.460     0.060         8
   262.625    12.440     0.060         8
   263.111    12.392     0.060         8
   263.273    12.318     0.060         8
   263.434    12.339     0.060         8
   263.584    12.319     0.060         8
   263.746    12.283     0.060         8
   263.907    12.259     0.060         8
   264.082    12.228     0.060         8
   264.243    12.206     0.060         8
   264.401    12.187     0.060         8
   264.562    12.174     0.060         8
   264.734    12.132     0.060         8
   264.892    12.113     0.060         8
   265.053    12.094     0.060         8
   265.222    12.072     0.060         8
   265.384    12.053     0.060         8
   265.552    12.022     0.060         8
   265.714    12.002     0.060         8
   265.882    11.986     0.060         8
   266.044    11.970     0.060         8
   266.205    11.942     0.060         8
   266.377    11.922     0.060         8
   266.538    11.898     0.060         8
   266.699    11.873     0.060         8
   266.863    11.853     0.060         8
   267.024    11.821     0.060         8
   267.186    11.818     0.060         8
   267.347    11.792     0.060         8
   267.511    11.762     0.060         8
   267.672    11.741     0.060         8
   267.833    11.704     0.060         8
   267.995    11.672     0.060         8
   268.159    11.644     0.060         8
   268.320    11.616     0.060         8
   268.474    11.600     0.060         8
   268.638    11.572     0.060         8
   268.802    11.554     0.060         8
   268.955    11.530     0.060         8
   269.120    11.495     0.060         8
   269.276    11.475     0.060         8
   269.430    11.447     0.060         8
   269.597    11.419     0.060         8
   269.750    11.395     0.060         8
   269.918    11.374     0.060         8
   270.074    11.342     0.060         8
   270.238    11.296     0.060         8
   270.395    11.290     0.060         8
   270.559    11.239     0.060         8
   270.712    11.201     0.060         8
   270.877    11.175     0.060         8
   271.041    11.152     0.060         8
   271.205    11.104     0.060         8
   271.355    11.091     0.060         8
   271.520    11.058     0.060         8
   271.684    11.038     0.060         8
   271.837    10.997     0.060         8
   271.999    10.966     0.060         8
   272.163    10.926     0.060         8
   272.324    10.897     0.060         8
   272.488    10.861     0.060         8
   272.649    10.834     0.060         8
   272.810    10.799     0.060         8
   273.133    10.731     0.060         8
   273.294    10.705     0.060         8
   273.616    10.640     0.060         8
   273.939    10.574     0.060         8
   274.261    10.509     0.060         8
   274.422    10.488     0.060         8
   274.587    10.457     0.060         8
   274.748    10.400     0.060         8
   274.912    10.369     0.060         8
   275.073    10.339     0.060         8
   275.237    10.301     0.060         8
   312.667     2.906     0.060        10
   312.817     2.874     0.060        10
   312.978     2.846     0.060        10
   313.132     2.813     0.060        10
   313.293     2.775     0.060        10
   313.443     2.741     0.060        10
   313.605     2.707     0.060        10
   313.755     2.669     0.060        10
   313.906     2.628     0.060        10
   314.070     2.580     0.060        10
   314.220     2.552     0.060        10
   314.381     2.510     0.060        10
   314.532     2.483     0.060        10
   314.693     2.444     0.060        10
   314.843     2.397     0.060        10
   315.005     2.355     0.060        10
   117.809    32.873     0.060        13
   118.766    32.800     0.060        13
   120.374    32.625     0.060        13
   121.509    32.499     0.060        13
   123.110    32.299     0.060        13
   124.368    32.125     0.060        13
   125.786    31.942     0.060        13
   126.722    31.826     0.060        13
   128.607    31.597     0.060        13
   131.018    31.297     0.060        13
   132.457    31.146     0.060        13
   134.400    30.909     0.060        13
   136.948    30.611     0.060        13
   139.329    30.336     0.060        13
   141.416    30.076     0.060        13
   142.866    29.863     0.060        13
   144.310    29.640     0.060        13
   146.566    29.295     0.060        13
   148.955    28.909     0.060        13
   150.061    28.729     0.060        13
   151.156    28.539     0.060        13
   233.553    17.658     0.060        14
   236.964    17.168     0.060        14
   238.886    16.846     0.060        14
   240.744    16.515     0.060        14
   243.419    16.080     0.060        14
   244.461    15.898     0.060        14
   245.689    15.730     0.060        14
   246.270    15.592     0.060        14
   247.986    15.293     0.060        14
   249.086    15.108     0.060        14
   250.471    14.870     0.060        14
   252.363    14.535     0.060        14
   253.634    14.276     0.060        14
   254.567    14.094     0.060        14
   255.811    13.773     0.060        14
   257.047    13.485     0.060        14
   258.168    13.213     0.060        14
   260.069    12.861     0.060        14
   261.490    12.549     0.060        14
   263.434    12.243     0.060        14
   264.562    12.017     0.060        14
   266.377    11.760     0.060        14
   268.320    11.400     0.060        14
   269.750    11.088     0.060        14
   271.355    10.789     0.060        14
   272.324    10.570     0.060        14
   273.939    10.221     0.060        14
   275.573     9.882     0.060        14
   277.048     9.623     0.060        14
   278.163     9.360     0.060        14
   279.287     9.152     0.060        14
   280.892     8.805     0.060        14
   282.022     8.564     0.060        14
   283.127     8.327     0.060        14
   284.730     8.013     0.060        14
   286.013     7.769     0.060        14
   287.790     7.446     0.060        14
   289.880     7.087     0.060        14
   291.995     6.757     0.060        14
   293.568     6.561     0.060        14
   295.429     6.296     0.060        14
   297.279     6.048     0.060        14
   299.114     5.787     0.060        14
   301.084     5.506     0.060        14
   303.598     5.124     0.060        14
   305.632     4.839     0.060        14
   307.511     4.520     0.060        14
   309.224     4.193     0.060        14
   311.567     3.781     0.060        14
   318.781     1.000     0.000         0
   318.954     0.965     0.060         1
   319.115     0.987     0.060         1
   319.276     1.028     0.060         1
   319.427     1.072     0.060         1
   319.588     1.148     0.060         1
   319.746     1.196     0.060         1
   319.908     1.240     0.060         1
   320.058     1.310     0.060         1
   320.219     1.391     0.060         1
   320.370     1.483     0.060         1
   320.523     1.578     0.060         1
   320.684     1.660     0.060         1
   320.835     1.726     0.060         1
   320.988     1.825     0.060         1
   321.139     1.908     0.060         1
   321.300     1.982     0.060         1
   321.450     2.036     0.060         1
   318.954     1.719     0.060         3
   319.115     1.739     0.060         3
   319.276     1.752     0.060         3
   319.427     1.758     0.060         3
   319.588     1.785     0.060         3
   319.746     1.819     0.060         3
   319.908     1.838     0.060         3
   324.056     3.058     0.060         5
   324.209     3.110     0.060         5
   324.360     3.161     0.060         5
   324.510     3.186     0.060         5
   324.671     3.214     0.060         5
   324.825     3.235     0.060         5
   324.975     3.278     0.060         5
   325.126     3.314     0.060         5
   325.287     3.351     0.060         5
   325.448     3.391     0.060         5
   325.599     3.431     0.060         5
   325.760     3.472     0.060         5
   325.921     3.509     0.060         5
   326.072     3.549     0.060         5
   326.233     3.585     0.060         5
   326.383     3.625     0.060         5
   326.544     3.658     0.060         5
   326.692     3.694     0.060         5
   326.853     3.730     0.060         5
   327.004     3.763     0.060         5
   327.165     3.795     0.060         5
   327.326     3.832     0.060         5
   327.476     3.864     0.060         5
   327.638     3.901     0.060         5
   327.799     3.932     0.060         5
   327.946     3.963     0.060         5
   328.108     3.995     0.060         5
   328.266     4.027     0.060         5
   328.424     4.062     0.060         5
   328.585     4.102     0.060         5
   328.733     4.133     0.060         5
   328.891     4.168     0.060         5
   329.050     4.196     0.060         5
   329.197     4.227     0.060         5
   329.359     4.251     0.060         5
   329.506     4.282     0.060         5
   329.670     4.314     0.060         5
   329.821     4.377     0.060         5
   329.971     4.408     0.060         5
   330.125     4.436     0.060         5
   330.286     4.468     0.060         5
   330.436     4.504     0.060         5
   330.590     4.536     0.060         5
   330.751     4.548     0.060         5
   330.904     4.588     0.060         5
   331.055     4.636     0.060         5
   331.208     4.667     0.060         5
   331.372     4.708     0.060         5
   331.525     4.743     0.060         5
   331.676     4.763     0.060         5
   331.829     4.807     0.060         5
   331.993     4.847     0.060         5
   332.147     4.875     0.060         5
   332.297     4.917     0.060         5
   332.451     4.946     0.060         5
   332.604     4.980     0.060         5
   332.768     5.010     0.060         5
   332.922     5.040     0.060         5
   333.072     5.069     0.060         5
   333.226     5.095     0.060         5
   333.368     5.125     0.060         5
   333.522     5.156     0.060         5
   333.675     5.190     0.060         5
   333.826     5.233     0.060         5
   333.979     5.272     0.060         5
   334.133     5.310     0.060         5
   334.283     5.348     0.060         5
   334.437     5.386     0.060         5
   334.590     5.420     0.060         5
   334.741     5.450     0.060         5
   335.058     5.531     0.060         5
   335.373     5.612     0.060         5
   335.688     5.693     0.060         5
   335.852     5.750     0.060         5
   336.328     5.852     0.060         5
   336.645     5.929     0.060         5
   337.135     6.026     0.060         5
   337.452     6.103     0.060         5
   338.095     6.204     0.060         5
   338.557     6.288     0.060         5
   339.202     6.385     0.060         5
   339.675     6.457     0.060         5
   340.144     6.530     0.060         5
   340.772     6.618     0.060         5
   341.403     6.694     0.060         5
   342.197     6.815     0.060         5
   342.686     6.887     0.060         5
   343.329     6.979     0.060         5
   344.294     7.128     0.060         5
   344.773     7.205     0.060         5
   345.402     7.313     0.060         5
   346.039     7.414     0.060         5
   346.990     7.567     0.060         5
   347.937     7.716     0.060         5
   348.573     7.821     0.060         5
   349.208     7.934     0.060         5
   349.842     8.047     0.060         5
   350.483     8.156     0.060         5
   350.953     8.236     0.060         5
   351.114     8.277     0.060         5
   351.584     8.345     0.060         5
   352.067     8.451     0.060         5
   352.704     8.588     0.060         5
   364.147    10.952     0.060         5
   364.945    11.151     0.060         5
   365.424    11.239     0.060         5
   366.064    11.390     0.060         5
   366.386    11.458     0.060         5
   367.176    11.643     0.060         5
   368.131    11.777     0.060         5
   330.286     4.840     0.060         7
   330.904     4.944     0.060         7
   331.525     5.054     0.060         7
   331.993     5.140     0.060         7
   332.768     5.272     0.060         7
   333.368     5.389     0.060         7
   333.826     5.465     0.060         7
   334.905     5.645     0.060         7
   335.852     5.817     0.060         7
   336.645     5.949     0.060         7
   337.288     6.057     0.060         7
   338.246     6.250     0.060         7
   339.041     6.391     0.060         7
   339.513     6.479     0.060         7
   340.306     6.611     0.060         7
   341.092     6.712     0.060         7
   341.718     6.788     0.060         7
   342.522     6.908     0.060         7
   343.490     7.053     0.060         7
   321.754     2.251     0.060        10
   321.905     2.309     0.060        10
   322.055     2.376     0.060        10
   322.206     2.457     0.060        10
   322.370     2.525     0.060        10
   322.521     2.578     0.060        10
   322.671     2.625     0.060        10
   322.835     2.689     0.060        10
   322.986     2.728     0.060        10
   323.150     2.807     0.060        10
   323.300     2.865     0.060        10
   323.451     2.904     0.060        10
   323.604     2.948     0.060        10
   323.755     2.995     0.060        10
   323.905     3.047     0.060        10
   324.209     3.809     0.060        14
   324.975     4.020     0.060        14
   325.921     4.268     0.060        14
   326.692     4.463     0.060        14
   327.476     4.679     0.060        14
   328.266     4.857     0.060        14
   329.050     5.023     0.060        14
   330.125     5.205     0.060        14
   331.208     5.440     0.060        14
   332.147     5.642     0.060        14
   332.768     5.801     0.060        14
   333.522     5.963     0.060        14
   334.283     6.154     0.060        14
   335.373     6.389     0.060        14
   336.328     6.575     0.060        14
   336.970     6.688     0.060        14
   338.246     6.881     0.060        14
   339.513     7.074     0.060        14
   340.772     7.230     0.060        14
   342.522     7.450     0.060        14
   344.133     7.699     0.060        14
   344.773     7.829     0.060        14
   346.039     8.022     0.060        14
   346.990     8.208     0.060        14
   347.308     8.277     0.060        14
   348.573     8.503     0.060        14
   349.358     8.636     0.060        14
   350.164     8.785     0.060        14
     0.000     0.000     0.000        -1
