   216.692    -1.000     0.000         0
   100.615    20.957     0.060         5
   101.993    20.768     0.060         5
   103.218    20.598     0.060         5
   104.152    20.465     0.060         5
   105.727    20.242     0.060         5
   106.830    20.058     0.060         5
   107.769    19.933     0.060         5
   108.855    19.789     0.060         5
   109.640    19.671     0.060         5
   110.730    19.524     0.060         5
   111.504    19.433     0.060         5
   112.128    19.385     0.060         5
   112.900    19.304     0.060         5
   113.510    19.247     0.060         5
   114.147    19.189     0.060         5
   114.796    19.128     0.060         5
   115.602    19.030     0.060         5
   116.244    18.963     0.060         5
   117.027    18.859     0.060         5
   117.970    18.759     0.060         5
   119.242    18.575     0.060         5
   120.052    18.438     0.060         5
   120.536    18.378     0.060         5
   122.472    18.093     0.060         5
   123.583    17.896     0.060         5
   124.207    17.807     0.060         5
   125.162    17.661     0.060         5
   126.249    17.489     0.060         5
   127.655    17.278     0.060         5
   128.922    17.105     0.060         5
   130.693    16.845     0.060         5
   132.783    16.585     0.060         5
   134.400    16.368     0.060         5
   135.366    16.265     0.060         5
   135.996    16.169     0.060         5
   137.263    16.013     0.060         5
   138.051    15.921     0.060         5
   139.329    15.753     0.060         5
   140.128    15.611     0.060         5
   141.252    15.438     0.060         5
   142.064    15.314     0.060         5
   142.702    15.217     0.060         5
   143.178    15.149     0.060         5
   144.149    15.021     0.060         5
   144.786    14.924     0.060         5
   145.757    14.751     0.060         5
   146.881    14.569     0.060         5
    21.158    31.893     0.060        13
    23.343    31.589     0.060        13
    24.290    31.458     0.060        13
    26.167    31.194     0.060        13
    27.432    31.044     0.060        13
    28.067    30.954     0.060        13
    28.543    30.916     0.060        13
   216.692     1.000     0.000         0
   241.353     8.392     0.060         5
   241.969     8.492     0.060         5
   242.119     8.517     0.060         5
   242.273     8.526     0.060         5
   242.413     8.540     0.060         5
   242.553     8.552     0.060         5
   242.703     8.576     0.060         5
   242.843     8.594     0.060         5
   242.994     8.620     0.060         5
   243.131     8.656     0.060         5
   243.281     8.648     0.060         5
   243.418     8.686     0.060         5
   243.569     8.711     0.060         5
   243.716     8.720     0.060         5
   243.856     8.737     0.060         5
   244.014     8.762     0.060         5
   244.162     8.779     0.060         5
   244.312     8.795     0.060         5
   244.460     8.820     0.060         5
   244.621     8.833     0.060         5
   244.769     8.866     0.060         5
   244.930     8.896     0.060         5
   245.078     8.914     0.060         5
   245.239     8.928     0.060         5
   245.386     8.954     0.060         5
   245.537     8.981     0.060         5
   245.687     8.997     0.060         5
   245.824     9.013     0.060         5
   245.975     9.023     0.060         5
   246.128     9.044     0.060         5
   246.268     9.060     0.060         5
   246.430     9.080     0.060         5
   246.583     9.113     0.060         5
   246.734     9.133     0.060         5
   246.887     9.159     0.060         5
   247.051     9.182     0.060         5
   247.202     9.204     0.060         5
   247.366     9.230     0.060         5
   247.520     9.256     0.060         5
   247.670     9.281     0.060         5
   247.834     9.300     0.060         5
   247.985     9.311     0.060         5
   248.297     9.369     0.060         5
   248.608     9.415     0.060         5
   249.084     9.471     0.060         5
   249.396     9.505     0.060         5
   249.708     9.545     0.060         5
   250.012     9.573     0.060         5
   250.316     9.610     0.060         5
   250.470     9.624     0.060         5
   250.784     9.658     0.060         5
   251.256     9.714     0.060         5
   251.727     9.777     0.060         5
   252.045     9.817     0.060         5
   252.526     9.868     0.060         5
   252.844     9.903     0.060         5
   253.173     9.940     0.060         5
   253.326     9.954     0.060         5
   253.795     9.971     0.060         5
   254.566    10.034     0.060         5
   255.035    10.077     0.060         5
   255.809    10.140     0.060         5
   256.433    10.192     0.060         5
   257.680    10.306     0.060         5
   258.328    10.353     0.060         5
   258.801    10.397     0.060         5
   259.277    10.431     0.060         5
   259.753    10.462     0.060         5
   259.914    10.462     0.060         5
   260.228    10.481     0.060         5
   260.701    10.525     0.060         5
   261.013    10.544     0.060         5
   261.650    10.591     0.060         5
   262.137    10.647     0.060         5
   262.946    10.734     0.060         5
   263.110    10.738     0.060         5
   263.744    10.818     0.060         5
   264.080    10.858     0.060         5
   264.733    10.930     0.060         5
   265.221    10.990     0.060         5
   265.712    11.058     0.060         5
   266.204    11.101     0.060         5
   266.862    11.176     0.060         5
   267.510    11.256     0.060         5
   268.472    11.376     0.060         5
   269.118    11.448     0.060         5
   269.428    11.472     0.060         5
   270.237    11.555     0.060         5
   271.040    11.639     0.060         5
   271.683    11.694     0.060         5
   272.648    11.781     0.060         5
   273.615    11.897     0.060         5
   274.099    11.924     0.060         5
   274.747    12.004     0.060         5
   275.572    12.099     0.060         5
   276.226    12.171     0.060         5
   276.556    12.178     0.060         5
   277.047    12.259     0.060         5
   277.528    12.302     0.060         5
   277.839    12.309     0.060         5
   278.810    12.396     0.060         5
   279.611    12.447     0.060         5
   279.933    12.462     0.060         5
   280.576    12.509     0.060         5
   281.055    12.552     0.060         5
   281.695    12.608     0.060         5
   282.332    12.671     0.060         5
   282.496    12.675     0.060         5
   283.126    12.746     0.060         5
   283.287    12.758     0.060         5
   284.088    12.833     0.060         5
   284.403    12.857     0.060         5
   284.890    12.892     0.060         5
   285.530    12.956     0.060         5
   286.173    13.036     0.060         5
   286.652    13.079     0.060         5
   287.302    13.151     0.060         5
   288.100    13.251     0.060         5
   288.420    13.274     0.060         5
   289.226    13.374     0.060         5
   290.201    13.482     0.060         5
   291.181    13.602     0.060         5
   291.829    13.686     0.060         5
   292.469    13.814     0.060         5
   293.567    13.992     0.060         5
   294.648    14.202     0.060         5
   295.578    14.359     0.060         5
   296.498    14.533     0.060         5
   297.582    14.727     0.060         5
   298.807    14.936     0.060         5
   299.574    15.090     0.060         5
   301.084    15.336     0.060         5
   302.493    15.553     0.060         5
   303.285    15.694     0.060         5
   304.220    15.835     0.060         5
   304.997    15.981     0.060         5
   306.419    16.177     0.060         5
   308.290    16.483     0.060         5
   310.159    16.785     0.060         5
   310.943    16.923     0.060         5
   312.354    17.206     0.060         5
   278.001    13.617     0.060         8
   279.124    13.692     0.060         8
   280.097    13.747     0.060         8
   280.576    13.790     0.060         8
   281.055    13.835     0.060         8
   281.856    13.881     0.060         8
   282.647    13.948     0.060         8
   283.602    13.992     0.060         8
   284.088    14.019     0.060         8
   284.890    14.055     0.060         8
   285.204    14.084     0.060         8
   286.011    14.130     0.060         8
   286.652    14.188     0.060         8
   287.302    14.239     0.060         8
   287.789    14.288     0.060         8
   288.581    14.334     0.060         8
   289.387    14.391     0.060         8
   290.039    14.442     0.060         8
   290.526    14.488     0.060         8
   291.181    14.553     0.060         8
   291.829    14.630     0.060         8
   292.144    14.670     0.060         8
   292.948    14.759     0.060         8
   293.717    14.820     0.060         8
   294.182    14.888     0.060         8
   294.962    15.011     0.060         8
   295.882    15.180     0.060         8
   296.498    15.267     0.060         8
   297.116    15.355     0.060         8
   297.735    15.426     0.060         8
   298.500    15.550     0.060         8
   298.960    15.630     0.060         8
   299.728    15.725     0.060         8
   300.482    15.824     0.060         8
   301.543    15.984     0.060         8
   302.493    16.111     0.060         8
   302.966    16.206     0.060         8
   303.597    16.278     0.060         8
   304.059    16.342     0.060         8
   304.844    16.459     0.060         8
   305.782    16.575     0.060         8
   307.045    16.759     0.060         8
   307.814    16.864     0.060         8
   308.597    16.976     0.060         8
   309.535    17.113     0.060         8
   310.320    17.233     0.060         8
   311.567    17.398     0.060         8
   312.505    17.538     0.060         8
   313.131    17.618     0.060         8
   313.905    17.739     0.060         8
   314.381    17.816     0.060         8
   314.843    17.896     0.060         8
   315.627    18.005     0.060         8
   221.097     2.831     0.060         9
   221.223     2.895     0.060         9
   221.363     2.925     0.060         9
   221.500     2.962     0.060         9
   221.640     3.035     0.060         9
   221.787     3.114     0.060         9
   221.927     3.168     0.060         9
   222.067     3.226     0.060         9
   222.204     3.290     0.060         9
   222.344     3.358     0.060         9
   222.494     3.406     0.060         9
   222.634     3.449     0.060         9
   222.774     3.499     0.060         9
   222.925     3.567     0.060         9
   223.065     3.651     0.060         9
   223.204     3.715     0.060         9
   223.355     3.776     0.060         9
   223.495     3.851     0.060         9
   223.645     3.915     0.060         9
   223.785     3.976     0.060         9
   223.936     4.034     0.060         9
   224.076     4.081     0.060         9
   224.226     4.145     0.060        10
   224.366     4.198     0.060        10
   224.517     4.254     0.060        10
   224.657     4.292     0.060        10
   224.807     4.344     0.060        10
   224.947     4.389     0.060        10
   225.098     4.449     0.060        10
   225.238     4.495     0.060        10
   225.388     4.547     0.060        10
   225.528     4.611     0.060        10
   225.679     4.676     0.060        10
   225.829     4.733     0.060        10
   225.972     4.769     0.060        10
   226.123     4.810     0.060        10
   226.273     4.867     0.060        10
   226.413     4.928     0.060        10
     0.000     0.000     0.000        -1
