    78.859    -1.000     0.000         0
    74.992     3.085     0.060         1
    75.143     3.004     0.060         1
    75.293     2.905     0.060         1
    75.441     2.834     0.060         1
    75.602     2.756     0.060         1
    75.753     2.691     0.060         1
    75.907     2.612     0.060         1
    76.057     2.546     0.060         1
    76.222     2.489     0.060         1
    76.372     2.412     0.060         1
    76.526     2.340     0.060         1
    76.677     2.288     0.060         1
    76.830     2.243     0.060         1
    76.992     2.196     0.060         1
    77.142     2.147     0.060         1
    77.296     2.105     0.060         1
    77.457     2.062     0.060         1
    77.608     2.024     0.060         1
    77.761     1.996     0.060         1
    77.912     1.972     0.060         1
    78.073     1.942     0.060         1
    78.224     1.925     0.060         1
    78.375     1.909     0.060         1
    78.536     1.899     0.060         1
    78.697     1.896     0.060         1
    78.847     1.874     0.060         1
    75.602     3.123     0.060         2
    75.753     3.074     0.060         2
    75.907     3.012     0.060         2
    76.057     2.966     0.060         2
    76.222     2.906     0.060         2
    76.372     2.868     0.060         2
    76.526     2.841     0.060         2
    76.677     2.794     0.060         2
    76.830     2.746     0.060         2
    76.992     2.704     0.060         2
    77.142     2.671     0.060         2
    77.296     2.639     0.060         2
    77.457     2.604     0.060         2
    77.608     2.574     0.060         2
    77.761     2.544     0.060         2
    77.912     2.518     0.060         2
    78.073     2.500     0.060         2
    78.224     2.491     0.060         2
    78.375     2.483     0.060         2
    78.536     2.475     0.060         2
    78.697     2.470     0.060         2
    78.847     2.467     0.060         2
    75.143     3.577     0.060         3
    75.293     3.553     0.060         3
    75.441     3.517     0.060         3
    75.602     3.477     0.060         3
    75.753     3.429     0.060         3
    75.907     3.408     0.060         3
    76.057     3.384     0.060         3
    76.222     3.356     0.060         3
    76.372     3.325     0.060         3
    76.526     3.299     0.060         3
    76.677     3.272     0.060         3
    76.830     3.246     0.060         3
    76.992     3.217     0.060         3
    77.142     3.191     0.060         3
    77.296     3.174     0.060         3
    77.457     3.152     0.060         3
    77.608     3.134     0.060         3
    77.761     3.125     0.060         3
    77.912     3.111     0.060         3
    78.073     3.102     0.060         3
    78.224     3.096     0.060         3
    78.375     3.095     0.060         3
    78.536     3.076     0.060         3
    78.697     3.076     0.060         3
    78.847     3.081     0.060         3
     4.217    14.862     0.060         5
     4.379    14.825     0.060         5
     4.543    14.796     0.060         5
     4.704    14.776     0.060         5
     4.879    14.763     0.060         5
     5.041    14.750     0.060         5
     5.205    14.729     0.060         5
     5.369    14.702     0.060         5
     5.541    14.681     0.060         5
     5.706    14.658     0.060         5
     5.867    14.656     0.060         5
     6.028    14.628     0.060         5
     6.190    14.613     0.060         5
     6.341    14.578     0.060         5
     6.505    14.569     0.060         5
     6.663    14.529     0.060         5
     6.825    14.503     0.060         5
     6.986    14.495     0.060         5
     7.147    14.466     0.060         5
     7.309    14.443     0.060         5
     7.467    14.420     0.060         5
     7.628    14.403     0.060         5
     7.790    14.371     0.060         5
     7.951    14.330     0.060         5
     8.115    14.302     0.060         5
     8.277    14.299     0.060         5
     8.441    14.276     0.060         5
     8.603    14.247     0.060         5
     8.778    14.216     0.060         5
     8.939    14.182     0.060         5
     9.103    14.171     0.060         5
     9.268    14.156     0.060         5
     9.429    14.140     0.060         5
     9.590    14.101     0.060         5
     9.752    14.078     0.060         5
     9.913    14.059     0.060         5
    10.074    14.034     0.060         5
    10.236    14.027     0.060         5
    10.386    13.998     0.060         5
    10.548    13.964     0.060         5
    10.715    13.936     0.060         5
    10.880    13.900     0.060         5
    11.044    13.895     0.060         5
    11.208    13.860     0.060         5
    11.380    13.865     0.060         5
    11.545    13.830     0.060         5
    11.706    13.796     0.060         5
    11.881    13.765     0.060         5
    12.042    13.745     0.060         5
    12.379    13.693     0.060         5
    12.704    13.625     0.060         5
    12.866    13.579     0.060         5
    13.027    13.566     0.060         5
    13.347    13.514     0.060         5
    13.656    13.477     0.060         5
    13.817    13.440     0.060         5
    13.979    13.420     0.060         5
    14.619    13.310     0.060         5
    14.945    13.257     0.060         5
    15.271    13.208     0.060         5
    15.750    13.121     0.060         5
    15.922    13.085     0.060         5
    16.248    13.042     0.060         5
    16.574    13.004     0.060         5
    16.738    12.990     0.060         5
    16.910    12.961     0.060         5
    17.074    12.941     0.060         5
    17.236    12.923     0.060         5
    17.397    12.911     0.060         5
    17.558    12.872     0.060         5
    17.870    12.844     0.060         5
    18.032    12.811     0.060         5
    18.182    12.789     0.060         5
    18.341    12.766     0.060         5
    18.502    12.745     0.060         5
    18.656    12.712     0.060         5
    18.979    12.667     0.060         5
    19.129    12.646     0.060         5
    19.291    12.621     0.060         5
    19.441    12.594     0.060         5
    19.603    12.562     0.060         5
    19.753    12.552     0.060         5
    19.915    12.527     0.060         5
    20.065    12.514     0.060         5
    20.216    12.501     0.060         5
    20.377    12.460     0.060         5
    20.531    12.437     0.060         5
    21.007    12.356     0.060         5
    21.158    12.343     0.060         5
    21.320    12.310     0.060         5
    21.473    12.272     0.060         5
    21.635    12.260     0.060         5
    21.785    12.249     0.060         5
    21.947    12.229     0.060         5
    22.100    12.200     0.060         5
    22.251    12.182     0.060         5
    22.402    12.153     0.060         5
    22.878    12.099     0.060         5
    23.032    12.077     0.060         5
    23.193    12.052     0.060         5
    23.344    12.018     0.060         5
    23.505    11.980     0.060         5
    23.656    11.951     0.060         5
    23.820    11.925     0.060         5
    23.981    11.919     0.060         5
    24.129    11.886     0.060         5
    24.290    11.868     0.060         5
    24.441    11.840     0.060         5
    24.599    11.832     0.060         5
    24.761    11.795     0.060         5
    24.922    11.773     0.060         5
    25.073    11.748     0.060         5
    25.231    11.711     0.060         5
    25.393    11.713     0.060         5
    25.543    11.676     0.060         5
    25.705    11.651     0.060         5
    25.855    11.639     0.060         5
    26.017    11.616     0.060         5
    26.167    11.595     0.060         5
    26.329    11.570     0.060         5
    26.479    11.526     0.060         5
    26.641    11.506     0.060         5
    26.956    11.466     0.060         5
    27.117    11.434     0.060         5
    27.268    11.394     0.060         5
    27.432    11.382     0.060         5
    27.593    11.363     0.060         5
    27.744    11.352     0.060         5
    27.905    11.307     0.060         5
    28.067    11.290     0.060         5
    28.217    11.273     0.060         5
    28.379    11.244     0.060         5
    28.543    11.203     0.060         5
    28.694    11.187     0.060         5
    28.858    11.152     0.060         5
    29.020    11.117     0.060         5
    29.184    11.088     0.060         5
    29.335    11.083     0.060         5
    29.496    11.054     0.060         5
    29.660    11.021     0.060         5
    29.822    10.976     0.060         5
    29.972    10.947     0.060         5
    30.131    10.928     0.060         5
    30.284    10.908     0.060         5
    30.610    10.863     0.060         5
    30.761    10.826     0.060         5
    30.922    10.795     0.060         5
    31.076    10.784     0.060         5
    31.237    10.764     0.060         5
    31.388    10.761     0.060         5
    31.552    10.709     0.060         5
    31.713    10.702     0.060         5
    31.878    10.672     0.060         5
    32.196    10.612     0.060         5
    32.521    10.573     0.060         5
    33.005    10.480     0.060         5
    33.156    10.462     0.060         5
    33.317    10.427     0.060         5
    33.643    10.361     0.060         5
    33.808    10.342     0.060         5
    34.130    10.299     0.060         5
    34.456    10.256     0.060         5
    34.782    10.187     0.060         5
    34.943    10.172     0.060         5
    35.107    10.128     0.060         5
    35.279    10.096     0.060         5
    35.444    10.080     0.060         5
    35.605    10.056     0.060         5
    35.766    10.017     0.060         5
    35.931     9.991     0.060         5
    36.092     9.988     0.060         5
    36.253     9.940     0.060         5
    36.415     9.941     0.060         5
    36.584     9.909     0.060         5
    36.745     9.870     0.060         5
    36.906     9.861     0.060         5
    37.057     9.833     0.060         5
    37.383     9.791     0.060         5
    37.544     9.752     0.060         5
    37.870     9.720     0.060         5
    38.031     9.703     0.060         5
    38.192     9.673     0.060         5
    38.357     9.641     0.060         5
    38.518     9.625     0.060         5
    38.679     9.587     0.060         5
    38.844     9.565     0.060         5
    39.005     9.512     0.060         5
    39.331     9.460     0.060         5
    39.492     9.426     0.060         5
    39.818     9.375     0.060         5
    39.982     9.333     0.060         5
    40.143     9.320     0.060         5
    40.305     9.291     0.060         5
    40.469     9.266     0.060         5
    40.630     9.237     0.060         5
    40.792     9.195     0.060         5
    40.967     9.174     0.060         5
    41.128     9.157     0.060         5
    41.287     9.124     0.060         5
    41.448     9.091     0.060         5
    41.760     9.050     0.060         5
    41.921     9.023     0.060         5
    42.083     8.992     0.060         5
    42.244     8.953     0.060         5
    42.419     8.942     0.060         5
    42.570     8.916     0.060         5
    42.731     8.888     0.060         5
    42.882     8.853     0.060         5
    43.029     8.842     0.060         5
    43.191     8.799     0.060         5
    43.338     8.788     0.060         5
    43.500     8.756     0.060         5
    43.650     8.730     0.060         5
    43.812     8.704     0.060         5
    43.973     8.687     0.060         5
    44.127     8.664     0.060         5
    44.288     8.636     0.060         5
    44.449     8.614     0.060         5
    44.600     8.591     0.060         5
    44.761     8.569     0.060         5
    44.912     8.554     0.060         5
    45.066     8.525     0.060         5
    45.227     8.505     0.060         5
    45.391     8.473     0.060         5
    45.542     8.442     0.060         5
    45.706     8.421     0.060         5
    45.857     8.408     0.060         5
    46.018     8.386     0.060         5
    46.172     8.361     0.060         5
    46.333     8.337     0.060         5
    46.484     8.317     0.060         5
    46.648     8.281     0.060         5
    46.799     8.251     0.060         5
    46.963     8.236     0.060         5
    47.114     8.221     0.060         5
    47.590     8.160     0.060         5
    47.752     8.127     0.060         5
    47.902     8.112     0.060         5
    48.053     8.107     0.060         5
    48.217     8.086     0.060         5
    48.371     8.062     0.060         5
    48.532     8.040     0.060         5
    48.847     8.010     0.060         5
    48.998     7.992     0.060         5
    49.321     7.966     0.060         5
    49.471     7.952     0.060         5
    49.633     7.932     0.060         5
    49.794     7.929     0.060         5
    49.945     7.928     0.060         5
    50.098     7.915     0.060         5
    50.260     7.910     0.060         5
    50.413     7.905     0.060         5
    50.575     7.897     0.060         5
    50.739     7.880     0.060         5
    50.887     7.872     0.060         5
    51.048     7.863     0.060         5
    51.206     7.842     0.060         5
    51.357     7.840     0.060         5
    51.518     7.828     0.060         5
    51.672     7.823     0.060         5
    51.833     7.806     0.060         5
    51.984     7.773     0.060         5
    52.145     7.769     0.060         5
    52.293     7.733     0.060         5
    52.444     7.725     0.060         5
    52.605     7.705     0.060         5
    52.756     7.689     0.060         5
    52.906     7.678     0.060         5
    53.068     7.659     0.060         5
    53.218     7.635     0.060         5
    53.369     7.610     0.060         5
    53.520     7.573     0.060         5
    53.670     7.558     0.060         5
    53.821     7.523     0.060         5
    53.975     7.507     0.060         5
    54.125     7.506     0.060         5
    54.276     7.489     0.060         5
    54.430     7.469     0.060         5
    54.580     7.448     0.060         5
    54.734     7.418     0.060         5
    54.885     7.385     0.060         5
    55.035     7.382     0.060         5
    55.186     7.362     0.060         5
    55.340     7.334     0.060         5
    55.501     7.320     0.060         5
    55.652     7.302     0.060         5
    55.805     7.276     0.060         5
    55.956     7.253     0.060         5
    56.107     7.238     0.060         5
    56.260     7.221     0.060         5
    56.422     7.205     0.060         5
    56.572     7.186     0.060         5
    56.723     7.166     0.060         5
    56.881     7.146     0.060         5
    57.032     7.125     0.060         5
    57.183     7.105     0.060         5
    57.344     7.090     0.060         5
    57.495     7.070     0.060         5
    57.656     7.041     0.060         5
    57.807     7.021     0.060         5
    57.957     6.993     0.060         5
    58.108     6.965     0.060         5
    58.258     6.945     0.060         5
    58.409     6.929     0.060         5
    58.567     6.905     0.060         5
    58.718     6.885     0.060         5
    58.869     6.864     0.060         5
    59.016     6.840     0.060         5
    59.178     6.816     0.060         5
    59.331     6.792     0.060         5
    59.482     6.772     0.060         5
    59.643     6.748     0.060         5
    59.794     6.732     0.060         5
    59.945     6.712     0.060         5
    60.106     6.688     0.060         5
    60.257     6.668     0.060         5
    60.407     6.640     0.060         5
    60.566     6.624     0.060         5
    60.716     6.591     0.060         5
    60.867     6.571     0.060         5
    61.021     6.551     0.060         5
    61.171     6.531     0.060         5
    61.314     6.515     0.060         5
    61.468     6.495     0.060         5
    61.619     6.475     0.060         5
    61.772     6.459     0.060         5
    61.923     6.435     0.060         5
    62.077     6.420     0.060         5
    62.227     6.403     0.060         5
    62.381     6.379     0.060         5
    62.532     6.339     0.060         5
    62.685     6.320     0.060         5
    62.839     6.297     0.060         5
    62.990     6.269     0.060         5
    63.143     6.249     0.060         5
    63.286     6.226     0.060         5
    63.440     6.204     0.060         5
    63.590     6.174     0.060         5
    63.733     6.152     0.060         5
    63.887     6.136     0.060         5
    64.040     6.112     0.060         5
    64.180     6.094     0.060         5
    64.334     6.066     0.060         5
    64.485     6.039     0.060         5
    64.635     6.013     0.060         5
    64.794     6.003     0.060         5
    64.941     5.973     0.060         5
    65.089     5.951     0.060         5
    65.251     5.925     0.060         5
    65.398     5.911     0.060         5
    65.546     5.886     0.060         5
    65.707     5.852     0.060         5
    65.858     5.826     0.060         5
    66.009     5.804     0.060         5
    66.167     5.782     0.060         5
    66.315     5.752     0.060         5
    66.473     5.722     0.060         5
    66.621     5.693     0.060         5
    66.782     5.665     0.060         5
    66.930     5.634     0.060         5
    67.077     5.600     0.060         5
    67.228     5.574     0.060         5
    67.382     5.543     0.060         5
    67.532     5.501     0.060         5
    68.920     5.069     0.060        10
    69.394     4.968     0.060        10
    69.698     4.896     0.060        10
    70.007     4.811     0.060        10
    70.483     4.681     0.060        10
    70.798     4.596     0.060        10
    71.261     4.491     0.060        10
    71.573     4.411     0.060        10
    71.892     4.338     0.060        10
    72.207     4.265     0.060        10
    72.512     4.193     0.060        10
    72.827     4.087     0.060        10
    73.139     4.002     0.060        10
     3.097    15.807     0.060        14
     3.881    15.686     0.060        14
     4.704    15.574     0.060        14
     5.205    15.506     0.060        14
     5.867    15.414     0.060        14
     6.341    15.354     0.060        14
     6.986    15.274     0.060        14
     7.467    15.205     0.060        14
     7.790    15.157     0.060        14
     8.277    15.089     0.060        14
     8.939    14.997     0.060        14
     9.268    14.948     0.060        14
     9.913    14.848     0.060        14
    10.236    14.808     0.060        14
    10.880    14.711     0.060        14
    11.706    14.579     0.060        14
    11.881    14.540     0.060        14
    12.042    14.528     0.060        14
    12.207    14.501     0.060        14
    12.379    14.484     0.060        14
    12.543    14.463     0.060        14
    12.704    14.426     0.060        14
    12.866    14.414     0.060        14
    13.027    14.385     0.060        14
    13.186    14.368     0.060        14
    13.347    14.335     0.060        14
    13.505    14.306     0.060        14
    13.656    14.285     0.060        14
    13.817    14.260     0.060        14
    13.979    14.215     0.060        14
    14.143    14.198     0.060        14
    14.304    14.185     0.060        14
    14.458    14.160     0.060        14
    14.619    14.131     0.060        14
    14.784    14.122     0.060        14
    14.945    14.091     0.060        14
    15.109    14.077     0.060        14
    15.271    14.045     0.060        14
    15.435    14.010     0.060        14
    15.600    13.995     0.060        14
    15.750    13.980     0.060        14
    15.922    13.953     0.060        14
    16.087    13.938     0.060        14
    16.248    13.919     0.060        14
    16.412    13.900     0.060        14
    16.574    13.877     0.060        14
    16.738    13.854     0.060        14
    16.910    13.832     0.060        14
    17.074    13.809     0.060        14
    17.236    13.782     0.060        14
    17.397    13.759     0.060        14
    17.558    13.744     0.060        14
    17.709    13.721     0.060        14
    17.870    13.698     0.060        14
    18.032    13.683     0.060        14
    18.182    13.668     0.060        14
    18.341    13.641     0.060        14
    18.502    13.618     0.060        14
    18.656    13.587     0.060        14
    18.817    13.565     0.060        14
    18.979    13.534     0.060        14
    19.129    13.508     0.060        14
    19.291    13.493     0.060        14
    19.441    13.459     0.060        14
    19.603    13.444     0.060        14
    19.753    13.418     0.060        14
    19.915    13.399     0.060        14
    20.065    13.369     0.060        14
    20.216    13.346     0.060        14
    20.377    13.327     0.060        14
    20.531    13.312     0.060        14
    20.692    13.277     0.060        14
    20.843    13.270     0.060        14
    21.158    13.205     0.060        14
    21.320    13.184     0.060        14
    21.473    13.157     0.060        14
    21.635    13.122     0.060        14
    21.785    13.111     0.060        14
    21.947    13.079     0.060        14
    22.100    13.047     0.060        14
    22.251    13.031     0.060        14
    22.402    13.017     0.060        14
    22.566    12.989     0.060        14
    22.717    12.957     0.060        14
    22.878    12.940     0.060        14
    23.032    12.903     0.060        14
    23.193    12.881     0.060        14
    23.344    12.843     0.060        14
    23.505    12.822     0.060        14
    23.656    12.814     0.060        14
    23.820    12.790     0.060        14
    23.981    12.768     0.060        14
    24.129    12.730     0.060        14
    24.290    12.724     0.060        14
    24.441    12.701     0.060        14
    24.599    12.675     0.060        14
    24.761    12.660     0.060        14
    24.922    12.634     0.060        14
    25.073    12.623     0.060        14
    25.231    12.601     0.060        14
    25.393    12.578     0.060        14
    25.543    12.556     0.060        14
    25.705    12.533     0.060        14
    25.855    12.511     0.060        14
    26.017    12.493     0.060        14
    26.167    12.453     0.060        14
    26.329    12.433     0.060        14
    26.479    12.401     0.060        14
    26.641    12.373     0.060        14
    26.794    12.355     0.060        14
    26.956    12.325     0.060        14
    27.117    12.304     0.060        14
    27.268    12.285     0.060        14
    27.432    12.254     0.060        14
    27.593    12.231     0.060        14
    27.744    12.204     0.060        14
    27.905    12.180     0.060        14
    28.067    12.153     0.060        14
    28.217    12.126     0.060        14
    28.379    12.104     0.060        14
    28.543    12.078     0.060        14
    28.694    12.060     0.060        14
    28.858    12.030     0.060        14
    29.020    12.002     0.060        14
    29.184    11.979     0.060        14
    29.335    11.952     0.060        14
    29.496    11.930     0.060        14
    29.660    11.896     0.060        14
    29.822    11.870     0.060        14
    29.972    11.835     0.060        14
    30.131    11.817     0.060        14
    30.284    11.790     0.060        14
    30.446    11.763     0.060        14
    30.610    11.744     0.060        14
    30.761    11.729     0.060        14
    30.922    11.703     0.060        14
    31.076    11.674     0.060        14
    31.237    11.646     0.060        14
    31.388    11.627     0.060        14
    31.552    11.590     0.060        14
    31.713    11.562     0.060        14
    31.878    11.534     0.060        14
    32.031    11.506     0.060        14
    32.196    11.482     0.060        14
    32.357    11.459     0.060        14
    32.521    11.428     0.060        14
    32.683    11.400     0.060        14
    32.844    11.373     0.060        14
    33.005    11.350     0.060        14
    33.156    11.318     0.060        14
    33.317    11.291     0.060        14
    33.482    11.263     0.060        14
    33.643    11.244     0.060        14
    33.808    11.217     0.060        14
    33.969    11.181     0.060        14
    34.130    11.162     0.060        14
    34.292    11.131     0.060        14
    34.456    11.107     0.060        14
    34.617    11.084     0.060        14
    34.782    11.064     0.060        14
    34.943    11.033     0.060        14
    35.107    11.010     0.060        14
    35.279    10.982     0.060        14
    35.444    10.955     0.060        14
    35.605    10.928     0.060        14
    35.766    10.904     0.060        14
    35.931    10.881     0.060        14
    36.092    10.854     0.060        14
    36.253    10.822     0.060        14
    36.415    10.799     0.060        14
    36.584    10.775     0.060        14
    36.745    10.751     0.060        14
    36.906    10.723     0.060        14
    37.057    10.699     0.060        14
    37.221    10.671     0.060        14
    37.383    10.647     0.060        14
    37.544    10.619     0.060        14
    37.705    10.595     0.060        14
    37.870    10.563     0.060        14
    38.031    10.543     0.060        14
    38.192    10.515     0.060        14
    38.357    10.483     0.060        14
    38.518    10.463     0.060        14
    38.679    10.439     0.060        14
    38.844    10.403     0.060        14
    39.005    10.383     0.060        14
    39.169    10.343     0.060        14
    39.331    10.319     0.060        14
    39.492    10.295     0.060        14
    39.656    10.263     0.060        14
    39.818    10.227     0.060        14
    39.982    10.203     0.060        14
    40.143    10.175     0.060        14
    40.305    10.147     0.060        14
    40.469    10.125     0.060        14
    40.630    10.091     0.060        14
    40.792    10.049     0.060        14
    40.967    10.041     0.060        14
    41.128    10.010     0.060        14
    41.287     9.987     0.060        14
    41.448     9.958     0.060        14
    41.599     9.928     0.060        14
    41.760     9.902     0.060        14
    41.921     9.881     0.060        14
    42.083     9.859     0.060        14
    42.244     9.833     0.060        14
    42.419     9.807     0.060        14
    42.570     9.810     0.060        14
    42.731     9.782     0.060        14
    42.882     9.756     0.060        14
    43.029     9.730     0.060        14
    43.191     9.700     0.060        14
    43.338     9.674     0.060        14
    43.500     9.646     0.060        14
    43.650     9.622     0.060        14
    43.812     9.592     0.060        14
    43.973     9.558     0.060        14
    44.127     9.546     0.060        14
    44.288     9.518     0.060        14
    44.449     9.494     0.060        14
    44.600     9.472     0.060        14
    44.761     9.448     0.060        14
    44.912     9.424     0.060        14
    45.066     9.402     0.060        14
    45.227     9.374     0.060        14
    45.391     9.350     0.060        14
    45.542     9.333     0.060        14
    45.706     9.315     0.060        14
    45.857     9.291     0.060        14
    46.018     9.267     0.060        14
    46.172     9.243     0.060        14
    46.333     9.213     0.060        14
    46.484     9.189     0.060        14
    46.648     9.161     0.060        14
    46.799     9.147     0.060        14
    46.963     9.140     0.060        14
    47.114     9.114     0.060        14
    47.278     9.076     0.060        14
    47.429     9.041     0.060        14
    47.590     9.033     0.060        14
    47.752     9.014     0.060        14
    48.053     8.972     0.060        14
    48.217     8.949     0.060        14
    48.371     8.935     0.060        14
    48.683     8.899     0.060        14
    48.847     8.888     0.060        14
    48.998     8.866     0.060        14
    49.159     8.850     0.060        14
    49.321     8.845     0.060        14
    49.471     8.825     0.060        14
    49.794     8.777     0.060        14
    50.098     8.756     0.060        14
    50.260     8.738     0.060        14
    50.413     8.731     0.060        14
    50.739     8.731     0.060        14
    50.887     8.715     0.060        14
    51.048     8.687     0.060        14
    51.206     8.671     0.060        14
    51.357     8.655     0.060        14
    51.518     8.656     0.060        14
    51.672     8.644     0.060        14
    51.833     8.636     0.060        14
    51.984     8.612     0.060        14
    52.145     8.600     0.060        14
    52.293     8.580     0.060        14
    52.444     8.557     0.060        14
    52.605     8.523     0.060        14
    52.756     8.512     0.060        14
    52.906     8.489     0.060        14
    53.068     8.463     0.060        14
    53.218     8.444     0.060        14
    53.369     8.429     0.060        14
    53.520     8.398     0.060        14
    53.670     8.384     0.060        14
    53.821     8.361     0.060        14
    53.975     8.339     0.060        14
    54.125     8.317     0.060        14
    54.276     8.301     0.060        14
    54.430     8.282     0.060        14
    54.580     8.263     0.060        14
    54.734     8.258     0.060        14
    54.885     8.226     0.060        14
    55.035     8.215     0.060        14
    55.186     8.200     0.060        14
    55.340     8.174     0.060        14
    55.501     8.159     0.060        14
    55.652     8.168     0.060        14
    55.805     8.126     0.060        14
    55.956     8.095     0.060        14
    56.107     8.076     0.060        14
    56.260     8.062     0.060        14
    56.422     8.039     0.060        14
    56.572     8.016     0.060        14
    56.723     7.990     0.060        14
    56.881     7.964     0.060        14
    57.032     7.946     0.060        14
    57.183     7.915     0.060        14
    57.344     7.901     0.060        14
    57.495     7.883     0.060        14
    57.656     7.865     0.060        14
    57.807     7.855     0.060        14
    57.957     7.840     0.060        14
    58.108     7.818     0.060        14
    58.258     7.796     0.060        14
    58.409     7.781     0.060        14
    58.567     7.755     0.060        14
    58.718     7.733     0.060        14
    58.869     7.719     0.060        14
    59.016     7.696     0.060        14
    59.178     7.674     0.060        14
    59.331     7.660     0.060        14
    59.482     7.658     0.060        14
    59.643     7.620     0.060        14
    59.794     7.599     0.060        14
    59.945     7.582     0.060        14
    60.106     7.557     0.060        14
    60.257     7.528     0.060        14
    60.407     7.494     0.060        14
    60.566     7.473     0.060        14
    60.716     7.456     0.060        14
    60.867     7.431     0.060        14
    61.021     7.414     0.060        14
    61.171     7.393     0.060        14
    61.314     7.368     0.060        14
    61.468     7.343     0.060        14
    61.619     7.322     0.060        14
    61.772     7.305     0.060        14
    61.923     7.279     0.060        14
    62.077     7.258     0.060        14
    62.227     7.237     0.060        14
    62.381     7.211     0.060        14
    62.532     7.184     0.060        14
    62.685     7.153     0.060        14
    62.839     7.126     0.060        14
    62.990     7.092     0.060        14
    63.143     7.069     0.060        14
    63.286     7.046     0.060        14
    63.440     7.024     0.060        14
    63.590     7.009     0.060        14
    63.733     6.990     0.060        14
    63.887     6.975     0.060        14
    64.040     6.953     0.060        14
    64.180     6.930     0.060        14
    64.334     6.898     0.060        14
    64.485     6.870     0.060        14
    64.635     6.846     0.060        14
    64.794     6.822     0.060        14
    64.941     6.794     0.060        14
    65.089     6.770     0.060        14
    65.251     6.746     0.060        14
    65.398     6.726     0.060        14
    65.546     6.698     0.060        14
    65.707     6.674     0.060        14
    65.858     6.643     0.060        14
    66.009     6.616     0.060        14
    66.167     6.585     0.060        14
    66.315     6.550     0.060        14
    66.473     6.515     0.060        14
    66.621     6.485     0.060        14
    66.782     6.449     0.060        14
    66.930     6.415     0.060        14
    67.077     6.392     0.060        14
    67.228     6.361     0.060        14
    67.382     6.322     0.060        14
    67.532     6.287     0.060        14
    67.694     6.256     0.060        14
    67.844     6.225     0.060        14
    67.995     6.205     0.060        14
     6.190    24.259     0.060        24
     6.505    24.175     0.060        24
     6.663    24.125     0.060        24
     6.825    24.084     0.060        24
     6.986    24.059     0.060        24
     7.147    24.039     0.060        24
     7.309    24.010     0.060        24
     7.467    23.969     0.060        24
     7.628    23.936     0.060        24
     7.790    23.859     0.060        24
     7.951    23.826     0.060        24
     8.115    23.809     0.060        24
     8.277    23.768     0.060        24
     8.441    23.727     0.060        24
     8.603    23.698     0.060        24
     8.778    23.652     0.060        24
     8.939    23.609     0.060        24
     9.103    23.570     0.060        24
     9.268    23.539     0.060        24
     9.429    23.488     0.060        24
     9.590    23.449     0.060        24
     9.752    23.390     0.060        24
     9.913    23.352     0.060        24
    10.074    23.337     0.060        24
    10.236    23.298     0.060        24
    10.386    23.236     0.060        24
    10.548    23.191     0.060        24
    10.715    23.142     0.060        24
    10.880    23.106     0.060        24
    11.044    23.081     0.060        24
    11.208    23.032     0.060        24
    11.380    22.983     0.060        24
    11.545    22.950     0.060        24
    11.706    22.914     0.060        24
    11.881    22.872     0.060        24
    12.042    22.810     0.060        24
    12.207    22.760     0.060        24
    12.379    22.725     0.060        24
    12.543    22.680     0.060        24
    12.704    22.623     0.060        24
    12.866    22.587     0.060        24
    13.027    22.547     0.060        24
    13.186    22.507     0.060        24
    13.347    22.475     0.060        24
    13.505    22.448     0.060        24
    13.656    22.443     0.060        24
    13.817    22.387     0.060        24
    13.979    22.345     0.060        24
    14.143    22.309     0.060        24
    14.304    22.261     0.060        24
    14.458    22.225     0.060        24
    14.619    22.176     0.060        24
    14.784    22.142     0.060        24
    14.945    22.117     0.060        24
    15.109    22.079     0.060        24
    15.271    22.046     0.060        24
    15.435    22.000     0.060        24
    15.600    21.939     0.060        24
    15.750    21.912     0.060        24
    15.922    21.863     0.060        24
    16.087    21.826     0.060        24
    16.248    21.810     0.060        24
    16.412    21.760     0.060        24
    16.574    21.697     0.060        24
    16.738    21.649     0.060        24
    16.910    21.603     0.060        24
    17.074    21.562     0.060        24
    17.236    21.514     0.060        24
    17.397    21.473     0.060        24
    17.558    21.437     0.060        24
    17.709    21.397     0.060        24
    17.870    21.341     0.060        24
    18.032    21.300     0.060        24
    18.182    21.267     0.060        24
    18.341    21.238     0.060        24
    18.502    21.208     0.060        24
    18.656    21.171     0.060        24
    18.817    21.114     0.060        24
    18.979    21.060     0.060        24
    19.129    21.020     0.060        24
    19.291    20.978     0.060        24
    19.441    20.942     0.060        24
    19.603    20.908     0.060        24
    19.753    20.867     0.060        24
    19.915    20.841     0.060        24
    20.065    20.789     0.060        24
    20.216    20.747     0.060        24
    20.377    20.705     0.060        24
    20.531    20.624     0.060        24
    20.692    20.590     0.060        24
    20.843    20.565     0.060        24
    21.007    20.534     0.060        24
    21.158    20.513     0.060        24
    21.320    20.471     0.060        24
    21.473    20.437     0.060        24
    21.635    20.398     0.060        24
    21.785    20.364     0.060        24
    21.947    20.333     0.060        24
    22.100    20.283     0.060        24
    22.251    20.237     0.060        24
    22.402    20.191     0.060        24
    22.566    20.152     0.060        24
    22.717    20.113     0.060        24
    22.878    20.070     0.060        24
    23.032    20.031     0.060        24
    23.193    19.983     0.060        24
    23.344    19.945     0.060        24
    23.505    19.897     0.060        24
    23.656    19.862     0.060        24
    23.820    19.823     0.060        24
    23.981    19.783     0.060        24
    24.129    19.741     0.060        24
    24.290    19.697     0.060        24
    24.441    19.654     0.060        24
    24.599    19.618     0.060        24
    24.761    19.577     0.060        24
    24.922    19.528     0.060        24
    25.073    19.480     0.060        24
    25.231    19.439     0.060        24
    25.393    19.398     0.060        24
    25.543    19.359     0.060        24
    25.705    19.314     0.060        24
    25.855    19.274     0.060        24
    26.017    19.238     0.060        24
    26.167    19.202     0.060        24
    26.329    19.166     0.060        24
    26.479    19.115     0.060        24
    26.641    19.078     0.060        24
    26.794    19.039     0.060        24
    26.956    18.998     0.060        24
    27.117    18.962     0.060        24
    27.268    18.919     0.060        24
    27.432    18.874     0.060        24
    27.593    18.850     0.060        24
    27.744    18.812     0.060        24
    27.905    18.769     0.060        24
    28.067    18.730     0.060        24
    28.217    18.685     0.060        24
    28.379    18.643     0.060        24
    28.543    18.601     0.060        24
    28.694    18.550     0.060        24
    28.858    18.494     0.060        24
    29.020    18.455     0.060        24
    29.184    18.420     0.060        24
    29.335    18.384     0.060        24
    29.496    18.346     0.060        24
    29.660    18.304     0.060        24
    29.822    18.263     0.060        24
    29.972    18.245     0.060        24
    30.131    18.167     0.060        24
    30.284    18.129     0.060        24
    30.446    18.101     0.060        24
    30.610    18.042     0.060        24
    30.761    17.991     0.060        24
    30.922    17.955     0.060        24
    31.076    17.920     0.060        24
    31.237    17.876     0.060        24
    31.388    17.825     0.060        24
    31.552    17.777     0.060        24
    31.713    17.736     0.060        24
    31.878    17.684     0.060        24
    32.031    17.630     0.060        24
    32.196    17.586     0.060        24
    32.357    17.540     0.060        24
    32.521    17.477     0.060        24
    32.683    17.438     0.060        24
    32.844    17.387     0.060        24
    33.005    17.330     0.060        24
    33.156    17.286     0.060        24
    33.317    17.242     0.060        24
    33.482    17.205     0.060        24
    33.643    17.155     0.060        24
    33.808    17.117     0.060        24
    33.969    17.072     0.060        24
    34.130    17.035     0.060        24
    34.292    16.991     0.060        24
    34.456    16.938     0.060        24
    34.617    16.890     0.060        24
    34.782    16.849     0.060        24
    34.943    16.805     0.060        24
    35.107    16.760     0.060        24
    35.279    16.719     0.060        24
    35.444    16.691     0.060        24
    35.605    16.659     0.060        24
    35.766    16.619     0.060        24
    35.931    16.583     0.060        24
    36.092    16.555     0.060        24
    36.253    16.515     0.060        24
    36.415    16.491     0.060        24
    36.584    16.466     0.060        24
    36.745    16.393     0.060        24
    36.906    16.333     0.060        24
    37.057    16.309     0.060        24
    37.221    16.273     0.060        24
    37.383    16.226     0.060        24
    37.544    16.180     0.060        24
    37.705    16.140     0.060        24
    37.870    16.094     0.060        24
    38.031    16.054     0.060        24
    38.192    16.014     0.060        24
    38.357    15.933     0.060        24
    38.518    15.896     0.060        24
    38.679    15.864     0.060        24
    38.844    15.835     0.060        24
    39.005    15.780     0.060        24
    39.169    15.731     0.060        24
    39.331    15.701     0.060        24
    39.492    15.645     0.060        24
    39.656    15.606     0.060        24
    39.818    15.557     0.060        24
    39.982    15.519     0.060        24
    40.143    15.480     0.060        24
    40.305    15.415     0.060        24
    40.469    15.378     0.060        24
    40.630    15.342     0.060        24
    40.792    15.301     0.060        24
    40.967    15.255     0.060        24
    41.128    15.211     0.060        24
    41.287    15.167     0.060        24
    41.448    15.131     0.060        24
    41.599    15.096     0.060        24
    41.760    15.044     0.060        24
    41.921    14.952     0.060        24
    42.083    14.916     0.060        24
    42.244    14.885     0.060        24
    42.419    14.852     0.060        24
    42.570    14.810     0.060        24
    42.731    14.771     0.060        24
    42.882    14.736     0.060        24
    43.029    14.706     0.060        24
    43.191    14.675     0.060        24
    43.338    14.579     0.060        24
    43.500    14.534     0.060        24
    43.650    14.508     0.060        24
    43.812    14.472     0.060        24
    43.973    14.432     0.060        24
    44.127    14.396     0.060        24
    44.288    14.368     0.060        24
    44.449    14.324     0.060        24
    44.600    14.277     0.060        24
    44.761    14.241     0.060        24
    44.912    14.193     0.060        24
    45.066    14.145     0.060        24
    45.227    14.092     0.060        24
    45.391    14.063     0.060        24
    45.542    14.027     0.060        24
    78.859     1.000     0.000         0
    79.008     1.886     0.060         1
    79.156     1.903     0.060         1
    79.318     1.923     0.060         1
    79.468     1.942     0.060         1
    79.619     1.969     0.060         1
    79.769     2.003     0.060         1
    79.931     2.039     0.060         1
    80.081     2.085     0.060         1
    80.232     2.127     0.060         1
    80.393     2.186     0.060         1
    80.541     2.233     0.060         1
    80.703     2.288     0.060         1
    80.853     2.344     0.060         1
    81.014     2.406     0.060         1
    81.165     2.462     0.060         1
    81.316     2.531     0.060         1
    81.477     2.599     0.060         1
    81.628     2.676     0.060         1
    81.789     2.752     0.060         1
    81.940     2.823     0.060         1
    82.101     2.901     0.060         1
    82.260     2.974     0.060         1
    79.008     2.477     0.060         2
    79.156     2.489     0.060         2
    79.318     2.499     0.060         2
    79.468     2.521     0.060         2
    79.619     2.542     0.060         2
    79.769     2.555     0.060         2
    79.931     2.572     0.060         2
    80.081     2.603     0.060         2
    80.232     2.645     0.060         2
    80.393     2.683     0.060         2
    80.541     2.724     0.060         2
    80.703     2.756     0.060         2
    80.853     2.806     0.060         2
    81.014     2.853     0.060         2
    81.165     2.886     0.060         2
    81.316     2.930     0.060         2
    81.477     2.987     0.060         2
    81.628     3.041     0.060         2
    81.789     3.092     0.060         2
    79.008     3.091     0.060         3
    79.156     3.100     0.060         3
    79.318     3.108     0.060         3
    79.468     3.126     0.060         3
    79.619     3.131     0.060         3
    79.769     3.149     0.060         3
    79.931     3.159     0.060         3
    80.081     3.182     0.060         3
    80.232     3.198     0.060         3
    80.393     3.214     0.060         3
    80.541     3.242     0.060         3
    80.703     3.269     0.060         3
    80.853     3.292     0.060         3
    81.014     3.320     0.060         3
    81.165     3.355     0.060         3
    81.316     3.382     0.060         3
    81.477     3.414     0.060         3
    81.628     3.458     0.060         3
    81.789     3.487     0.060         3
    81.940     3.533     0.060         3
    82.101     3.559     0.060         3
    82.260     3.590     0.060         3
    82.410     3.632     0.060         3
    82.561     3.662     0.060         3
    82.722     3.713     0.060         3
    91.973     6.043     0.060         5
    92.134     6.063     0.060         5
    92.288     6.078     0.060         5
    92.449     6.098     0.060         5
    92.603     6.106     0.060         5
    92.764     6.125     0.060         5
    92.915     6.149     0.060         5
    93.076     6.173     0.060         5
    93.237     6.193     0.060         5
    93.399     6.209     0.060         5
    93.549     6.221     0.060         5
    93.714     6.240     0.060         5
    93.875     6.260     0.060         5
    94.036     6.293     0.060         5
    94.187     6.297     0.060         5
    94.351     6.304     0.060         5
    94.513     6.333     0.060         5
    94.663     6.353     0.060         5
    94.825     6.380     0.060         5
    94.978     6.393     0.060         5
    95.139     6.418     0.060         5
    95.301     6.439     0.060         5
    95.451     6.457     0.060         5
    95.616     6.481     0.060         5
    95.777     6.498     0.060         5
    95.938     6.519     0.060         5
    96.089     6.536     0.060         5
    96.250     6.557     0.060         5
    96.415     6.574     0.060         5
    96.565     6.589     0.060         5
    96.727     6.603     0.060         5
    96.880     6.621     0.060         5
    97.041     6.627     0.060         5
    97.203     6.669     0.060         5
    97.353     6.693     0.060         5
    97.515     6.700     0.060         5
    97.676     6.716     0.060         5
    97.827     6.731     0.060         5
    97.988     6.755     0.060         5
    98.146     6.779     0.060         5
    98.297     6.777     0.060         5
    98.458     6.786     0.060         5
    98.606     6.773     0.060         5
    98.767     6.784     0.060         5
    98.918     6.800     0.060         5
    99.068     6.812     0.060         5
    99.227     6.802     0.060         5
    99.377     6.822     0.060         5
    99.539     6.830     0.060         5
    99.689     6.836     0.060         5
    99.840     6.873     0.060         5
   100.001     6.883     0.060         5
   100.152     6.894     0.060         5
   100.313     6.897     0.060         5
   100.464     6.923     0.060         5
   100.615     6.939     0.060         5
   100.776     6.958     0.060         5
   100.926     6.966     0.060         5
   101.080     6.973     0.060         5
   101.231     6.989     0.060         5
   101.384     6.997     0.060         5
   101.535     7.017     0.060         5
   101.689     7.038     0.060         5
   101.842     7.068     0.060         5
   101.993     7.074     0.060         5
   102.147     7.090     0.060         5
   102.297     7.093     0.060         5
   102.461     7.107     0.060         5
   102.612     7.133     0.060         5
   102.763     7.132     0.060         5
   102.916     7.157     0.060         5
   103.067     7.189     0.060         5
   103.218     7.197     0.060         5
   103.371     7.209     0.060         5
   103.522     7.219     0.060         5
   103.683     7.256     0.060         5
   103.837     7.288     0.060         5
   103.987     7.316     0.060         5
   104.152     7.342     0.060         5
   104.313     7.361     0.060         5
   104.467     7.397     0.060         5
   104.628     7.438     0.060         5
   104.792     7.451     0.060         5
   104.946     7.466     0.060         5
   105.107     7.508     0.060         5
   105.258     7.513     0.060         5
   105.422     7.542     0.060         5
   105.573     7.559     0.060         5
   105.727     7.584     0.060         5
   105.891     7.600     0.060         5
   106.041     7.627     0.060         5
   106.203     7.638     0.060         5
   106.367     7.666     0.060         5
   106.518     7.697     0.060         5
   106.679     7.709     0.060         5
   106.830     7.728     0.060         5
   106.991     7.776     0.060         5
   107.145     7.779     0.060         5
   107.295     7.809     0.060         5
   107.456     7.847     0.060         5
   107.607     7.865     0.060         5
   107.768     7.888     0.060         5
   107.922     7.921     0.060         5
   108.083     7.945     0.060         5
   108.234     7.957     0.060         5
   108.395     8.004     0.060         5
   108.543     8.032     0.060         5
   108.694     8.057     0.060         5
   108.855     8.102     0.060         5
   109.005     8.119     0.060         5
   109.167     8.144     0.060         5
   109.314     8.165     0.060         5
   109.479     8.198     0.060         5
   109.640     8.211     0.060         5
   109.791     8.244     0.060         5
   109.952     8.266     0.060         5
   110.102     8.290     0.060         5
   110.264     8.312     0.060         5
   110.417     8.331     0.060         5
   110.579     8.358     0.060         5
   110.729     8.373     0.060         5
   110.880     8.388     0.060         5
   111.041     8.411     0.060         5
   111.192     8.418     0.060         5
   111.353     8.449     0.060         5
   111.504     8.465     0.060         5
   111.665     8.496     0.060         5
   111.816     8.512     0.060         5
   111.977     8.539     0.060         5
   112.128     8.558     0.060         5
   112.289     8.594     0.060         5
   112.440     8.601     0.060         5
   112.587     8.618     0.060         5
   112.749     8.647     0.060         5
   112.899     8.691     0.060         5
   113.050     8.705     0.060         5
   113.200     8.730     0.060         5
   113.351     8.747     0.060         5
   113.509     8.784     0.060         5
   113.671     8.806     0.060         5
   113.832     8.835     0.060         5
   113.996     8.870     0.060         5
   114.147     8.910     0.060         5
   114.308     8.942     0.060         5
   114.469     8.964     0.060         5
   114.634     8.998     0.060         5
   114.795     9.026     0.060         5
   114.956     9.063     0.060         5
   115.118     9.072     0.060         5
   115.279     9.122     0.060         5
   115.440     9.146     0.060         5
   115.601     9.181     0.060         5
   115.763     9.199     0.060         5
   115.924     9.241     0.060         5
   116.085     9.262     0.060         5
   116.244     9.280     0.060         5
   116.394     9.309     0.060         5
   116.556     9.347     0.060         5
   116.714     9.374     0.060         5
   116.875     9.409     0.060         5
   117.026     9.428     0.060         5
   117.187     9.459     0.060         5
   117.345     9.478     0.060         5
   117.496     9.497     0.060         5
   117.657     9.525     0.060         5
   117.808     9.547     0.060         5
   117.969     9.588     0.060         5
   118.131     9.609     0.060         5
   118.292     9.618     0.060         5
   118.443     9.640     0.060         5
   118.604     9.661     0.060         5
   118.765     9.690     0.060         5
   118.929     9.718     0.060         5
   119.080     9.738     0.060         5
   119.241     9.762     0.060         5
   119.406     9.790     0.060         5
   119.567     9.822     0.060         5
   119.728     9.850     0.060         5
   119.890     9.850     0.060         5
   120.051     9.886     0.060         5
   120.212     9.923     0.060         5
   120.373     9.943     0.060         5
   120.535     9.986     0.060         5
   120.696    10.010     0.060         5
   120.857    10.032     0.060         5
   121.022    10.058     0.060         5
   121.183    10.072     0.060         5
   121.344    10.094     0.060         5
   121.508    10.118     0.060         5
   121.670    10.146     0.060         5
   121.831    10.154     0.060         5
   121.985    10.194     0.060         5
   122.146    10.206     0.060         5
   122.310    10.258     0.060         5
   122.471    10.274     0.060         5
   122.633    10.315     0.060         5
   122.797    10.335     0.060         5
   122.958    10.372     0.060         5
   123.109    10.387     0.060         5
   123.270    10.423     0.060         5
   123.421    10.456     0.060         5
   123.582    10.505     0.060         5
   123.733    10.546     0.060         5
   123.894    10.567     0.060         5
   124.045    10.603     0.060         5
   124.206    10.641     0.060         5
   124.367    10.651     0.060         5
   124.521    10.658     0.060         5
   124.685    10.700     0.060         5
   124.836    10.690     0.060         5
   124.997    10.732     0.060         5
   125.161    10.755     0.060         5
   125.312    10.764     0.060         5
   125.473    10.774     0.060         5
   125.635    10.820     0.060         5
   125.785    10.835     0.060         5
   125.947    10.854     0.060         5
   126.097    10.878     0.060         5
   126.248    10.890     0.060         5
   126.409    10.906     0.060         5
   126.560    10.921     0.060         5
   126.721    10.953     0.060         5
   126.872    10.982     0.060         5
   127.030    11.014     0.060         5
   127.181    11.034     0.060         5
   127.342    11.053     0.060         5
   127.492    11.102     0.060         5
   127.654    11.110     0.060         5
   127.804    11.133     0.060         5
   127.969    11.157     0.060         5
   128.119    11.204     0.060         5
   128.281    11.212     0.060         5
   128.445    11.245     0.060         5
   128.606    11.263     0.060         5
   128.770    11.281     0.060         5
   128.921    11.311     0.060         5
   129.085    11.329     0.060         5
   129.250    11.361     0.060         5
   129.411    11.360     0.060         5
   129.575    11.397     0.060         5
   129.736    11.421     0.060         5
   129.887    11.417     0.060         5
   130.051    11.452     0.060         5
   130.213    11.468     0.060         5
   130.377    11.496     0.060         5
   130.527    11.536     0.060         5
   130.692    11.532     0.060         5
   130.853    11.572     0.060         5
   131.017    11.584     0.060         5
   131.168    11.623     0.060         5
   131.329    11.644     0.060         5
   131.490    11.668     0.060         5
   131.655    11.699     0.060         5
   131.805    11.720     0.060         5
   131.970    11.743     0.060         5
   132.131    11.768     0.060         5
   132.295    11.787     0.060         5
   132.456    11.811     0.060         5
   132.621    11.834     0.060         5
   132.782    11.867     0.060         5
   132.946    11.879     0.060         5
   133.261    11.931     0.060         5
   133.587    11.987     0.060         5
   133.751    12.019     0.060         5
   134.077    12.075     0.060         5
   134.238    12.103     0.060         5
   134.725    12.183     0.060         5
   135.043    12.243     0.060         5
   135.365    12.295     0.060         5
   135.995    12.399     0.060         5
   136.307    12.443     0.060         5
   136.632    12.499     0.060         5
   136.947    12.534     0.060         5
   137.262    12.612     0.060         5
   137.574    12.670     0.060         5
   138.214    12.767     0.060         5
   138.526    12.842     0.060         5
   138.852    12.894     0.060         5
   139.167    12.969     0.060         5
   139.654    13.038     0.060         5
   139.966    13.102     0.060         5
   140.291    13.165     0.060         5
   140.775    13.244     0.060         5
   216.583    23.837     0.060         5
   216.851    23.937     0.060         5
   217.254    24.023     0.060         5
   217.542    24.110     0.060         5
   217.843    24.196     0.060         5
   218.302    24.316     0.060         5
   218.762    24.431     0.060         5
   219.045    24.543     0.060         5
   219.325    24.663     0.060         5
   219.731    24.747     0.060         5
   220.414    24.912     0.060         5
   220.957    25.037     0.060         5
   221.223    25.125     0.060         5
   221.500    25.212     0.060         5
   221.787    25.274     0.060         5
   222.067    25.347     0.060         5
   225.388    26.343     0.060         5
   226.123    26.517     0.060         5
   226.564    26.620     0.060         5
   226.715    26.655     0.060         5
   226.854    26.733     0.060         5
   227.435    26.846     0.060         5
   227.586    26.907     0.060         5
   228.027    26.988     0.060         5
   228.317    27.030     0.060         5
   228.748    27.107     0.060         5
   229.028    27.164     0.060         5
   229.458    27.252     0.060         5
   230.022    27.360     0.060         5
   230.716    27.489     0.060         5
   231.560    27.639     0.060         5
   231.850    27.701     0.060         5
   232.267    27.783     0.060         5
   232.557    27.845     0.060         5
   233.832    28.068     0.060         5
   234.528    28.183     0.060         5
   234.948    28.259     0.060         5
   235.669    28.355     0.060         5
   236.239    28.423     0.060         5
   236.812    28.507     0.060         5
   237.250    28.583     0.060         5
   237.691    28.610     0.060         5
   238.573    28.718     0.060         5
   239.189    28.760     0.060         5
   239.969    28.809     0.060         5
   240.894    28.891     0.060         5
   241.668    28.953     0.060         5
   242.704    29.073     0.060         5
   243.131    29.121     0.060         5
   261.013    31.302     0.060         8
   261.489    31.328     0.060         8
   261.976    31.358     0.060         8
   262.785    31.450     0.060         8
   263.745    31.553     0.060         8
   264.242    31.630     0.060         8
   264.733    31.710     0.060         8
   265.383    31.790     0.060         8
   266.043    31.874     0.060         8
   266.698    31.954     0.060         8
   267.510    32.038     0.060         8
   268.319    32.133     0.060         8
   269.275    32.245     0.060         8
   270.394    32.385     0.060         8
   271.204    32.442     0.060         8
   271.836    32.496     0.060         8
   272.487    32.518     0.060         8
   273.293    32.594     0.060         8
   273.777    32.627     0.060         8
   274.260    32.663     0.060         8
   275.072    32.681     0.060         8
   276.062    32.729     0.060         8
   277.047    32.819     0.060         8
   277.528    32.862     0.060         8
   278.323    32.938     0.060         8
   278.810    32.954     0.060         8
   279.447    33.023     0.060         8
   279.611    33.043     0.060         8
   280.412    33.075     0.060         8
   281.542    33.187     0.060         8
   282.497    33.254     0.060         8
   283.287    33.298     0.060         8
   283.927    33.350     0.060         8
   284.403    33.380     0.060         8
   284.890    33.416     0.060         8
   285.530    33.481     0.060         8
   286.012    33.556     0.060         8
   287.625    33.687     0.060         8
    84.761     4.187     0.060        10
    85.073     4.292     0.060        10
    85.549     4.414     0.060        10
    86.025     4.543     0.060        10
    86.340     4.632     0.060        10
    86.655     4.721     0.060        10
    86.967     4.806     0.060        10
    87.282     4.879     0.060        10
    87.755     4.988     0.060        10
    88.070     5.061     0.060        10
    88.232     5.109     0.060        10
    88.536     5.182     0.060        10
    89.012     5.287     0.060        10
    89.316     5.359     0.060        10
    89.943     5.484     0.060        10
    90.409     5.585     0.060        10
    90.724     5.657     0.060        10
    91.192     5.766     0.060        10
   275.572    33.463     0.060        12
   277.367    33.590     0.060        12
   278.974    33.698     0.060        12
   281.542    33.894     0.060        12
   284.089    34.155     0.060        12
   286.012    34.276     0.060        12
   287.940    34.461     0.060        12
   290.365    34.723     0.060        12
   293.882    35.256     0.060        12
   296.194    35.644     0.060        12
   298.039    35.941     0.060        12
   299.574    36.160     0.060        12
   302.021    36.523     0.060        12
   303.436    36.754     0.060        12
   304.998    37.019     0.060        12
   307.350    37.380     0.060        12
   309.385    37.718     0.060        12
   312.204    38.139     0.060        12
    91.192     6.674     0.060        14
    91.354     6.707     0.060        14
    91.507     6.736     0.060        14
    91.658     6.765     0.060        14
    91.819     6.787     0.060        14
    91.973     6.815     0.060        14
    92.134     6.843     0.060        14
    92.288     6.875     0.060        14
    92.449     6.904     0.060        14
    92.603     6.928     0.060        14
    92.764     6.949     0.060        14
    92.915     6.967     0.060        14
    93.076     6.988     0.060        14
    93.237     7.011     0.060        14
    93.399     7.030     0.060        14
    93.549     7.050     0.060        14
    93.714     7.069     0.060        14
    93.875     7.084     0.060        14
    94.036     7.092     0.060        14
    94.187     7.112     0.060        14
    94.351     7.132     0.060        14
    94.513     7.157     0.060        14
    94.663     7.174     0.060        14
    94.825     7.196     0.060        14
    94.978     7.228     0.060        14
    95.139     7.252     0.060        14
    95.301     7.264     0.060        14
    95.451     7.276     0.060        14
    95.616     7.291     0.060        14
    95.777     7.310     0.060        14
    95.938     7.333     0.060        14
    96.089     7.352     0.060        14
    96.250     7.372     0.060        14
    96.415     7.392     0.060        14
    96.565     7.412     0.060        14
    96.727     7.428     0.060        14
    96.880     7.448     0.060        14
    97.041     7.459     0.060        14
    97.203     7.471     0.060        14
    97.353     7.491     0.060        14
    97.515     7.511     0.060        14
    97.676     7.537     0.060        14
    97.827     7.555     0.060        14
    97.988     7.557     0.060        14
    98.146     7.566     0.060        14
    98.297     7.582     0.060        14
    98.458     7.596     0.060        14
    98.606     7.603     0.060        14
    98.767     7.618     0.060        14
    98.918     7.617     0.060        14
    99.068     7.627     0.060        14
    99.227     7.625     0.060        14
    99.377     7.639     0.060        14
    99.539     7.652     0.060        14
    99.689     7.666     0.060        14
    99.840     7.676     0.060        14
   100.001     7.701     0.060        14
   100.152     7.707     0.060        14
   100.313     7.710     0.060        14
   100.464     7.729     0.060        14
   100.615     7.744     0.060        14
   100.776     7.763     0.060        14
   100.926     7.778     0.060        14
   101.080     7.799     0.060        14
   101.231     7.824     0.060        14
   101.384     7.840     0.060        14
   101.535     7.857     0.060        14
   101.689     7.858     0.060        14
   101.842     7.873     0.060        14
   101.993     7.888     0.060        14
   102.147     7.903     0.060        14
   102.297     7.927     0.060        14
   102.461     7.950     0.060        14
   102.612     7.964     0.060        14
   102.763     7.983     0.060        14
   102.916     7.998     0.060        14
   103.067     8.020     0.060        14
   103.218     8.035     0.060        14
   103.371     8.053     0.060        14
   103.522     8.078     0.060        14
   103.683     8.096     0.060        14
   103.837     8.130     0.060        14
   103.987     8.156     0.060        14
   104.152     8.182     0.060        14
   104.313     8.203     0.060        14
   104.467     8.227     0.060        14
   104.628     8.251     0.060        14
   104.792     8.275     0.060        14
   104.946     8.299     0.060        14
   105.107     8.327     0.060        14
   105.258     8.339     0.060        14
   105.422     8.363     0.060        14
   105.573     8.383     0.060        14
   105.727     8.411     0.060        14
   105.891     8.440     0.060        14
   106.041     8.460     0.060        14
   106.203     8.484     0.060        14
   106.367     8.508     0.060        14
   106.518     8.528     0.060        14
   106.679     8.548     0.060        14
   106.830     8.571     0.060        14
   106.991     8.586     0.060        14
   107.145     8.613     0.060        14
   107.295     8.636     0.060        14
   107.456     8.652     0.060        14
   107.607     8.672     0.060        14
   107.768     8.695     0.060        14
   107.922     8.723     0.060        14
   108.083     8.751     0.060        14
   108.234     8.762     0.060        14
   108.395     8.790     0.060        14
   108.543     8.818     0.060        14
   108.694     8.841     0.060        14
   108.855     8.870     0.060        14
   109.005     8.910     0.060        14
   109.167     8.951     0.060        14
   109.314     8.978     0.060        14
   109.479     9.007     0.060        14
   109.640     9.035     0.060        14
   109.791     9.054     0.060        14
   109.952     9.085     0.060        14
   110.102     9.104     0.060        14
   110.264     9.126     0.060        14
   110.417     9.149     0.060        14
   110.579     9.168     0.060        14
   110.729     9.187     0.060        14
   110.880     9.205     0.060        14
   111.041     9.224     0.060        14
   111.192     9.247     0.060        14
   111.353     9.270     0.060        14
   111.504     9.298     0.060        14
   111.665     9.317     0.060        14
   111.816     9.336     0.060        14
   111.977     9.355     0.060        14
   112.128     9.381     0.060        14
   112.289     9.392     0.060        14
   112.440     9.414     0.060        14
   112.587     9.445     0.060        14
   112.749     9.455     0.060        14
   112.899     9.485     0.060        14
   113.050     9.502     0.060        14
   113.200     9.537     0.060        14
   113.351     9.558     0.060        14
   113.509     9.592     0.060        14
   113.671     9.622     0.060        14
   113.832     9.643     0.060        14
   113.996     9.655     0.060        14
   114.147     9.680     0.060        14
   114.308     9.705     0.060        14
   114.469     9.737     0.060        14
   114.634     9.769     0.060        14
   114.795     9.789     0.060        14
   114.956     9.821     0.060        14
   115.118     9.841     0.060        14
   115.279     9.865     0.060        14
   115.440     9.925     0.060        14
   115.601     9.951     0.060        14
   115.763     9.990     0.060        14
   115.924    10.017     0.060        14
   116.085    10.061     0.060        14
   116.244    10.069     0.060        14
   116.394    10.095     0.060        14
   116.556    10.127     0.060        14
   116.714    10.151     0.060        14
   116.875    10.185     0.060        14
   117.026    10.209     0.060        14
   117.187    10.225     0.060        14
   117.345    10.226     0.060        14
   117.496    10.257     0.060        14
   117.657    10.285     0.060        14
   117.808    10.312     0.060        14
   117.969    10.356     0.060        14
   118.131    10.379     0.060        14
   118.292    10.407     0.060        14
   118.443    10.434     0.060        14
   118.604    10.461     0.060        14
   118.765    10.488     0.060        14
   118.929    10.515     0.060        14
   119.080    10.546     0.060        14
   119.241    10.569     0.060        14
   119.406    10.591     0.060        14
   119.567    10.614     0.060        14
   119.728    10.641     0.060        14
   119.890    10.664     0.060        14
   120.051    10.691     0.060        14
   120.212    10.717     0.060        14
   120.373    10.740     0.060        14
   120.535    10.763     0.060        14
   120.696    10.794     0.060        14
   120.857    10.819     0.060        14
   121.022    10.844     0.060        14
   121.183    10.881     0.060        14
   121.344    10.898     0.060        14
   121.508    10.919     0.060        14
   121.670    10.946     0.060        14
   121.831    10.978     0.060        14
   121.985    11.005     0.060        14
   122.146    11.029     0.060        14
   122.310    11.060     0.060        14
   122.471    11.091     0.060        14
   122.633    11.103     0.060        14
   122.797    11.132     0.060        14
   122.958    11.161     0.060        14
   123.109    11.187     0.060        14
   123.270    11.219     0.060        14
   123.421    11.247     0.060        14
   123.582    11.287     0.060        14
   123.733    11.319     0.060        14
   123.894    11.352     0.060        14
   124.045    11.380     0.060        14
   124.206    11.407     0.060        14
   124.367    11.434     0.060        14
   124.521    11.457     0.060        14
   124.685    11.480     0.060        14
   124.836    11.503     0.060        14
   124.997    11.522     0.060        14
   125.161    11.549     0.060        14
   125.312    11.572     0.060        14
   125.473    11.587     0.060        14
   125.635    11.609     0.060        14
   125.785    11.628     0.060        14
   125.947    11.651     0.060        14
   126.097    11.670     0.060        14
   126.248    11.680     0.060        14
   126.409    11.715     0.060        14
   126.560    11.730     0.060        14
   126.721    11.752     0.060        14
   126.872    11.774     0.060        14
   127.030    11.788     0.060        14
   127.181    11.815     0.060        14
   127.342    11.833     0.060        14
   127.492    11.850     0.060        14
   127.654    11.878     0.060        14
   127.804    11.899     0.060        14
   127.969    11.924     0.060        14
   128.119    11.944     0.060        14
   128.281    11.971     0.060        14
   128.445    11.994     0.060        14
   128.606    12.021     0.060        14
   128.770    12.036     0.060        14
   128.921    12.055     0.060        14
   129.085    12.081     0.060        14
   129.250    12.099     0.060        14
   129.411    12.118     0.060        14
   129.575    12.157     0.060        14
   129.736    12.164     0.060        14
   129.887    12.196     0.060        14
   130.051    12.207     0.060        14
   130.213    12.230     0.060        14
   130.377    12.250     0.060        14
   130.527    12.284     0.060        14
   130.692    12.312     0.060        14
   130.853    12.314     0.060        14
   131.017    12.364     0.060        14
   131.168    12.380     0.060        14
   131.329    12.418     0.060        14
   131.490    12.432     0.060        14
   131.655    12.468     0.060        14
   131.805    12.480     0.060        14
   131.970    12.510     0.060        14
   132.131    12.536     0.060        14
   132.295    12.557     0.060        14
   132.456    12.601     0.060        14
   132.621    12.613     0.060        14
   132.782    12.653     0.060        14
   132.946    12.677     0.060        14
   133.100    12.694     0.060        14
   133.261    12.734     0.060        14
   133.425    12.750     0.060        14
   133.587    12.788     0.060        14
   133.751    12.806     0.060        14
   133.912    12.853     0.060        14
   134.077    12.877     0.060        14
   134.238    12.878     0.060        14
   134.399    12.900     0.060        14
   134.563    12.929     0.060        14
   134.725    12.958     0.060        14
   134.889    12.979     0.060        14
   135.043    13.009     0.060        14
   135.204    13.046     0.060        14
   135.365    13.099     0.060        14
   135.529    13.116     0.060        14
   135.680    13.129     0.060        14
   135.841    13.178     0.060        14
   135.995    13.212     0.060        14
   136.156    13.225     0.060        14
   136.307    13.266     0.060        14
   136.471    13.299     0.060        14
   136.632    13.284     0.060        14
   136.786    13.321     0.060        14
   136.947    13.355     0.060        14
   137.098    13.392     0.060        14
   137.262    13.397     0.060        14
   137.423    13.438     0.060        14
   137.574    13.471     0.060        14
   137.738    13.497     0.060        14
   137.900    13.538     0.060        14
   138.050    13.559     0.060        14
   138.214    13.588     0.060        14
   138.365    13.609     0.060        14
   138.526    13.650     0.060        14
   138.688    13.678     0.060        14
   138.852    13.690     0.060        14
   139.003    13.744     0.060        14
   139.167    13.754     0.060        14
   139.328    13.786     0.060        14
   139.489    13.842     0.060        14
   139.654    13.834     0.060        14
   139.804    13.890     0.060        14
   139.966    13.890     0.060        14
   140.127    13.941     0.060        14
   140.291    13.971     0.060        14
   140.452    13.989     0.060        14
   140.614    14.004     0.060        14
   140.775    14.026     0.060        14
   140.929    14.056     0.060        14
   141.090    14.072     0.060        14
   141.251    14.103     0.060        14
   141.415    14.141     0.060        14
   141.577    14.160     0.060        14
   141.738    14.192     0.060        14
   141.899    14.222     0.060        14
   142.063    14.224     0.060        14
   142.225    14.259     0.060        14
   142.378    14.268     0.060        14
   142.540    14.274     0.060        14
   142.701    14.298     0.060        14
   142.865    14.326     0.060        14
   143.016    14.335     0.060        14
   143.177    14.348     0.060        14
   143.338    14.386     0.060        14
   143.503    14.427     0.060        14
   143.664    14.429     0.060        14
   143.825    14.459     0.060        14
   143.986    14.489     0.060        14
   144.148    14.506     0.060        14
   219.045    25.849     0.060        14
   220.957    26.254     0.060        14
   222.204    26.616     0.060        14
   223.205    26.919     0.060        14
   225.528    27.385     0.060        14
   227.586    27.797     0.060        14
   228.608    28.021     0.060        14
   230.439    28.290     0.060        14
   232.557    28.609     0.060        14
   234.252    28.821     0.060        14
   236.382    29.144     0.060        14
   237.982    29.344     0.060        14
    91.819     9.204     0.060        24
    91.973     9.224     0.060        24
    92.134     9.256     0.060        24
    92.288     9.289     0.060        24
    92.449     9.320     0.060        24
    92.603     9.356     0.060        24
    92.764     9.395     0.060        24
    92.915     9.430     0.060        24
    93.076     9.466     0.060        24
    93.237     9.510     0.060        24
    93.399     9.543     0.060        24
    93.549     9.584     0.060        24
    93.714     9.621     0.060        24
    93.875     9.663     0.060        24
    94.036     9.708     0.060        24
    94.187     9.753     0.060        24
    94.351     9.796     0.060        24
    94.513     9.838     0.060        24
    94.663     9.875     0.060        24
    94.825     9.917     0.060        24
    94.978     9.950     0.060        24
    95.139     9.989     0.060        24
    95.301    10.036     0.060        24
    95.451    10.082     0.060        24
    95.616    10.129     0.060        24
    95.777    10.155     0.060        24
    95.938    10.189     0.060        24
    96.089    10.210     0.060        24
    96.250    10.276     0.060        24
    96.415    10.310     0.060        24
    96.565    10.357     0.060        24
    96.727    10.409     0.060        24
    96.880    10.448     0.060        24
    97.041    10.481     0.060        24
    97.203    10.506     0.060        24
    97.353    10.539     0.060        24
    97.515    10.569     0.060        24
    97.676    10.594     0.060        24
    97.827    10.615     0.060        24
    97.988    10.640     0.060        24
    98.146    10.662     0.060        24
    98.297    10.692     0.060        24
    98.458    10.722     0.060        24
    98.606    10.760     0.060        24
    98.767    10.790     0.060        24
    98.918    10.828     0.060        24
    99.068    10.861     0.060        24
    99.227    10.896     0.060        24
    99.377    10.926     0.060        24
    99.539    10.949     0.060        24
    99.689    10.983     0.060        24
    99.840    11.013     0.060        24
   100.001    11.042     0.060        24
   100.152    11.101     0.060        24
   100.313    11.123     0.060        24
   100.464    11.168     0.060        24
   100.615    11.216     0.060        24
   100.776    11.251     0.060        24
   100.926    11.293     0.060        24
   101.080    11.322     0.060        24
   101.231    11.382     0.060        24
   101.384    11.410     0.060        24
   101.535    11.449     0.060        24
   101.689    11.487     0.060        24
   101.842    11.496     0.060        24
   101.993    11.539     0.060        24
   102.147    11.609     0.060        24
   102.297    11.641     0.060        24
   102.461    11.692     0.060        24
   102.612    11.738     0.060        24
   102.763    11.787     0.060        24
   102.916    11.819     0.060        24
   103.067    11.855     0.060        24
   103.218    11.892     0.060        24
   103.371    11.937     0.060        24
   103.522    11.975     0.060        24
   103.683    12.017     0.060        24
   103.837    12.048     0.060        24
   103.987    12.079     0.060        24
   104.152    12.135     0.060        24
   104.313    12.174     0.060        24
   104.467    12.241     0.060        24
   104.628    12.273     0.060        24
   104.792    12.312     0.060        24
   104.946    12.339     0.060        24
   105.107    12.402     0.060        24
   105.258    12.442     0.060        24
   105.422    12.488     0.060        24
   105.573    12.515     0.060        24
   105.727    12.541     0.060        24
   105.891    12.568     0.060        24
   106.041    12.594     0.060        24
   106.203    12.629     0.060        24
   106.367    12.672     0.060        24
   106.518    12.729     0.060        24
   106.679    12.768     0.060        24
   106.830    12.818     0.060        24
   106.991    12.885     0.060        24
   107.145    12.911     0.060        24
   107.295    12.972     0.060        24
   107.456    13.015     0.060        24
   107.607    13.060     0.060        24
   107.768    13.100     0.060        24
   107.922    13.139     0.060        24
   108.083    13.182     0.060        24
   108.234    13.240     0.060        24
   108.395    13.292     0.060        24
   108.543    13.325     0.060        24
   108.694    13.377     0.060        24
   108.855    13.430     0.060        24
   109.005    13.466     0.060        24
   109.167    13.511     0.060        24
   109.314    13.554     0.060        24
   109.479    13.610     0.060        24
   109.640    13.676     0.060        24
   109.791    13.737     0.060        24
   109.952    13.791     0.060        24
   110.102    13.837     0.060        24
   110.264    13.876     0.060        24
   110.417    13.926     0.060        24
   110.579    13.966     0.060        24
   110.729    13.995     0.060        24
   110.880    14.030     0.060        24
   111.041    14.073     0.060        24
   111.192    14.111     0.060        24
   111.353    14.154     0.060        24
   111.504    14.205     0.060        24
   111.665    14.272     0.060        24
   111.816    14.322     0.060        24
   111.977    14.358     0.060        24
   112.128    14.402     0.060        24
   112.289    14.440     0.060        24
   112.440    14.484     0.060        24
   112.587    14.524     0.060        24
   112.749    14.568     0.060        24
   112.899    14.603     0.060        24
   113.050    14.670     0.060        24
   113.200    14.720     0.060        24
   113.351    14.743     0.060        24
   113.509    14.771     0.060        24
   113.671    14.836     0.060        24
   113.832    14.879     0.060        24
   113.996    14.942     0.060        24
   114.147    14.975     0.060        24
   114.308    15.037     0.060        24
   114.469    15.063     0.060        24
   114.634    15.091     0.060        24
   114.795    15.136     0.060        24
   114.956    15.192     0.060        24
   115.118    15.245     0.060        24
   115.279    15.315     0.060        24
   115.440    15.355     0.060        24
   115.601    15.391     0.060        24
   115.763    15.464     0.060        24
   115.924    15.513     0.060        24
   116.085    15.541     0.060        24
   116.244    15.582     0.060        24
   116.394    15.626     0.060        24
   116.556    15.689     0.060        24
   116.714    15.722     0.060        24
   116.875    15.764     0.060        24
   117.026    15.801     0.060        24
   117.187    15.847     0.060        24
   117.345    15.889     0.060        24
   117.496    15.930     0.060        24
   117.657    15.973     0.060        24
   117.808    16.022     0.060        24
   117.969    16.077     0.060        24
   118.131    16.116     0.060        24
   118.292    16.167     0.060        24
   118.443    16.216     0.060        24
   118.604    16.243     0.060        24
   118.765    16.282     0.060        24
   118.929    16.317     0.060        24
   119.080    16.387     0.060        24
   119.241    16.429     0.060        24
   119.406    16.469     0.060        24
   119.567    16.515     0.060        24
   119.728    16.562     0.060        24
   119.890    16.604     0.060        24
   120.051    16.647     0.060        24
   120.212    16.693     0.060        24
   120.373    16.732     0.060        24
   120.535    16.775     0.060        24
   120.696    16.833     0.060        24
   120.857    16.870     0.060        24
   121.022    16.920     0.060        24
   121.183    16.969     0.060        24
   121.344    17.007     0.060        24
   121.508    17.048     0.060        24
   121.670    17.094     0.060        24
   121.831    17.135     0.060        24
   121.985    17.187     0.060        24
   122.146    17.233     0.060        24
   122.310    17.274     0.060        24
   122.471    17.337     0.060        24
   122.633    17.407     0.060        24
   122.797    17.449     0.060        24
   122.958    17.488     0.060        24
   123.109    17.529     0.060        24
   123.270    17.522     0.060        24
   123.421    17.554     0.060        24
   123.582    17.611     0.060        24
   123.733    17.640     0.060        24
   123.894    17.679     0.060        24
   124.045    17.716     0.060        24
   124.206    17.734     0.060        24
   124.367    17.770     0.060        24
   124.521    17.781     0.060        24
   124.685    17.827     0.060        24
   124.836    17.865     0.060        24
   124.997    17.915     0.060        24
   125.161    17.961     0.060        24
   125.312    17.974     0.060        24
   125.473    18.000     0.060        24
   125.635    18.031     0.060        24
   125.785    18.073     0.060        24
   125.947    18.111     0.060        24
   126.097    18.149     0.060        24
   126.248    18.183     0.060        24
   126.409    18.217     0.060        24
   126.560    18.247     0.060        24
   126.721    18.289     0.060        24
   126.872    18.327     0.060        24
   127.030    18.372     0.060        24
   127.181    18.404     0.060        24
   127.342    18.446     0.060        24
   127.492    18.486     0.060        24
   127.654    18.515     0.060        24
   127.804    18.559     0.060        24
   127.969    18.601     0.060        24
   128.119    18.637     0.060        24
   128.281    18.675     0.060        24
   128.445    18.741     0.060        24
   128.606    18.770     0.060        24
   128.770    18.827     0.060        24
   128.921    18.861     0.060        24
   129.085    18.895     0.060        24
   129.250    18.942     0.060        24
   129.411    18.980     0.060        24
   129.575    19.016     0.060        24
   129.736    19.051     0.060        24
   129.887    19.086     0.060        24
   130.051    19.123     0.060        24
   130.213    19.155     0.060        24
   130.377    19.188     0.060        24
   130.527    19.220     0.060        24
   130.692    19.260     0.060        24
   130.853    19.297     0.060        24
   131.017    19.361     0.060        24
   131.168    19.437     0.060        24
   131.329    19.493     0.060        24
   131.490    19.532     0.060        24
   131.655    19.559     0.060        24
   131.805    19.609     0.060        24
   131.970    19.643     0.060        24
   132.131    19.698     0.060        24
   132.295    19.735     0.060        24
   132.456    19.783     0.060        24
   132.621    19.826     0.060        24
   132.782    19.884     0.060        24
   132.946    19.908     0.060        24
   133.100    19.944     0.060        24
   133.261    19.990     0.060        24
   133.425    20.013     0.060        24
   133.587    20.033     0.060        24
   133.751    20.089     0.060        24
   133.912    20.128     0.060        24
   134.077    20.183     0.060        24
   134.238    20.227     0.060        24
   134.399    20.264     0.060        24
   134.563    20.311     0.060        24
   134.725    20.347     0.060        24
   134.889    20.397     0.060        24
   135.043    20.441     0.060        24
   135.204    20.490     0.060        24
   135.365    20.523     0.060        24
   135.529    20.587     0.060        24
   135.680    20.612     0.060        24
   135.841    20.669     0.060        24
   135.995    20.714     0.060        24
   136.156    20.740     0.060        24
   136.307    20.781     0.060        24
   136.471    20.847     0.060        24
   136.632    20.905     0.060        24
   136.786    20.978     0.060        24
   136.947    20.995     0.060        24
   137.098    21.044     0.060        24
   137.262    21.086     0.060        24
   137.423    21.129     0.060        24
   137.574    21.182     0.060        24
   137.738    21.221     0.060        24
   137.900    21.278     0.060        24
   138.050    21.340     0.060        24
   138.214    21.403     0.060        24
   138.365    21.444     0.060        24
   138.526    21.453     0.060        24
   138.688    21.505     0.060        24
   138.852    21.536     0.060        24
   139.003    21.567     0.060        24
   139.167    21.579     0.060        24
   139.328    21.628     0.060        24
   139.489    21.672     0.060        24
   139.654    21.721     0.060        24
   139.804    21.759     0.060        24
   139.966    21.827     0.060        24
   140.127    21.884     0.060        24
   140.291    21.923     0.060        24
   140.452    21.975     0.060        24
   140.614    21.994     0.060        24
   140.775    22.031     0.060        24
   140.929    22.111     0.060        24
   141.090    22.143     0.060        24
   141.251    22.208     0.060        24
   141.415    22.233     0.060        24
   141.577    22.289     0.060        24
   141.738    22.349     0.060        24
   141.899    22.382     0.060        24
   142.063    22.455     0.060        24
   142.225    22.484     0.060        24
   142.378    22.524     0.060        24
   142.540    22.568     0.060        24
   142.701    22.616     0.060        24
   142.865    22.632     0.060        24
   143.016    22.699     0.060        24
   143.177    22.711     0.060        24
   143.338    22.762     0.060        24
   143.503    22.815     0.060        24
   143.664    22.823     0.060        24
   143.825    22.871     0.060        24
   143.986    22.924     0.060        24
   144.148    22.975     0.060        24
   144.309    22.996     0.060        24
   144.946    23.136     0.060        24
   145.433    23.248     0.060        24
   145.917    23.391     0.060        24
   146.880    23.574     0.060        24
   147.353    23.707     0.060        24
   147.840    23.851     0.060        24
   148.642    24.003     0.060        24
   148.954    24.074     0.060        24
   149.745    24.227     0.060        24
   150.224    24.318     0.060        24
   150.851    24.457     0.060        24
   151.470    24.533     0.060        24
   124.206    20.678     0.060        28
   124.685    20.748     0.060        28
   124.997    20.800     0.060        28
   125.473    20.920     0.060        28
   125.785    20.978     0.060        28
   126.248    21.057     0.060        28
   126.560    21.109     0.060        28
   126.721    21.140     0.060        28
   127.342    21.305     0.060        28
   127.969    21.443     0.060        28
     0.000     0.000     0.000        -1
