   212.751    -1.000     0.000         0
    87.133    22.700     0.060         5
    88.233    22.543     0.060         5
    89.164    22.406     0.060         5
    89.794    22.310     0.060         5
    90.725    22.173     0.060         5
    91.355    22.077     0.060         5
    92.289    21.936     0.060         5
    93.551    21.743     0.060         5
    94.664    21.574     0.060         5
    95.617    21.417     0.060         5
    96.416    21.243     0.060         5
    97.043    21.125     0.060         5
    97.828    20.972     0.060         5
    98.298    20.879     0.060         5
    99.379    20.705     0.060         5
   100.465    20.549     0.060         5
   101.386    20.404     0.060         5
   102.148    20.301     0.060         5
   103.068    20.163     0.060         5
   104.629    19.959     0.060         5
   105.728    19.809     0.060         5
   106.519    19.714     0.060         5
   108.084    19.506     0.060         5
   109.792    19.288     0.060         5
   110.265    19.216     0.060         5
   110.881    19.141     0.060         5
   111.817    19.010     0.060         5
   112.441    18.914     0.060         5
   113.051    18.826     0.060         5
   113.834    18.715     0.060         5
   114.471    18.632     0.060         5
   114.635    18.620     0.060         5
   115.442    18.512     0.060         5
   115.765    18.449     0.060         5
   116.557    18.341     0.060         5
   117.189    18.254     0.060         5
   118.132    18.119     0.060         5
   118.767    18.023     0.060         5
   119.407    17.931     0.060         5
   120.052    17.856     0.060         5
   120.859    17.733     0.060         5
   121.185    17.693     0.060         5
   121.510    17.658     0.060         5
   122.148    17.558     0.060         5
   122.960    17.438     0.060         5
   123.423    17.371     0.060         5
   124.046    17.275     0.060         5
   124.369    17.239     0.060         5
   124.687    17.192     0.060         5
   124.999    17.148     0.060         5
   125.787    17.032     0.060         5
   126.411    16.928     0.060         5
   126.873    16.894     0.060         5
   127.655    16.790     0.060         5
   127.970    16.755     0.060         5
   128.608    16.655     0.060         5
   129.412    16.552     0.060         5
   130.053    16.465     0.060         5
   130.693    16.373     0.060         5
   131.019    16.325     0.060         5
   131.331    16.290     0.060         5
   131.807    16.239     0.060         5
   132.297    16.179     0.060         5
   132.458    16.164     0.060         5
   132.784    16.124     0.060         5
   133.753    16.014     0.060         5
   133.914    15.990     0.060         5
   134.078    15.975     0.060         5
   134.240    15.960     0.060         5
   134.401    15.933     0.060         5
   134.565    15.902     0.060         5
   134.726    15.883     0.060         5
   134.891    15.863     0.060         5
   135.044    15.847     0.060         5
   135.206    15.827     0.060         5
   135.367    15.815     0.060         5
   135.531    15.788     0.060         5
   135.682    15.764     0.060         5
   135.843    15.752     0.060         5
   135.997    15.716     0.060         5
   136.158    15.717     0.060         5
   136.309    15.709     0.060         5
   136.473    15.690     0.060         5
   136.634    15.674     0.060         5
   136.788    15.644     0.060         5
   136.949    15.619     0.060         5
   137.100    15.602     0.060         5
   137.264    15.590     0.060         5
   137.425    15.575     0.060         5
   137.740    15.527     0.060         5
   138.052    15.479     0.060         5
   138.216    15.467     0.060         5
   138.367    15.435     0.060         5
   138.528    15.407     0.060         5
   138.689    15.387     0.060         5
   138.854    15.355     0.060         5
   139.004    15.335     0.060         5
   139.169    15.304     0.060         5
   139.330    15.288     0.060         5
   139.491    15.276     0.060         5
   139.655    15.258     0.060         5
   139.806    15.227     0.060         5
   139.967    15.217     0.060         5
   140.129    15.184     0.060         5
   140.293    15.155     0.060         5
   140.454    15.147     0.060         5
   140.615    15.122     0.060         5
   140.777    15.097     0.060         5
   140.930    15.069     0.060         5
   141.092    15.053     0.060         5
   141.253    15.033     0.060         5
   141.417    15.001     0.060         5
   141.578    14.977     0.060         5
   141.740    14.953     0.060         5
   141.901    14.921     0.060         5
   142.065    14.877     0.060         5
   142.226    14.841     0.060         5
   142.380    14.829     0.060         5
   142.541    14.785     0.060         5
   142.703    14.765     0.060         5
   142.867    14.737     0.060         5
   143.018    14.725     0.060         5
   143.179    14.686     0.060         5
   143.340    14.668     0.060         5
   143.504    14.641     0.060         5
   143.666    14.626     0.060         5
   143.827    14.587     0.060         5
   143.988    14.572     0.060         5
   144.149    14.541     0.060         5
   144.311    14.513     0.060         5
   144.475    14.485     0.060         5
   144.626    14.477     0.060         5
   144.787    14.429     0.060         5
   144.948    14.417     0.060         5
   145.112    14.393     0.060         5
   145.274    14.353     0.060         5
   145.435    14.329     0.060         5
   145.596    14.301     0.060         5
   145.758    14.261     0.060         5
   145.919    14.241     0.060         5
   146.083    14.217     0.060         5
   146.244    14.181     0.060         5
   146.406    14.165     0.060         5
   146.567    14.129     0.060         5
   146.718    14.113     0.060         5
   146.882    14.069     0.060         5
   147.043    14.065     0.060         5
   147.204    14.025     0.060         5
   147.355    14.005     0.060         5
   147.516    13.973     0.060         5
   147.681    13.953     0.060         5
   147.842    13.929     0.060         5
   148.003    13.885     0.060         5
   148.154    13.841     0.060         5
   148.318    13.837     0.060         5
   148.479    13.793     0.060         5
   148.643    13.781     0.060         5
   148.794    13.761     0.060         5
   148.955    13.741     0.060         5
   149.117    13.709     0.060         5
   149.267    13.689     0.060         5
   149.432    13.661     0.060         5
   149.582    13.649     0.060         5
   149.746    13.613     0.060         5
   149.908    13.585     0.060         5
   150.061    13.557     0.060         5
   150.226    13.525     0.060         5
   150.376    13.497     0.060         5
   150.537    13.473     0.060         5
   150.691    13.429     0.060         5
   150.852    13.384     0.060         5
   151.006    13.336     0.060         5
   151.156    13.308     0.060         5
   151.310    13.260     0.060         5
   151.471    13.251     0.060         5
   151.625    13.207     0.060         5
   151.778    13.187     0.060         5
   151.932    13.147     0.060         5
   152.093    13.122     0.060         5
   152.247    13.070     0.060         5
   152.400    13.028     0.060         5
   152.554    13.003     0.060         5
   152.718    12.969     0.060         5
   152.872    12.944     0.060         5
   153.022    12.903     0.060         5
   153.176    12.869     0.060         5
   153.330    12.824     0.060         5
   153.480    12.781     0.060         5
   153.634    12.730     0.060         5
   153.787    12.674     0.060         5
   153.938    12.628     0.060         5
   154.092    12.580     0.060         5
   154.245    12.542     0.060         5
   154.388    12.505     0.060         5
   154.542    12.471     0.060         5
   154.695    12.453     0.060         5
   154.849    12.407     0.060         5
   155.002    12.354     0.060         5
   155.156    12.314     0.060         5
   155.309    12.267     0.060         5
   155.463    12.233     0.060         5
   155.616    12.190     0.060         5
   155.767    12.152     0.060         5
   155.928    12.105     0.060         5
   156.082    12.080     0.060         5
   156.232    12.035     0.060         5
   156.383    11.996     0.060         5
   156.544    11.962     0.060         5
   156.695    11.935     0.060         5
   156.846    11.889     0.060         5
   156.999    11.845     0.060         5
   157.145    11.821     0.060         5
   157.298    11.793     0.060         5
    35.444    29.613     0.060         8
    36.415    29.475     0.060         8
    37.222    29.383     0.060         8
    38.193    29.245     0.060         8
    39.331    29.083     0.060         8
    40.305    28.933     0.060         8
    40.967    28.838     0.060         8
    41.599    28.730     0.060         8
    42.570    28.570     0.060         8
    43.191    28.466     0.060         8
    43.973    28.360     0.060         8
    44.600    28.296     0.060         8
    45.227    28.192     0.060         8
    45.707    28.138     0.060         8
    46.334    28.047     0.060         8
    47.114    27.972     0.060         8
    47.752    27.877     0.060         8
    48.533    27.798     0.060         8
    48.998    27.775     0.060         8
    49.794    27.696     0.060         8
    50.260    27.642     0.060         8
    51.048    27.580     0.060         8
    51.834    27.497     0.060         8
    52.293    27.456     0.060         8
    52.444    27.436     0.060         8
    52.605    27.412     0.060         8
    53.671    27.312     0.060         8
    53.821    27.292     0.060         8
    53.975    27.276     0.060         8
    55.186    27.126     0.060         8
    55.652    27.076     0.060         8
    55.956    27.051     0.060         8
    56.573    26.960     0.060         8
    57.032    26.897     0.060         8
    57.344    26.858     0.060         8
    57.495    26.834     0.060         8
    58.259    26.761     0.060         8
    58.869    26.700     0.060         8
    59.795    26.598     0.060         8
    60.408    26.548     0.060         8
    61.172    26.470     0.060         8
    61.923    26.373     0.060         8
    62.686    26.288     0.060         8
    63.440    26.190     0.060         8
    64.485    26.065     0.060         8
    65.251    25.983     0.060         8
    66.009    25.901     0.060         8
    66.315    25.872     0.060         8
    67.078    25.794     0.060         8
    67.845    25.705     0.060         8
    68.770    25.603     0.060         8
    69.233    25.558     0.060         8
    69.860    25.484     0.060         8
    70.322    25.443     0.060         8
    71.261    25.325     0.060         8
    72.512    25.187     0.060         8
    72.988    25.122     0.060         8
    73.615    25.049     0.060         8
    74.092    24.984     0.060         8
    74.993    24.875     0.060         8
    75.753    24.793     0.060         8
    76.526    24.680     0.060         8
    77.143    24.599     0.060         8
    77.912    24.502     0.060         8
    78.536    24.429     0.060         8
    79.157    24.356     0.060         8
    79.771    24.287     0.060         8
    80.542    24.189     0.060         8
    81.478    24.064     0.060         8
    82.102    23.999     0.060         8
    82.411    23.970     0.060         8
    83.046    23.885     0.060         8
    83.820    23.803     0.060         8
    84.135    23.774     0.060         8
    84.762    23.701     0.060         8
    84.923    23.688     0.060         8
    85.238    23.659     0.060         8
    86.177    23.527     0.060         8
    86.492    23.490     0.060         8
    86.807    23.461     0.060         8
    86.968    23.441     0.060         8
    87.283    23.396     0.060         8
    87.595    23.360     0.060         8
    88.233    23.267     0.060         8
    88.537    23.231     0.060         8
    89.013    23.178     0.060         8
    89.633    23.109     0.060         8
    89.794    23.082     0.060         8
    89.945    23.047     0.060         8
    90.098    23.031     0.060         8
    90.260    23.031     0.060         8
    90.410    23.013     0.060         8
    90.564    23.008     0.060         8
    90.725    22.982     0.060         8
    90.879    22.959     0.060         8
    91.029    22.944     0.060         8
    91.194    22.922     0.060         8
    91.355    22.904     0.060         8
    91.509    22.897     0.060         8
    91.659    22.866     0.060         8
    91.821    22.860     0.060         8
    91.974    22.849     0.060         8
    92.136    22.831     0.060         8
    92.289    22.819     0.060         8
    92.451    22.795     0.060         8
    92.604    22.783     0.060         8
    92.765    22.780     0.060         8
    92.916    22.768     0.060         8
    93.077    22.752     0.060         8
    93.239    22.737     0.060         8
    93.400    22.713     0.060         8
    93.551    22.701     0.060         8
    93.715    22.694     0.060         8
    93.876    22.656     0.060         8
    94.038    22.651     0.060         8
    94.188    22.636     0.060         8
    94.353    22.579     0.060         8
    94.514    22.609     0.060         8
    94.664    22.590     0.060         8
    94.826    22.557     0.060         8
    94.979    22.514     0.060         8
    95.141    22.549     0.060         8
    95.302    22.515     0.060         8
    95.453    22.512     0.060         8
    95.617    22.499     0.060         8
    95.778    22.481     0.060         8
    75.143    25.345     0.060        12
    76.526    25.189     0.060        12
    77.458    25.073     0.060        12
    78.848    24.930     0.060        12
    80.083    24.778     0.060        12
    81.317    24.622     0.060        12
    82.723    24.430     0.060        12
    84.450    24.214     0.060        12
    85.550    24.078     0.060        12
    86.342    23.978     0.060        12
    87.283    23.862     0.060        12
    88.072    23.778     0.060        12
    89.794    23.595     0.060        12
    91.509    23.400     0.060        12
    93.077    23.204     0.060        12
    94.188    23.064     0.060        12
    95.778    22.880     0.060        12
    99.228    21.064     0.060        14
   100.003    20.957     0.060        14
   100.616    20.867     0.060        14
   101.386    20.755     0.060        14
   102.298    20.640     0.060        14
   103.219    20.519     0.060        14
   103.989    20.417     0.060        14
   105.108    20.261     0.060        14
   106.042    20.128     0.060        14
   106.680    20.038     0.060        14
   107.457    19.938     0.060        14
   108.084    19.811     0.060        14
   129.412    16.958     0.060        14
   130.214    16.849     0.060        14
   131.019    16.749     0.060        14
   131.656    16.680     0.060        14
   132.297    16.593     0.060        14
   132.948    16.513     0.060        14
   133.588    16.444     0.060        14
   134.240    16.360     0.060        14
   134.726    16.300     0.060        14
   135.206    16.240     0.060        14
   135.997    16.149     0.060        14
   136.473    16.095     0.060        14
   137.100    16.015     0.060        14
   137.901    15.915     0.060        14
   138.854    15.789     0.060        14
   139.806    15.652     0.060        14
   140.930    15.480     0.060        14
   141.901    15.338     0.060        14
   143.018    15.161     0.060        14
   143.988    14.996     0.060        14
   144.475    14.915     0.060        14
   145.274    14.782     0.060        14
   145.758    14.716     0.060        14
   146.567    14.569     0.060        14
   147.204    14.445     0.060        14
   147.842    14.343     0.060        14
   148.479    14.219     0.060        14
   148.955    14.141     0.060        14
   212.751     1.000     0.000         0
   233.416     7.897     0.060         5
   234.112     7.993     0.060         5
   234.948     8.122     0.060         5
   236.382     8.326     0.060         5
   236.963     8.417     0.060         5
   237.391     8.471     0.060         5
   237.832     8.525     0.060         5
   238.122     8.563     0.060         5
   238.574     8.642     0.060         5
   238.885     8.682     0.060         5
   239.658     8.780     0.060         5
   240.295     8.864     0.060         5
   241.056     8.960     0.060         5
   241.507     9.016     0.060         5
   242.120     9.086     0.060         5
   242.414     9.124     0.060         5
   242.994     9.177     0.060         5
   244.622     9.367     0.060         5
   245.538     9.495     0.060         5
   246.734     9.647     0.060         5
   247.986     9.803     0.060         5
   249.085     9.956     0.060         5
   250.317    10.120     0.060         5
   250.939    10.212     0.060         5
   251.728    10.321     0.060         5
   252.845    10.461     0.060         5
   254.096    10.608     0.060         5
   255.036    10.724     0.060         5
   255.499    10.776     0.060         5
   216.750     2.221     0.060        10
   216.878     2.261     0.060        10
   216.995     2.295     0.060        10
   217.134     2.333     0.060        10
   217.263     2.369     0.060        10
   217.404     2.407     0.060        10
   217.546     2.453     0.060        10
   217.693     2.500     0.060        10
   217.844     2.552     0.060        10
   218.000     2.609     0.060        10
   218.149     2.665     0.060        10
   218.302     2.721     0.060        10
   218.456     2.774     0.060        10
   218.609     2.832     0.060        10
   218.763     2.886     0.060        10
   218.903     2.938     0.060        10
   219.045     2.986     0.060        10
   219.185     3.034     0.060        10
   219.325     3.061     0.060        10
   219.465     3.109     0.060        10
   219.591     3.155     0.060        10
   219.731     3.207     0.060        10
   219.871     3.259     0.060        10
   220.011     3.308     0.060        10
   220.148     3.348     0.060        10
   220.277     3.390     0.060        10
   220.414     3.446     0.060        10
   220.554     3.498     0.060        10
   220.680     3.543     0.060        10
   220.820     3.616     0.060        10
   220.957     3.660     0.060        10
   221.097     3.721     0.060        10
   221.223     3.774     0.060        10
   221.363     3.835     0.060        10
   221.500     3.901     0.060        10
   221.640     3.964     0.060        10
   221.788     3.952     0.060        10
   221.928     4.002     0.060        10
   222.067     4.069     0.060        10
   222.204     4.127     0.060        10
   222.344     4.197     0.060        10
   222.495     4.270     0.060        10
   222.635     4.331     0.060        10
   222.775     4.384     0.060        10
   222.925     4.431     0.060        10
   223.065     4.481     0.060        10
   223.205     4.534     0.060        10
   223.356     4.585     0.060        10
   223.496     4.634     0.060        10
   223.646     4.694     0.060        10
   223.786     4.751     0.060        10
   223.937     4.810     0.060        10
   224.076     4.872     0.060        10
   224.227     4.928     0.060        10
   224.367     4.986     0.060        10
   224.517     5.038     0.060        10
   224.657     5.091     0.060        10
   224.808     5.144     0.060        10
   224.948     5.205     0.060        10
   225.098     5.253     0.060        10
   225.238     5.307     0.060        10
   225.389     5.359     0.060        10
   225.529     5.413     0.060        10
   225.679     5.455     0.060        10
   225.830     5.505     0.060        10
   225.973     5.546     0.060        10
   226.123     5.597     0.060        10
   226.274     5.644     0.060        10
   226.414     5.700     0.060        10
   226.564     5.746     0.060        10
   226.715     5.783     0.060        10
   226.855     5.819     0.060        10
   227.005     5.852     0.060        10
   227.145     5.884     0.060        10
   227.296     5.912     0.060        10
   227.436     5.942     0.060        10
   227.586     5.973     0.060        10
   227.737     6.008     0.060        10
   227.877     6.038     0.060        10
   228.027     6.073     0.060        10
   228.167     6.103     0.060        10
   228.318     6.137     0.060        10
   228.461     6.159     0.060        10
   228.608     6.193     0.060        10
   228.748     6.215     0.060        10
   228.888     6.244     0.060        10
   229.028     6.276     0.060        10
   229.179     6.304     0.060        10
   229.318     6.323     0.060        10
   229.458     6.346     0.060        10
   229.595     6.370     0.060        10
   229.746     6.395     0.060        10
   229.883     6.419     0.060        10
   230.023     6.467     0.060        10
   230.160     6.491     0.060        10
   230.299     6.521     0.060        10
   230.439     6.531     0.060        10
   230.576     6.548     0.060        10
   230.716     6.574     0.060        10
   230.856     6.604     0.060        10
   230.993     6.628     0.060        10
   231.133     6.660     0.060        10
   231.283     6.689     0.060        10
   231.423     6.701     0.060        10
   231.560     6.733     0.060        10
   231.700     6.755     0.060        10
   231.851     6.786     0.060        10
   231.988     6.800     0.060        10
   232.127     6.830     0.060        10
   232.267     6.859     0.060        10
   232.407     6.893     0.060        10
   232.558     6.915     0.060        10
   234.252     8.861     0.060        14
   235.099     8.994     0.060        14
   236.100     9.142     0.060        14
   237.391     9.332     0.060        14
   238.273     9.463     0.060        14
   239.190     9.585     0.060        14
   240.134     9.725     0.060        14
   240.894     9.837     0.060        14
   241.507     9.959     0.060        14
   242.553    10.054     0.060        14
   243.419    10.162     0.060        14
   244.622    10.297     0.060        14
   245.825    10.482     0.060        14
   246.269    10.530     0.060        14
   246.888    10.647     0.060        14
   247.671    10.718     0.060        14
   248.297    10.798     0.060        14
   249.236    10.914     0.060        14
   249.859    10.994     0.060        14
   250.470    11.070     0.060        14
   251.103    11.142     0.060        14
   251.881    11.238     0.060        14
   252.681    11.330     0.060        14
   253.327    11.410     0.060        14
   254.416    11.538     0.060        14
     0.000     0.000     0.000        -1
