   360.428    -1.000     0.000         0
   357.264     2.586     0.060         1
   357.417     2.503     0.060         1
   357.579     2.433     0.060         1
   357.743     2.391     0.060         1
   357.896     2.307     0.060         1
   358.057     2.233     0.060         1
   358.211     2.182     0.060         1
   358.375     2.107     0.060         1
   358.536     2.060     0.060         1
   358.700     1.995     0.060         1
   358.861     1.940     0.060         1
   359.015     1.902     0.060         1
   359.179     1.874     0.060         1
   359.340     1.827     0.060         1
   359.504     1.799     0.060         1
   359.665     1.757     0.060         1
   359.818     1.743     0.060         1
   359.980     1.733     0.060         1
   360.130     1.709     0.060         1
   360.293     1.717     0.060         1
   360.402     1.697     0.060         1
   359.179     2.276     0.060         3
   359.340     2.238     0.060         3
   359.504     2.210     0.060         3
   359.665     2.177     0.060         3
   359.818     2.143     0.060         3
   359.980     2.133     0.060         3
   360.130     2.125     0.060         3
   360.293     2.138     0.060         3
   360.402     2.148     0.060         3
   314.381     9.790     0.060         5
   314.532     9.768     0.060         5
   314.693     9.752     0.060         5
   314.843     9.724     0.060         5
   315.005     9.709     0.060         5
   315.155     9.685     0.060         5
   315.316     9.669     0.060         5
   315.467     9.649     0.060         5
   315.628     9.625     0.060         5
   315.778     9.597     0.060         5
   315.929     9.598     0.060         5
   316.090     9.566     0.060         5
   316.241     9.529     0.060         5
   316.405     9.534     0.060         5
   316.555     9.506     0.060         5
   316.716     9.484     0.060         5
   316.878     9.475     0.060         5
   317.039     9.459     0.060         5
   317.200     9.435     0.060         5
   317.350     9.424     0.060         5
   317.512     9.390     0.060         5
   317.673     9.364     0.060         5
   317.834     9.348     0.060         5
   317.995     9.324     0.060         5
   318.159     9.288     0.060         5
   318.320     9.282     0.060         5
   318.481     9.260     0.060         5
   318.632     9.243     0.060         5
   318.793     9.225     0.060         5
   318.954     9.211     0.060         5
   319.115     9.190     0.060         5
   319.277     9.157     0.060         5
   319.427     9.138     0.060         5
   319.588     9.114     0.060         5
   319.746     9.098     0.060         5
   319.908     9.091     0.060         5
   320.058     9.071     0.060         5
   320.219     9.043     0.060         5
   320.370     9.035     0.060         5
   320.523     9.001     0.060         5
   320.684     8.979     0.060         5
   320.835     8.959     0.060         5
   320.988     8.935     0.060         5
   321.139     8.928     0.060         5
   321.300     8.908     0.060         5
   321.451     8.892     0.060         5
   321.604     8.870     0.060         5
   321.755     8.855     0.060         5
   321.905     8.845     0.060         5
   322.056     8.834     0.060         5
   322.206     8.812     0.060         5
   322.521     8.774     0.060         5
   322.671     8.746     0.060         5
   322.835     8.726     0.060         5
   322.986     8.711     0.060         5
   323.150     8.699     0.060         5
   323.301     8.675     0.060         5
   323.451     8.668     0.060         5
   323.605     8.644     0.060         5
   323.755     8.624     0.060         5
   323.906     8.606     0.060         5
   324.056     8.582     0.060         5
   324.210     8.573     0.060         5
   324.360     8.549     0.060         5
   324.511     8.521     0.060         5
   324.672     8.505     0.060         5
   324.825     8.487     0.060         5
   324.976     8.479     0.060         5
   325.126     8.474     0.060         5
   325.287     8.457     0.060         5
   325.448     8.420     0.060         5
   325.599     8.394     0.060         5
   325.760     8.366     0.060         5
   325.921     8.355     0.060         5
   326.072     8.327     0.060         5
   326.233     8.311     0.060         5
   326.383     8.291     0.060         5
   326.545     8.261     0.060         5
   326.692     8.245     0.060         5
   326.853     8.227     0.060         5
   327.165     8.175     0.060         5
   327.476     8.144     0.060         5
   327.638     8.124     0.060         5
   327.799     8.115     0.060         5
   327.946     8.097     0.060         5
   328.107     8.081     0.060         5
   328.265     8.068     0.060         5
   328.423     8.031     0.060         5
   328.585     8.018     0.060         5
   328.890     7.984     0.060         5
   329.048     7.973     0.060         5
   329.196     7.947     0.060         5
   329.357     7.924     0.060         5
   329.504     7.894     0.060         5
   329.668     7.867     0.060         5
   329.819     7.843     0.060         5
   329.969     7.821     0.060         5
   330.123     7.797     0.060         5
   330.284     7.775     0.060         5
   330.434     7.759     0.060         5
   330.588     7.729     0.060         5
   330.749     7.703     0.060         5
   330.903     7.687     0.060         5
   331.053     7.668     0.060         5
   331.207     7.648     0.060         5
   331.371     7.636     0.060         5
   331.524     7.614     0.060         5
   331.675     7.597     0.060         5
   331.828     7.581     0.060         5
   331.993     7.561     0.060         5
   332.146     7.545     0.060         5
   332.297     7.524     0.060         5
   332.450     7.516     0.060         5
   332.604     7.500     0.060         5
   332.768     7.472     0.060         5
   332.921     7.459     0.060         5
   333.072     7.451     0.060         5
   333.225     7.431     0.060         5
   333.368     7.418     0.060         5
   333.522     7.396     0.060         5
   333.675     7.376     0.060         5
   333.826     7.352     0.060         5
   334.133     7.308     0.060         5
   334.283     7.288     0.060         5
   334.437     7.273     0.060         5
   334.741     7.229     0.060         5
   335.058     7.193     0.060         5
   335.223     7.174     0.060         5
   335.373     7.160     0.060         5
   335.534     7.134     0.060         5
   335.688     7.113     0.060         5
   335.852     7.082     0.060         5
   336.002     7.064     0.060         5
   336.167     7.038     0.060         5
   336.328     7.012     0.060         5
   336.492     6.988     0.060         5
   336.645     6.959     0.060         5
   336.806     6.933     0.060         5
   336.971     6.913     0.060         5
   337.135     6.890     0.060         5
   337.288     6.850     0.060         5
   337.452     6.819     0.060         5
   337.606     6.791     0.060         5
   337.770     6.759     0.060         5
   337.931     6.728     0.060         5
   338.095     6.680     0.060         5
   338.246     6.657     0.060         5
   338.407     6.630     0.060         5
   338.557     6.594     0.060         5
   338.719     6.559     0.060         5
   338.880     6.527     0.060         5
   339.041     6.511     0.060         5
   339.202     6.480     0.060         5
   339.352     6.462     0.060         5
   339.514     6.418     0.060         5
   339.675     6.403     0.060         5
   339.833     6.368     0.060         5
   339.983     6.338     0.060         5
   340.145     6.319     0.060         5
   340.306     6.293     0.060         5
   340.453     6.269     0.060         5
   340.614     6.241     0.060         5
   340.772     6.202     0.060         5
   340.934     6.166     0.060         5
   341.092     6.146     0.060         5
   341.253     6.098     0.060         5
   341.403     6.067     0.060         5
   341.567     6.031     0.060         5
   341.718     6.007     0.060         5
   341.882     5.968     0.060         5
   342.046     5.943     0.060         5
   342.197     5.898     0.060         5
   342.361     5.877     0.060         5
   342.522     5.832     0.060         5
   342.686     5.811     0.060         5
   342.840     5.780     0.060         5
   343.001     5.754     0.060         5
   343.165     5.731     0.060         5
   343.329     5.710     0.060         5
   343.490     5.690     0.060         5
   343.654     5.679     0.060         5
   343.818     5.640     0.060         5
   343.980     5.623     0.060         5
   344.133     5.599     0.060         5
   344.294     5.552     0.060         5
   344.458     5.524     0.060         5
   344.612     5.500     0.060         5
   344.773     5.468     0.060         5
   344.926     5.451     0.060         5
   345.091     5.426     0.060         5
   345.252     5.401     0.060         5
   345.402     5.380     0.060         5
   345.563     5.363     0.060         5
   345.728     5.342     0.060         5
   345.878     5.326     0.060         5
   346.039     5.294     0.060         5
   346.203     5.269     0.060         5
   346.354     5.254     0.060         5
   346.515     5.222     0.060         5
   346.679     5.190     0.060         5
   346.840     5.162     0.060         5
   346.991     5.130     0.060         5
   347.155     5.102     0.060         5
   347.308     5.078     0.060         5
   347.469     5.054     0.060         5
   347.623     5.022     0.060         5
   347.787     4.998     0.060         5
   347.938     4.970     0.060         5
   348.091     4.942     0.060         5
   348.255     4.918     0.060         5
   348.409     4.894     0.060         5
   354.271     3.247     0.060         7
   354.425     3.200     0.060         7
   354.586     3.156     0.060         7
   354.739     3.117     0.060         7
   354.900     3.074     0.060         7
   355.054     3.050     0.060         7
   355.215     3.010     0.060         7
   223.786    23.898     0.060         8
   223.936    23.874     0.060         8
   224.076    23.842     0.060         8
   224.227    23.810     0.060         8
   224.366    23.834     0.060         8
   224.517    23.834     0.060         8
   224.657    23.773     0.060         8
   224.807    23.804     0.060         8
   224.947    23.770     0.060         8
   225.098    23.735     0.060         8
   225.238    23.759     0.060         8
   225.388    23.739     0.060         8
   225.528    23.732     0.060         8
   225.679    23.705     0.060         8
   225.829    23.723     0.060         8
   225.972    23.711     0.060         8
   226.123    23.661     0.060         8
   226.273    23.643     0.060         8
   226.413    23.644     0.060         8
   226.564    23.617     0.060         8
   226.714    23.620     0.060         8
   226.854    23.590     0.060         8
   227.005    23.558     0.060         8
   227.145    23.552     0.060         8
   227.295    23.536     0.060         8
   227.435    23.516     0.060         8
   227.586    23.475     0.060         8
   227.736    23.479     0.060         8
   227.876    23.443     0.060         8
   228.027    23.424     0.060         8
   228.167    23.452     0.060         8
   228.317    23.393     0.060         8
   228.460    23.419     0.060         8
   228.608    23.378     0.060         8
   228.748    23.342     0.060         8
   228.888    23.346     0.060         8
   229.027    23.322     0.060         8
   229.178    23.327     0.060         8
   229.318    23.291     0.060         8
   229.458    23.291     0.060         8
   229.595    23.273     0.060         8
   229.745    23.243     0.060         8
   229.882    23.245     0.060         8
   230.022    23.215     0.060         8
   230.159    23.213     0.060         8
   230.299    23.187     0.060         8
   230.439    23.169     0.060         8
   230.576    23.151     0.060         8
   230.716    23.133     0.060         8
   230.856    23.103     0.060         8
   230.992    23.104     0.060         8
   231.132    23.080     0.060         8
   231.283    23.056     0.060         8
   231.423    23.027     0.060         8
   231.560    23.007     0.060         8
   231.700    22.979     0.060         8
   231.850    22.962     0.060         8
   231.987    22.954     0.060         8
   232.127    22.917     0.060         8
   232.267    22.913     0.060         8
   232.407    22.890     0.060         8
   232.557    22.863     0.060         8
   232.697    22.832     0.060         8
   232.845    22.813     0.060         8
   232.985    22.802     0.060         8
   233.125    22.783     0.060         8
   233.264    22.784     0.060         8
   233.415    22.758     0.060         8
   233.552    22.729     0.060         8
   233.692    22.731     0.060         8
   233.832    22.698     0.060         8
   233.972    22.660     0.060         8
   234.112    22.647     0.060         8
   234.251    22.645     0.060         8
   234.388    22.616     0.060         8
   234.528    22.601     0.060         8
   234.668    22.550     0.060         8
   234.808    22.564     0.060         8
   234.948    22.505     0.060         8
   235.098    22.499     0.060         8
   235.238    22.504     0.060         8
   235.378    22.461     0.060         8
   235.529    22.427     0.060         8
   235.669    22.403     0.060         8
   235.809    22.375     0.060         8
   235.949    22.349     0.060         8
   236.099    22.368     0.060         8
   236.239    22.337     0.060         8
   236.382    22.301     0.060         8
   236.522    22.302     0.060         8
   236.672    22.250     0.060         8
   236.812    22.236     0.060         8
   236.963    22.229     0.060         8
   237.100    22.178     0.060         8
   237.250    22.163     0.060         8
   237.390    22.124     0.060         8
   237.541    22.074     0.060         8
   237.691    22.074     0.060         8
   237.831    22.051     0.060         8
   237.982    21.994     0.060         8
   238.122    21.988     0.060         8
   238.272    21.976     0.060         8
   238.423    21.940     0.060         8
   238.573    21.934     0.060         8
   238.724    21.892     0.060         8
   238.885    21.885     0.060         8
   239.039    21.874     0.060         8
   239.343    21.809     0.060         8
   239.657    21.768     0.060         8
   239.969    21.726     0.060         8
   240.133    21.712     0.060         8
   240.442    21.671     0.060         8
   240.894    21.595     0.060         8
   241.206    21.543     0.060         8
   241.668    21.482     0.060         8
   241.969    21.456     0.060         8
   242.273    21.435     0.060         8
   242.703    21.394     0.060         8
   243.281    21.313     0.060         8
   243.716    21.257     0.060         8
   244.162    21.190     0.060         8
   244.621    21.114     0.060         8
   245.078    21.039     0.060         8
   245.537    20.979     0.060         8
   246.129    20.898     0.060         8
   246.583    20.833     0.060         8
   247.051    20.758     0.060         8
   247.520    20.687     0.060         8
   248.146    20.588     0.060         8
   248.770    20.484     0.060         8
   249.396    20.365     0.060         8
   249.859    20.285     0.060         8
   250.316    20.209     0.060         8
   250.631    20.157     0.060         8
   250.938    20.105     0.060         8
   251.409    20.034     0.060         8
   251.881    19.949     0.060         8
   252.362    19.863     0.060         8
   252.844    19.768     0.060         8
   253.480    19.644     0.060         8
   253.795    19.587     0.060         8
   254.096    19.529     0.060         8
   254.566    19.444     0.060         8
   255.036    19.337     0.060         8
   255.498    19.236     0.060         8
   255.810    19.169     0.060         8
   256.272    19.082     0.060         8
   256.734    18.991     0.060         8
   256.895    18.953     0.060         8
   257.368    18.862     0.060         8
   257.680    18.805     0.060         8
   258.167    18.715     0.060         8
   258.479    18.652     0.060         8
   258.965    18.572     0.060         8
   259.277    18.510     0.060         8
   259.592    18.453     0.060         8
   259.914    18.387     0.060         8
   260.229    18.335     0.060         8
   260.702    18.249     0.060         8
   261.014    18.192     0.060         8
   261.490    18.116     0.060         8
   261.976    18.037     0.060         8
   262.299    17.985     0.060         8
   262.624    17.924     0.060         8
   262.947    17.898     0.060         8
   263.433    17.844     0.060         8
   263.906    17.785     0.060         8
   264.242    17.749     0.060         8
   264.733    17.705     0.060         8
   265.222    17.647     0.060         8
   265.713    17.588     0.060         8
   266.376    17.496     0.060         8
   266.863    17.427     0.060         8
   267.346    17.347     0.060         8
   267.994    17.239     0.060         8
   268.473    17.159     0.060         8
   269.275    17.023     0.060         8
   269.750    16.932     0.060         8
   270.073    16.865     0.060         8
   270.712    16.731     0.060         8
   271.519    16.568     0.060         8
   272.488    16.368     0.060         8
   273.455    16.182     0.060         8
   274.261    16.035     0.060         8
   275.237    15.840     0.060         8
   276.062    15.679     0.060         8
   276.887    15.533     0.060         8
   277.367    15.453     0.060         8
   278.163    15.321     0.060         8
   278.974    15.190     0.060         8
   279.612    15.091     0.060         8
   280.098    15.007     0.060         8
   280.738    14.903     0.060         8
   281.381    14.795     0.060         8
   281.857    14.715     0.060         8
   282.497    14.602     0.060         8
   283.127    14.493     0.060         8
   283.764    14.389     0.060         8
   284.089    14.333     0.060         8
   284.404    14.281     0.060         8
   284.729    14.225     0.060         8
   285.044    14.168     0.060         8
   285.530    14.082     0.060         8
   285.848    14.030     0.060         8
   286.173    13.974     0.060         8
   286.488    13.928     0.060         8
   286.978    13.853     0.060         8
   287.464    13.774     0.060         8
   288.101    13.665     0.060         8
   288.582    13.585     0.060         8
   289.226    13.487     0.060         8
   289.556    13.462     0.060         8
   290.201    13.406     0.060         8
   290.688    13.357     0.060         8
   291.182    13.319     0.060         8
   291.830    13.263     0.060         8
   292.470    13.210     0.060         8
   293.099    13.153     0.060         8
   293.414    13.143     0.060         8
   293.882    13.104     0.060         8
   294.347    13.064     0.060         8
   294.812    13.015     0.060         8
   295.278    12.964     0.060         8
   295.732    12.919     0.060         8
   296.044    12.893     0.060         8
   296.348    12.872     0.060         8
   296.663    12.851     0.060         8
   297.117    12.811     0.060         8
   297.889    12.720     0.060         8
   298.500    12.666     0.060         8
   298.807    12.645     0.060         8
   299.114    12.619     0.060         8
   299.575    12.574     0.060         8
   300.025    12.524     0.060         8
   300.633    12.455     0.060         8
   301.084    12.404     0.060         8
   301.702    12.337     0.060         8
   302.494    12.256     0.060         8
   302.816    12.230     0.060         8
   303.128    12.209     0.060         8
   303.909    12.129     0.060         8
   304.060    12.141     0.060         8
   304.683    12.099     0.060         8
   305.159    12.034     0.060         8
   305.471    12.024     0.060         8
   352.554     3.762     0.060         9
   352.704     3.726     0.060         9
   352.865     3.668     0.060         9
   353.016     3.625     0.060         9
   353.177     3.577     0.060         9
   353.330     3.518     0.060         9
   353.491     3.467     0.060         9
   353.642     3.428     0.060         9
   353.806     3.361     0.060         9
   353.957     3.311     0.060         9
   354.110     3.257     0.060         9
   354.271     3.191     0.060         9
   354.425     3.141     0.060         9
   354.586     3.099     0.060         9
   354.739     3.058     0.060         9
   354.900     3.012     0.060         9
   355.054     2.969     0.060         9
   355.215     2.933     0.060         9
   355.369     2.863     0.060         9
   355.530     2.819     0.060         9
   355.683     2.776     0.060         9
   355.834     2.744     0.060         9
   355.998     2.709     0.060         9
   356.148     2.637     0.060         9
   356.312     2.603     0.060         9
   356.463     2.564     0.060         9
   356.624     2.524     0.060         9
   356.788     2.492     0.060         9
   356.939     2.453     0.060         9
   357.103     2.429     0.060         9
   349.358     4.694     0.060        10
   349.519     4.655     0.060        10
   349.681     4.604     0.060        10
   349.842     4.549     0.060        10
   350.003     4.508     0.060        10
   350.164     4.462     0.060        10
   350.322     4.419     0.060        10
   350.483     4.375     0.060        10
   350.645     4.335     0.060        10
   350.792     4.293     0.060        10
   350.953     4.246     0.060        10
   351.114     4.210     0.060        10
   351.272     4.174     0.060        10
   351.434     4.127     0.060        10
   351.584     4.064     0.060        10
   351.745     4.029     0.060        10
   351.906     3.993     0.060        10
   225.679    24.329     0.060        12
   227.005    24.161     0.060        12
   228.608    23.944     0.060        12
   231.132    23.595     0.060        12
   232.845    23.334     0.060        12
   234.948    23.037     0.060        12
   236.522    22.808     0.060        12
   238.573    22.502     0.060        12
   241.055    22.141     0.060        12
   242.553    21.973     0.060        12
   243.569    21.862     0.060        12
   244.460    21.750     0.060        12
   245.688    21.565     0.060        12
   246.887    21.314     0.060        12
   251.573    20.548     0.060        12
   253.173    20.249     0.060        12
   254.566    20.007     0.060        12
   255.498    19.776     0.060        12
   258.006    19.381     0.060        12
   259.116    19.208     0.060        12
   260.390    18.982     0.060        12
   261.812    18.724     0.060        12
   263.111    18.543     0.060        12
   263.745    18.430     0.060        12
   322.206     9.274     0.060        14
   324.056     9.046     0.060        14
   325.287     8.890     0.060        14
   326.853     8.661     0.060        14
   328.732     8.425     0.060        14
   330.434     8.246     0.060        14
   332.450     7.994     0.060        14
   333.675     7.842     0.060        14
   335.223     7.568     0.060        14
   337.606     7.235     0.060        14
   338.880     6.992     0.060        14
   340.306     6.734     0.060        14
   342.046     6.431     0.060        14
   344.294     6.036     0.060        14
   345.878     5.757     0.060        14
   347.155     5.564     0.060        14
   352.228     3.957     0.060        17
   352.393     3.913     0.060        17
   352.554     3.881     0.060        17
   352.704     3.834     0.060        17
   352.865     3.791     0.060        17
   353.016     3.755     0.060        17
   353.177     3.716     0.060        17
   353.330     3.676     0.060        17
   353.491     3.641     0.060        17
   353.642     3.601     0.060        17
   353.806     3.569     0.060        17
   353.957     3.536     0.060        17
   354.110     3.506     0.060        17
   360.428     1.000     0.000         0
   360.610     1.716     0.060         1
   360.770     1.727     0.060         1
   360.934     1.750     0.060         1
   361.095     1.778     0.060         1
   361.259     1.810     0.060         1
   361.420     1.862     0.060         1
   361.581     1.894     0.060         1
   361.731     1.937     0.060         1
   361.893     1.998     0.060         1
   362.043     2.045     0.060         1
   362.207     2.096     0.060         1
   362.358     2.168     0.060         1
   362.519     2.240     0.060         1
   362.680     2.328     0.060         1
   362.841     2.402     0.060         1
   363.005     2.459     0.060         1
   363.166     2.528     0.060         1
   360.610     2.169     0.060         3
   360.770     2.195     0.060         3
   360.934     2.215     0.060         3
   361.095     2.237     0.060         3
   361.259     2.275     0.060         3
   361.420     2.301     0.060         3
   361.581     2.334     0.060         3
   361.731     2.370     0.060         3
   361.893     2.409     0.060         3
   362.043     2.451     0.060         3
   362.207     2.493     0.060         3
   362.358     2.526     0.060         3
   362.519     2.587     0.060         3
   362.680     2.635     0.060         3
   362.841     2.684     0.060         3
   379.301     6.589     0.060         5
   379.465     6.597     0.060         5
   379.626     6.609     0.060         5
   379.951     6.645     0.060         5
   380.269     6.660     0.060         5
   380.594     6.679     0.060         5
   380.745     6.643     0.060         5
   380.909     6.614     0.060         5
   381.073     6.621     0.060         5
   381.387     6.610     0.060         5
   381.551     6.609     0.060         5
   381.866     6.621     0.060         5
   382.019     6.628     0.060         5
   382.181     6.611     0.060         5
   382.495     6.639     0.060         5
   382.810     6.649     0.060         5
   383.124     6.668     0.060         5
   383.436     6.682     0.060         5
   383.589     6.695     0.060         5
   384.065     6.731     0.060         5
   384.218     6.718     0.060         5
   384.533     6.748     0.060         5
   385.001     6.791     0.060         5
   385.316     6.807     0.060         5
   385.942     6.909     0.060         5
   386.557     7.005     0.060         5
   387.012     7.083     0.060         5
   387.326     7.154     0.060         5
   387.781     7.252     0.060         5
   388.246     7.368     0.060         5
   388.872     7.501     0.060         5
   389.344     7.605     0.060         5
   389.820     7.727     0.060         5
   390.446     7.843     0.060         5
   390.758     7.912     0.060         5
   391.233     7.996     0.060         5
   391.545     8.068     0.060         5
   392.010     8.157     0.060         5
   392.496     8.257     0.060         5
   392.808     8.327     0.060         5
   393.291     8.406     0.060         5
   393.455     8.456     0.060         5
   393.938     8.553     0.060         5
   394.586     8.675     0.060         5
   395.069     8.764     0.060         5
   395.717     8.885     0.060         5
   396.039     8.954     0.060         5
   396.364     8.998     0.060         5
   366.224     4.021     0.060        10
   366.385     4.106     0.060        10
   366.539     4.161     0.060        10
   366.700     4.231     0.060        10
   366.864     4.292     0.060        10
   367.015     4.353     0.060        10
   367.176     4.421     0.060        10
   367.340     4.475     0.060        10
   367.490     4.528     0.060        10
   367.654     4.580     0.060        10
   367.815     4.637     0.060        10
   367.966     4.680     0.060        10
   368.130     4.727     0.060        10
   368.291     4.782     0.060        10
   368.445     4.835     0.060        10
   368.606     4.877     0.060        10
   368.759     4.914     0.060        10
   368.920     4.963     0.060        10
   369.071     5.021     0.060        10
   369.235     5.058     0.060        10
   369.385     5.090     0.060        10
   369.550     5.132     0.060        10
   369.711     5.170     0.060        10
   369.861     5.211     0.060        10
   370.022     5.252     0.060        10
   370.186     5.288     0.060        10
   370.337     5.320     0.060        10
   370.498     5.354     0.060        10
   370.659     5.375     0.060        10
   370.810     5.404     0.060        10
   370.971     5.435     0.060        10
   371.282     5.479     0.060        10
   371.755     5.554     0.060        10
   372.378     5.643     0.060        10
   372.851     5.718     0.060        10
   373.488     5.783     0.060        10
   373.813     5.809     0.060        10
   374.289     5.874     0.060        10
   374.942     5.962     0.060        10
     0.000     0.000     0.000        -1
