    36.848    -1.000     0.000         0
    32.845     3.070     0.060         1
    33.006     2.984     0.060         1
    33.157     2.891     0.060         1
    33.318     2.814     0.060         1
    33.482     2.741     0.060         1
    33.644     2.655     0.060         1
    33.808     2.568     0.060         1
    33.969     2.488     0.060         1
    34.131     2.410     0.060         1
    34.292     2.336     0.060         1
    34.456     2.252     0.060         1
    34.618     2.181     0.060         1
    34.782     2.112     0.060         1
    34.943     2.055     0.060         1
    35.280     1.959     0.060         1
    35.444     1.913     0.060         1
    35.605     1.868     0.060         1
    35.767     1.834     0.060         1
    35.931     1.791     0.060         1
    36.092     1.771     0.060         1
    36.254     1.739     0.060         1
    36.415     1.735     0.060         1
    36.584     1.738     0.060         1
    36.746     1.722     0.060         1
    36.790     1.725     0.060         1
    33.157     3.110     0.060         2
    33.318     3.051     0.060         2
    33.482     2.965     0.060         2
    33.644     2.897     0.060         2
    33.808     2.826     0.060         2
    33.969     2.747     0.060         2
    34.131     2.685     0.060         2
    34.292     2.629     0.060         2
    34.456     2.571     0.060         2
    34.618     2.522     0.060         2
    34.782     2.462     0.060         2
    34.943     2.430     0.060         2
    35.108     2.387     0.060         2
    35.280     2.353     0.060         2
    35.444     2.303     0.060         2
    35.605     2.270     0.060         2
    35.767     2.244     0.060         2
    35.931     2.213     0.060         2
    36.092     2.186     0.060         2
    36.254     2.175     0.060         2
    36.415     2.162     0.060         2
    36.584     2.156     0.060         2
    36.746     2.153     0.060         2
    36.790     2.151     0.060         2
     3.881     8.457     0.060         5
     4.056     8.429     0.060         5
     4.218     8.409     0.060         5
     4.379     8.389     0.060         5
     4.543     8.365     0.060         5
     4.705     8.350     0.060         5
     4.880     8.326     0.060         5
     5.041     8.306     0.060         5
     5.206     8.278     0.060         5
     5.370     8.254     0.060         5
     5.542     8.233     0.060         5
     5.706     8.208     0.060         5
     5.868     8.178     0.060         5
     6.029     8.160     0.060         5
     6.190     8.118     0.060         5
     6.341     8.123     0.060         5
     6.505     8.097     0.060         5
     6.664     8.075     0.060         5
     6.825     8.052     0.060         5
     6.987     8.033     0.060         5
     7.148     8.006     0.060         5
     7.309     7.983     0.060         5
     7.468     7.964     0.060         5
     7.629     7.943     0.060         5
     7.790     7.918     0.060         5
     7.952     7.909     0.060         5
     8.116     7.868     0.060         5
     8.277     7.853     0.060         5
     8.442     7.822     0.060         5
     8.603     7.797     0.060         5
     8.778     7.768     0.060         5
     8.940     7.736     0.060         5
     9.104     7.711     0.060         5
     9.268     7.693     0.060         5
     9.430     7.675     0.060         5
     9.591     7.653     0.060         5
     9.752     7.627     0.060         5
     9.914     7.605     0.060         5
    10.075     7.575     0.060         5
    10.236     7.553     0.060         5
    10.387     7.534     0.060         5
    10.548     7.509     0.060         5
    10.716     7.478     0.060         5
    10.880     7.450     0.060         5
    11.044     7.442     0.060         5
    11.209     7.414     0.060         5
    11.381     7.383     0.060         5
    11.545     7.360     0.060         5
    11.707     7.333     0.060         5
    11.882     7.306     0.060         5
    12.043     7.286     0.060         5
    12.207     7.254     0.060         5
    12.379     7.232     0.060         5
    12.544     7.201     0.060         5
    12.705     7.174     0.060         5
    12.866     7.147     0.060         5
    13.028     7.127     0.060         5
    13.186     7.107     0.060         5
    13.347     7.080     0.060         5
    13.506     7.057     0.060         5
    13.657     7.031     0.060         5
    13.818     7.007     0.060         5
    13.979     6.984     0.060         5
    14.144     6.961     0.060         5
    14.305     6.926     0.060         5
    14.459     6.903     0.060         5
    14.620     6.875     0.060         5
    14.784     6.855     0.060         5
    14.946     6.819     0.060         5
    15.110     6.795     0.060         5
    15.271     6.762     0.060         5
    15.436     6.742     0.060         5
    15.600     6.725     0.060         5
    15.751     6.696     0.060         5
    15.923     6.676     0.060         5
    16.087     6.652     0.060         5
    16.248     6.620     0.060         5
    16.413     6.592     0.060         5
    16.574     6.571     0.060         5
    16.739     6.546     0.060         5
    16.911     6.525     0.060         5
    17.075     6.496     0.060         5
    17.236     6.468     0.060         5
    17.398     6.440     0.060         5
    17.559     6.416     0.060         5
    17.710     6.395     0.060         5
    17.871     6.369     0.060         5
    18.032     6.344     0.060         5
    18.183     6.320     0.060         5
    18.341     6.292     0.060         5
    18.503     6.264     0.060         5
    18.656     6.240     0.060         5
    18.818     6.212     0.060         5
    18.979     6.184     0.060         5
    19.130     6.160     0.060         5
    19.291     6.131     0.060         5
    19.442     6.109     0.060         5
    19.603     6.080     0.060         5
    19.754     6.052     0.060         5
    19.915     6.028     0.060         5
    20.066     6.000     0.060         5
    20.217     5.976     0.060         5
    20.378     5.950     0.060         5
    20.532     5.925     0.060         5
    20.693     5.887     0.060         5
    20.844     5.865     0.060         5
    21.008     5.836     0.060         5
    21.159     5.809     0.060         5
    21.320     5.778     0.060         5
    21.474     5.759     0.060         5
    21.635     5.732     0.060         5
    21.786     5.714     0.060         5
    21.947     5.683     0.060         5
    22.101     5.660     0.060         5
    22.251     5.636     0.060         5
    22.402     5.612     0.060         5
    22.567     5.588     0.060         5
    22.717     5.560     0.060         5
    22.879     5.532     0.060         5
    23.032     5.508     0.060         5
    23.194     5.484     0.060         5
    23.344     5.456     0.060         5
    23.506     5.428     0.060         5
    23.656     5.394     0.060         5
    23.821     5.372     0.060         5
    23.982     5.346     0.060         5
    24.130     5.316     0.060         5
    24.291     5.289     0.060         5
    24.442     5.258     0.060         5
    24.600     5.227     0.060         5
    24.761     5.199     0.060         5
    24.923     5.173     0.060         5
    25.073     5.146     0.060         5
    25.232     5.111     0.060         5
    25.393     5.084     0.060         5
    25.544     5.058     0.060         5
    25.705     5.023     0.060         5
    25.856     4.995     0.060         5
    26.017     4.971     0.060         5
    26.168     4.947     0.060         5
    26.329     4.913     0.060         5
    26.480     4.880     0.060         5
    26.641     4.839     0.060         5
    26.795     4.806     0.060         5
    26.956     4.777     0.060         5
    27.118     4.752     0.060         5
    27.268     4.723     0.060         5
    27.433     4.694     0.060         5
    27.594     4.670     0.060         5
    27.745     4.632     0.060         5
    27.906     4.595     0.060         5
    28.067     4.561     0.060         5
    28.218     4.527     0.060         5
    28.379     4.496     0.060         5
    28.544     4.466     0.060         5
    28.694     4.440     0.060         5
    28.859     4.403     0.060         5
    29.020     4.365     0.060         5
    29.184     4.327     0.060         5
    29.335     4.297     0.060         5
    29.496     4.262     0.060         5
    29.661     4.227     0.060         5
    29.822     4.192     0.060         5
    29.973     4.154     0.060         5
    30.131     4.128     0.060         5
    30.285     4.098     0.060         5
    30.446     4.054     0.060         5
    30.611     4.010     0.060         5
    30.761     3.964     0.060         5
    30.923     3.920     0.060         5
    31.076     3.855     0.060         5
     3.881     9.323     0.060        14
     4.056     9.314     0.060        14
     4.218     9.296     0.060        14
     4.379     9.251     0.060        14
     4.543     9.245     0.060        14
     4.705     9.211     0.060        14
     4.880     9.202     0.060        14
     5.041     9.188     0.060        14
     5.206     9.167     0.060        14
     5.370     9.149     0.060        14
     5.542     9.108     0.060        14
     5.706     9.091     0.060        14
     5.868     9.079     0.060        14
     6.029     9.048     0.060        14
     6.190     9.037     0.060        14
     6.341     9.009     0.060        14
     6.505     8.986     0.060        14
     6.664     8.967     0.060        14
     6.825     8.936     0.060        14
     6.987     8.925     0.060        14
     7.148     8.893     0.060        14
     7.309     8.883     0.060        14
     7.468     8.853     0.060        14
     7.629     8.808     0.060        14
     7.790     8.810     0.060        14
     7.952     8.768     0.060        14
     8.116     8.766     0.060        14
     8.277     8.716     0.060        14
     8.442     8.716     0.060        14
     8.603     8.681     0.060        14
     8.778     8.658     0.060        14
     8.940     8.622     0.060        14
     9.104     8.623     0.060        14
     9.268     8.587     0.060        14
     9.430     8.587     0.060        14
     9.591     8.527     0.060        14
     9.752     8.511     0.060        14
     9.914     8.491     0.060        14
    10.075     8.443     0.060        14
    10.236     8.435     0.060        14
    10.387     8.412     0.060        14
    10.548     8.405     0.060        14
    10.716     8.383     0.060        14
    10.880     8.370     0.060        14
    11.044     8.336     0.060        14
    11.209     8.302     0.060        14
    11.381     8.285     0.060        14
    11.545     8.259     0.060        14
    11.707     8.234     0.060        14
    11.882     8.208     0.060        14
    12.043     8.182     0.060        14
    12.207     8.157     0.060        14
    12.379     8.127     0.060        14
    12.544     8.098     0.060        14
    12.705     8.080     0.060        14
    12.866     8.048     0.060        14
    13.028     8.032     0.060        14
    13.186     8.012     0.060        14
    13.347     7.984     0.060        14
    13.506     7.940     0.060        14
    13.657     7.924     0.060        14
    13.818     7.880     0.060        14
    13.979     7.856     0.060        14
    14.144     7.824     0.060        14
    14.305     7.804     0.060        14
    14.459     7.764     0.060        14
    14.620     7.756     0.060        14
    14.784     7.732     0.060        14
    14.946     7.709     0.060        14
    15.110     7.679     0.060        14
    15.271     7.657     0.060        14
    15.436     7.622     0.060        14
    15.600     7.600     0.060        14
    15.751     7.577     0.060        14
    15.923     7.555     0.060        14
    16.087     7.533     0.060        14
    16.248     7.502     0.060        14
    16.413     7.481     0.060        14
    16.574     7.451     0.060        14
    16.739     7.433     0.060        14
    16.911     7.400     0.060        14
    17.075     7.374     0.060        14
    17.236     7.361     0.060        14
    17.398     7.331     0.060        14
    17.559     7.314     0.060        14
    17.710     7.288     0.060        14
    17.871     7.258     0.060        14
    18.032     7.236     0.060        14
    18.183     7.211     0.060        14
    18.341     7.185     0.060        14
    18.503     7.155     0.060        14
    18.656     7.125     0.060        14
    18.818     7.096     0.060        14
    18.979     7.070     0.060        14
    19.130     7.036     0.060        14
    19.291     7.006     0.060        14
    19.442     6.984     0.060        14
    19.603     6.956     0.060        14
    19.754     6.928     0.060        14
    19.915     6.891     0.060        14
    20.066     6.883     0.060        14
    20.217     6.819     0.060        14
    20.378     6.783     0.060        14
    20.532     6.763     0.060        14
    20.693     6.730     0.060        14
    20.844     6.706     0.060        14
    21.008     6.682     0.060        14
    21.159     6.662     0.060        14
    21.320     6.646     0.060        14
    21.474     6.618     0.060        14
    21.635     6.590     0.060        14
    21.786     6.562     0.060        14
    21.947     6.530     0.060        14
    22.101     6.510     0.060        14
    22.251     6.482     0.060        14
    22.402     6.458     0.060        14
    22.567     6.430     0.060        14
    22.717     6.402     0.060        14
    22.879     6.374     0.060        14
    23.032     6.346     0.060        14
    23.194     6.321     0.060        14
    23.344     6.284     0.060        14
    23.506     6.255     0.060        14
    23.656     6.219     0.060        14
    23.821     6.190     0.060        14
    23.982     6.157     0.060        14
    24.130     6.132     0.060        14
    24.291     6.102     0.060        14
    24.442     6.073     0.060        14
    24.600     6.044     0.060        14
    24.761     6.014     0.060        14
    24.923     5.993     0.060        14
    25.073     5.964     0.060        14
    25.232     5.939     0.060        14
    25.393     5.913     0.060        14
    25.544     5.884     0.060        14
    25.705     5.855     0.060        14
    25.856     5.829     0.060        14
    26.017     5.794     0.060        14
    26.168     5.764     0.060        14
    26.329     5.726     0.060        14
    26.480     5.696     0.060        14
    26.641     5.666     0.060        14
    26.795     5.632     0.060        14
    26.956     5.600     0.060        14
    27.118     5.571     0.060        14
    27.268     5.536     0.060        14
    27.433     5.507     0.060        14
    27.594     5.479     0.060        14
    27.745     5.447     0.060        14
    27.906     5.419     0.060        14
    28.067     5.393     0.060        14
    28.218     5.359     0.060        14
    28.379     5.329     0.060        14
    28.544     5.295     0.060        14
    28.694     5.257     0.060        14
    28.859     5.214     0.060        14
    29.020     5.188     0.060        14
     3.720    13.631     0.060        24
     3.881    13.584     0.060        24
     4.056    13.548     0.060        24
     4.218    13.516     0.060        24
     4.379    13.493     0.060        24
     4.543    13.462     0.060        24
     4.705    13.422     0.060        24
     4.880    13.375     0.060        24
     5.041    13.344     0.060        24
     5.206    13.325     0.060        24
     5.370    13.274     0.060        24
     5.542    13.207     0.060        24
     5.706    13.172     0.060        24
     5.868    13.146     0.060        24
     6.029    13.109     0.060        24
     6.190    13.063     0.060        24
     6.341    13.034     0.060        24
     6.505    12.996     0.060        24
     6.664    12.958     0.060        24
     6.825    12.916     0.060        24
     6.987    12.867     0.060        24
     7.148    12.821     0.060        24
     7.309    12.796     0.060        24
     7.468    12.763     0.060        24
     7.629    12.714     0.060        24
     7.790    12.697     0.060        24
     7.952    12.644     0.060        24
     8.116    12.599     0.060        24
     8.277    12.555     0.060        24
     8.442    12.506     0.060        24
     8.603    12.469     0.060        24
     8.778    12.424     0.060        24
     8.940    12.383     0.060        24
     9.104    12.338     0.060        24
     9.268    12.305     0.060        24
     9.430    12.256     0.060        24
     9.591    12.206     0.060        24
     9.752    12.189     0.060        24
     9.914    12.132     0.060        24
    10.075    12.102     0.060        24
    10.236    12.066     0.060        24
    10.387    12.011     0.060        24
    10.548    11.966     0.060        24
    10.716    11.933     0.060        24
    10.880    11.888     0.060        24
    11.044    11.848     0.060        24
    11.209    11.827     0.060        24
    11.381    11.749     0.060        24
    11.545    11.724     0.060        24
    11.707    11.701     0.060        24
    11.882    11.619     0.060        24
    12.043    11.584     0.060        24
    12.207    11.543     0.060        24
    12.379    11.503     0.060        24
    12.544    11.467     0.060        24
    12.705    11.433     0.060        24
    12.866    11.358     0.060        24
    13.028    11.335     0.060        24
    13.186    11.312     0.060        24
    13.347    11.272     0.060        24
    13.506    11.256     0.060        24
    13.657    11.225     0.060        24
    13.818    11.185     0.060        24
    13.979    11.120     0.060        24
    14.144    11.069     0.060        24
    14.305    11.028     0.060        24
    14.459    10.999     0.060        24
    14.620    10.974     0.060        24
    14.784    10.932     0.060        24
    14.946    10.881     0.060        24
    15.110    10.850     0.060        24
    15.271    10.829     0.060        24
    15.436    10.779     0.060        24
    15.600    10.743     0.060        24
    15.751    10.698     0.060        24
    15.923    10.656     0.060        24
    16.087    10.607     0.060        24
    16.248    10.558     0.060        24
    16.413    10.520     0.060        24
    16.574    10.487     0.060        24
    16.739    10.437     0.060        24
    16.911    10.383     0.060        24
    17.075    10.350     0.060        24
    17.236    10.305     0.060        24
    17.398    10.259     0.060        24
    17.559    10.212     0.060        24
    17.710    10.174     0.060        24
    17.871    10.126     0.060        24
    18.032    10.078     0.060        24
    18.183    10.032     0.060        24
    18.341     9.985     0.060        24
    18.503     9.941     0.060        24
    18.656     9.899     0.060        24
    18.818     9.859     0.060        24
    18.979     9.820     0.060        24
    19.130     9.785     0.060        24
    19.291     9.734     0.060        24
    19.442     9.683     0.060        24
    19.603     9.600     0.060        24
    19.754     9.561     0.060        24
    19.915     9.526     0.060        24
    20.066     9.484     0.060        24
    20.217     9.445     0.060        24
    20.378     9.410     0.060        24
    20.532     9.363     0.060        24
    20.693     9.307     0.060        24
    20.844     9.264     0.060        24
    21.008     9.220     0.060        24
    21.159     9.182     0.060        24
    21.320     9.142     0.060        24
    21.474     9.095     0.060        24
    21.635     9.044     0.060        24
    21.786     9.005     0.060        24
    21.947     8.961     0.060        24
    22.101     8.918     0.060        24
    22.251     8.868     0.060        24
    22.402     8.814     0.060        24
    22.567     8.761     0.060        24
    22.717     8.710     0.060        24
    22.879     8.646     0.060        24
    23.032     8.603     0.060        24
    23.194     8.548     0.060        24
    23.344     8.495     0.060        24
    23.506     8.460     0.060        24
    23.656     8.412     0.060        24
    23.821     8.371     0.060        24
    23.982     8.318     0.060        24
    36.848     1.000     0.000         0
    37.057     1.736     0.060         1
    37.221     1.752     0.060         1
    37.382     1.773     0.060         1
    37.544     1.798     0.060         1
    37.705     1.835     0.060         1
    37.869     1.880     0.060         1
    38.031     1.924     0.060         1
    38.192     1.973     0.060         1
    38.356     2.023     0.060         1
    38.518     2.084     0.060         1
    38.679     2.145     0.060         1
    38.843     2.213     0.060         1
    39.005     2.285     0.060         1
    39.169     2.357     0.060         1
    39.330     2.429     0.060         1
    39.492     2.505     0.060         1
    39.656     2.588     0.060         1
    39.817     2.669     0.060         1
    39.982     2.746     0.060         1
    40.143     2.837     0.060         1
    40.304     2.978     0.060         1
    40.469     3.029     0.060         1
    40.630     3.101     0.060         1
    37.057     2.162     0.060         2
    37.221     2.181     0.060         2
    37.382     2.198     0.060         2
    37.544     2.220     0.060         2
    37.705     2.250     0.060         2
    37.869     2.285     0.060         2
    38.031     2.320     0.060         2
    38.192     2.357     0.060         2
    38.356     2.402     0.060         2
    38.518     2.447     0.060         2
    38.679     2.490     0.060         2
    38.843     2.546     0.060         2
    39.005     2.599     0.060         2
    39.169     2.646     0.060         2
    39.330     2.704     0.060         2
    39.492     2.773     0.060         2
    39.656     2.831     0.060         2
    39.817     2.900     0.060         2
    39.982     2.970     0.060         2
    41.921     3.623     0.060         5
    42.082     3.648     0.060         5
    42.244     3.690     0.060         5
    42.419     3.725     0.060         5
    42.569     3.756     0.060         5
    42.731     3.792     0.060         5
    42.881     3.824     0.060         5
    43.029     3.861     0.060         5
    43.190     3.895     0.060         5
    43.338     3.931     0.060         5
    43.499     3.960     0.060         5
    43.650     3.996     0.060         5
    43.811     4.027     0.060         5
    43.973     4.054     0.060         5
    44.126     4.084     0.060         5
    44.288     4.115     0.060         5
    44.449     4.148     0.060         5
    44.600     4.172     0.060         5
    44.761     4.205     0.060         5
    44.912     4.234     0.060         5
    45.065     4.268     0.060         5
    45.227     4.301     0.060         5
    45.391     4.331     0.060         5
    45.542     4.364     0.060         5
    45.706     4.396     0.060         5
    45.857     4.428     0.060         5
    46.018     4.455     0.060         5
    46.172     4.479     0.060         5
    46.333     4.507     0.060         5
    46.484     4.531     0.060         5
    46.648     4.561     0.060         5
    46.799     4.587     0.060         5
    46.963     4.617     0.060         5
    47.114     4.642     0.060         5
    47.278     4.667     0.060         5
    47.429     4.700     0.060         5
    47.590     4.727     0.060         5
    47.751     4.750     0.060         5
    47.902     4.773     0.060         5
    48.053     4.790     0.060         5
    48.217     4.815     0.060         5
    48.371     4.845     0.060         5
    48.532     4.857     0.060         5
    48.683     4.858     0.060         5
    48.847     4.895     0.060         5
    48.998     4.935     0.060         5
    49.159     4.964     0.060         5
    49.320     4.990     0.060         5
    49.471     5.018     0.060         5
    49.632     5.050     0.060         5
    49.794     5.084     0.060         5
    49.944     5.113     0.060         5
    50.098     5.141     0.060         5
    50.259     5.182     0.060         5
    50.413     5.218     0.060         5
    50.574     5.246     0.060         5
    50.739     5.279     0.060         5
    50.886     5.311     0.060         5
    51.048     5.360     0.060         5
    51.206     5.380     0.060         5
    51.357     5.416     0.060         5
    51.518     5.469     0.060         5
    51.672     5.505     0.060         5
    51.833     5.540     0.060         5
    51.984     5.574     0.060         5
    52.145     5.629     0.060         5
    52.293     5.667     0.060         5
    52.443     5.705     0.060         5
    52.605     5.739     0.060         5
    52.755     5.772     0.060         5
    52.906     5.810     0.060         5
    53.067     5.839     0.060         5
    53.218     5.872     0.060         5
    53.369     5.913     0.060         5
    53.519     5.946     0.060         5
    53.670     5.979     0.060         5
    53.821     6.017     0.060         5
    53.974     6.044     0.060         5
    54.125     6.071     0.060         5
    54.276     6.099     0.060         5
    54.429     6.130     0.060         5
    54.580     6.161     0.060         5
    54.734     6.189     0.060         5
    54.884     6.216     0.060         5
    55.035     6.247     0.060         5
    55.186     6.266     0.060         5
    55.339     6.302     0.060         5
    55.501     6.329     0.060         5
    55.651     6.352     0.060         5
    55.805     6.376     0.060         5
    55.956     6.403     0.060         5
    56.106     6.421     0.060         5
    56.260     6.450     0.060         5
    56.421     6.476     0.060         5
    56.572     6.502     0.060         5
    56.723     6.539     0.060         5
    56.881     6.582     0.060         5
    57.032     6.609     0.060         5
    57.182     6.635     0.060         5
    57.344     6.654     0.060         5
    57.494     6.684     0.060         5
    57.656     6.709     0.060         5
    57.806     6.734     0.060         5
    57.957     6.760     0.060         5
    58.108     6.784     0.060         5
    58.258     6.812     0.060         5
    58.409     6.836     0.060         5
    58.567     6.859     0.060         5
    58.718     6.895     0.060         5
    58.868     6.923     0.060         5
    59.016     6.951     0.060         5
    59.177     6.983     0.060         5
    59.331     7.003     0.060         5
    59.482     7.028     0.060         5
    59.643     7.049     0.060         5
    59.794     7.070     0.060         5
    59.944     7.089     0.060         5
    60.106     7.109     0.060         5
    60.256     7.136     0.060         5
    60.407     7.168     0.060         5
    60.565     7.211     0.060         5
    60.716     7.227     0.060         5
    60.867     7.259     0.060         5
    61.020     7.284     0.060         5
    61.171     7.313     0.060         5
    61.314     7.335     0.060         5
    61.468     7.364     0.060         5
    61.618     7.378     0.060         5
    61.772     7.407     0.060         5
    61.923     7.435     0.060         5
    62.076     7.455     0.060         5
    62.227     7.487     0.060         5
    62.381     7.511     0.060         5
    62.531     7.543     0.060         5
    62.685     7.567     0.060         5
    62.839     7.597     0.060         5
    62.989     7.619     0.060         5
    63.143     7.641     0.060         5
    63.286     7.663     0.060         5
    63.440     7.685     0.060         5
    63.590     7.711     0.060         5
    63.733     7.736     0.060         5
    63.887     7.761     0.060         5
    64.041     7.788     0.060         5
    64.181     7.819     0.060         5
    64.334     7.837     0.060         5
    64.485     7.850     0.060         5
    64.636     7.874     0.060         5
    64.794     7.894     0.060         5
    64.942     7.914     0.060         5
    65.089     7.942     0.060         5
    65.251     7.968     0.060         5
    65.398     7.983     0.060         5
    65.546     8.020     0.060         5
    65.707     8.046     0.060         5
    65.858     8.070     0.060         5
    66.009     8.104     0.060         5
    66.167     8.125     0.060         5
    66.314     8.154     0.060         5
    66.473     8.173     0.060         5
    66.620     8.195     0.060         5
    66.782     8.211     0.060         5
    66.929     8.247     0.060         5
    67.077     8.255     0.060         5
    67.228     8.299     0.060         5
    67.381     8.315     0.060         5
    67.532     8.347     0.060         5
    67.693     8.375     0.060         5
    67.844     8.403     0.060         5
    67.995     8.427     0.060         5
    68.148     8.451     0.060         5
    68.310     8.479     0.060         5
    68.460     8.503     0.060         5
    68.619     8.531     0.060         5
    68.769     8.558     0.060         5
    68.920     8.579     0.060         5
    69.081     8.609     0.060         5
    69.232     8.634     0.060         5
    69.393     8.657     0.060         5
    69.544     8.670     0.060         5
    69.698     8.712     0.060         5
    69.859     8.735     0.060         5
    70.007     8.747     0.060         5
    70.171     8.787     0.060         5
    70.321     8.811     0.060         5
    70.483     8.836     0.060         5
    70.636     8.865     0.060         5
    70.798     8.894     0.060         5
    70.948     8.923     0.060         5
    71.110     8.952     0.060         5
    71.260     8.977     0.060         5
    71.422     8.993     0.060         5
    71.572     9.022     0.060         5
    71.731     9.042     0.060         5
    71.892     9.067     0.060         5
    72.043     9.088     0.060         5
    72.207     9.114     0.060         5
    72.358     9.145     0.060         5
    72.511     9.163     0.060         5
    72.673     9.187     0.060         5
    72.826     9.215     0.060         5
    72.988     9.243     0.060         5
    73.138     9.267     0.060         5
    73.300     9.295     0.060         5
    73.450     9.323     0.060         5
    73.615     9.347     0.060         5
    73.768     9.375     0.060         5
    73.930     9.399     0.060         5
    74.091     9.417     0.060         5
    74.241     9.443     0.060         5
    74.392     9.469     0.060         5
    74.543     9.497     0.060         5
    74.693     9.521     0.060         5
    74.844     9.548     0.060         5
    74.992     9.576     0.060         5
    75.142     9.591     0.060         5
    75.293     9.621     0.060         5
    75.441     9.639     0.060         5
    75.602     9.661     0.060         5
    75.753     9.674     0.060         5
    75.906     9.700     0.060         5
    76.057     9.729     0.060         5
    76.221     9.750     0.060         5
    76.372     9.775     0.060         5
    76.526     9.801     0.060         5
    76.676     9.821     0.060         5
    76.830     9.844     0.060         5
    77.142     9.896     0.060         5
    77.296     9.920     0.060         5
    77.457     9.946     0.060         5
    77.761     9.977     0.060         5
    78.073    10.024     0.060         5
    78.374    10.067     0.060         5
    78.697    10.111     0.060         5
    78.848    10.134     0.060         5
    79.157    10.186     0.060         5
    79.318    10.204     0.060         5
    79.619    10.245     0.060         5
    80.082    10.307     0.060         5
    80.233    10.326     0.060         5
    80.542    10.372     0.060         5
    80.703    10.398     0.060         5
    81.015    10.439     0.060         5
    81.477    10.509     0.060         5
    81.628    10.537     0.060         5
    81.940    10.586     0.060         5
    82.260    10.630     0.060         5
    82.561    10.678     0.060         5
    82.722    10.706     0.060         5
    83.045    10.765     0.060         5
    83.196    10.789     0.060         5
    83.354    10.807     0.060         5
    83.669    10.861     0.060         5
    83.984    10.910     0.060         5
    84.134    10.928     0.060         5
    84.285    10.952     0.060         5
    84.761    11.040     0.060         5
    85.238    11.104     0.060         5
    85.714    11.192     0.060         5
    85.865    11.222     0.060         5
    86.176    11.269     0.060         5
    86.806    11.370     0.060         5
    86.968    11.410     0.060         5
    87.444    11.491     0.060         5
    88.536    11.658     0.060         5
    89.478    11.816     0.060         5
    90.409    11.957     0.060         5
    91.354    12.094     0.060         5
    92.135    12.211     0.060         5
    92.915    12.311     0.060         5
    93.550    12.401     0.060         5
    94.352    12.480     0.060         5
    94.664    12.536     0.060         5
    95.140    12.585     0.060         5
    95.939    12.668     0.060         5
    96.881    12.801     0.060         5
    97.515    12.863     0.060         5
    98.147    12.944     0.060         5
    98.768    12.980     0.060         5
    99.378    13.030     0.060         5
   100.464    13.117     0.060         5
   101.081    13.226     0.060         5
   101.689    13.269     0.060         5
   102.462    13.348     0.060         5
   103.372    13.464     0.060         5
   104.152    13.538     0.060         5
   104.793    13.657     0.060         5
   105.891    13.805     0.060         5
   107.296    13.992     0.060         5
   108.084    14.135     0.060         5
   109.315    14.296     0.060         5
   109.952    14.383     0.060         5
   111.042    14.523     0.060         5
   112.128    14.688     0.060         5
   113.510    14.897     0.060         5
   114.957    15.124     0.060         5
   115.925    15.263     0.060         5
   117.346    15.482     0.060         5
   118.131    15.577     0.060         5
   118.604    15.690     0.060         5
   119.729    15.887     0.060         5
   120.535    16.031     0.060         5
   121.022    16.104     0.060         5
   121.670    16.202     0.060         5
   122.311    16.326     0.060         5
   122.959    16.457     0.060         5
   123.421    16.508     0.060         5
   124.045    16.609     0.060         5
   124.998    16.762     0.060         5
   126.560    16.954     0.060         5
   127.493    17.075     0.060         5
   128.120    17.134     0.060         5
   129.086    17.289     0.060         5
   130.052    17.427     0.060         5
   131.168    17.580     0.060         5
   132.296    17.760     0.060         5
   133.100    17.908     0.060         5
   133.752    18.019     0.060         5
   135.043    18.210     0.060         5
   136.157    18.385     0.060         5
   139.655    18.926     0.060         5
   140.453    19.062     0.060         5
   141.252    19.178     0.060         5
   141.739    19.241     0.060         5
   142.379    19.316     0.060         5
   143.017    19.412     0.060         5
   143.987    19.551     0.060         5
   144.786    19.670     0.060         5
   145.757    19.790     0.060         5
   147.042    19.960     0.060         5
   148.153    20.110     0.060         5
   148.955    20.210     0.060         5
    65.251     8.470     0.060         7
    66.009     8.549     0.060         7
    67.844     8.787     0.060         7
    69.232     8.976     0.060         7
    69.859     9.060     0.060         7
    71.110     9.262     0.060         7
    72.673     9.512     0.060         7
    73.930     9.700     0.060         7
    74.693     9.826     0.060         7
    75.293     9.909     0.060         7
    76.526    10.080     0.060         7
    77.761    10.271     0.060         7
    78.697    10.403     0.060         7
    79.770    10.573     0.060         7
    80.853    10.757     0.060         7
    81.940    10.928     0.060         7
    83.354    11.144     0.060         7
    84.449    11.294     0.060         7
    85.714    11.476     0.060         7
    87.283    11.717     0.060         7
    88.071    11.829     0.060         7
    89.013    11.971     0.060         7
    89.478    12.035     0.060         7
    90.259    12.143     0.060         7
   108.084    14.821     0.060         8
   108.694    14.896     0.060         8
   109.006    14.940     0.060         8
   109.791    15.047     0.060         8
   110.730    15.178     0.060         8
   111.504    15.302     0.060         8
   112.290    15.405     0.060         8
   113.050    15.517     0.060         8
   113.832    15.624     0.060         8
   114.470    15.711     0.060         8
   114.796    15.751     0.060         8
   115.279    15.831     0.060         8
   115.763    15.894     0.060         8
   116.395    15.974     0.060         8
   117.188    16.089     0.060         8
   118.131    16.233     0.060         8
   118.443    16.252     0.060         8
   118.930    16.323     0.060         8
   119.729    16.447     0.060         8
   120.051    16.495     0.060         8
   120.374    16.547     0.060         8
   121.022    16.647     0.060         8
   121.509    16.718     0.060         8
   121.985    16.790     0.060         8
   122.633    16.898     0.060         8
   123.109    16.970     0.060         8
   123.583    17.050     0.060         8
   123.733    17.074     0.060         8
   124.368    17.174     0.060         8
    43.973     4.793     0.060        14
    44.126     4.835     0.060        14
    44.288     4.849     0.060        14
    44.449     4.875     0.060        14
    44.600     4.913     0.060        14
    44.761     4.947     0.060        14
    44.912     4.985     0.060        14
    45.065     5.022     0.060        14
    45.227     5.051     0.060        14
    45.391     5.085     0.060        14
    45.542     5.114     0.060        14
    45.706     5.148     0.060        14
    45.857     5.181     0.060        14
    46.018     5.210     0.060        14
    46.172     5.240     0.060        14
    46.333     5.271     0.060        14
    46.484     5.299     0.060        14
    46.648     5.326     0.060        14
    46.799     5.362     0.060        14
    46.963     5.390     0.060        14
    47.114     5.417     0.060        14
    47.278     5.444     0.060        14
    47.429     5.474     0.060        14
    47.590     5.501     0.060        14
    47.751     5.523     0.060        14
    47.902     5.542     0.060        14
    48.053     5.565     0.060        14
    48.217     5.592     0.060        14
    48.371     5.622     0.060        14
    48.532     5.649     0.060        14
    48.683     5.676     0.060        14
    48.847     5.691     0.060        14
    48.998     5.718     0.060        14
    49.159     5.738     0.060        14
    49.320     5.761     0.060        14
    49.471     5.797     0.060        14
    49.632     5.829     0.060        14
    49.794     5.872     0.060        14
    49.944     5.907     0.060        14
    50.098     5.942     0.060        14
    50.259     5.973     0.060        14
    50.413     6.001     0.060        14
    50.574     6.036     0.060        14
    50.739     6.070     0.060        14
    50.886     6.122     0.060        14
    51.048     6.204     0.060        14
    51.206     6.229     0.060        14
    51.357     6.250     0.060        14
    51.518     6.280     0.060        14
    51.672     6.313     0.060        14
    51.833     6.349     0.060        14
    51.984     6.384     0.060        14
    52.145     6.428     0.060        14
    52.293     6.479     0.060        14
    52.443     6.514     0.060        14
    52.605     6.553     0.060        14
    52.755     6.589     0.060        14
    52.906     6.624     0.060        14
    53.067     6.651     0.060        14
    53.218     6.687     0.060        14
    53.369     6.726     0.060        14
    53.519     6.757     0.060        14
    53.670     6.794     0.060        14
    53.821     6.828     0.060        14
    53.974     6.862     0.060        14
    54.125     6.888     0.060        14
    54.276     6.917     0.060        14
    54.429     6.943     0.060        14
    54.580     6.977     0.060        14
    54.734     7.003     0.060        14
    54.884     7.032     0.060        14
    55.035     7.066     0.060        14
    55.186     7.084     0.060        14
    55.339     7.106     0.060        14
    55.501     7.145     0.060        14
    55.651     7.159     0.060        14
    55.805     7.185     0.060        14
    55.956     7.211     0.060        14
    56.106     7.233     0.060        14
    56.260     7.260     0.060        14
    56.421     7.286     0.060        14
    56.572     7.316     0.060        14
    56.723     7.346     0.060        14
    56.881     7.393     0.060        14
    57.032     7.431     0.060        14
    57.182     7.461     0.060        14
    57.344     7.483     0.060        14
    57.494     7.510     0.060        14
    57.656     7.537     0.060        14
    57.806     7.557     0.060        14
    57.957     7.572     0.060        14
    58.108     7.595     0.060        14
    58.258     7.627     0.060        14
    58.409     7.646     0.060        14
    58.567     7.674     0.060        14
    58.718     7.705     0.060        14
    58.868     7.745     0.060        14
    59.016     7.764     0.060        14
    59.177     7.788     0.060        14
    59.331     7.807     0.060        14
    59.482     7.835     0.060        14
    59.643     7.863     0.060        14
    59.794     7.884     0.060        14
    59.944     7.901     0.060        14
    60.106     7.942     0.060        14
    60.256     7.927     0.060        14
    60.407     7.984     0.060        14
    60.565     8.016     0.060        14
    60.716     8.029     0.060        14
    60.867     8.050     0.060        14
    61.020     8.099     0.060        14
    61.171     8.124     0.060        14
    61.314     8.145     0.060        14
    61.468     8.165     0.060        14
    61.618     8.206     0.060        14
    61.772     8.231     0.060        14
    61.923     8.252     0.060        14
    62.076     8.281     0.060        14
    62.227     8.310     0.060        14
    62.381     8.336     0.060        14
    62.531     8.365     0.060        14
    62.685     8.394     0.060        14
    62.839     8.416     0.060        14
    62.989     8.433     0.060        14
    63.143     8.462     0.060        14
    63.286     8.488     0.060        14
    63.440     8.513     0.060        14
    63.590     8.538     0.060        14
    63.733     8.568     0.060        14
    63.887     8.625     0.060        14
    64.041     8.622     0.060        14
    64.181     8.648     0.060        14
    64.334     8.677     0.060        14
    64.485     8.706     0.060        14
    64.636     8.711     0.060        14
    64.794     8.749     0.060        14
    64.942     8.782     0.060        14
    65.089     8.807     0.060        14
    65.251     8.812     0.060        14
    65.398     8.854     0.060        14
    65.546     8.875     0.060        14
    65.707     8.912     0.060        14
    65.858     8.957     0.060        14
    66.009     8.987     0.060        14
    66.167     8.996     0.060        14
    66.314     9.025     0.060        14
    66.473     9.021     0.060        14
    66.620     9.055     0.060        14
    66.782     9.071     0.060        14
    66.929     9.080     0.060        14
    67.077     9.105     0.060        14
    67.228     9.134     0.060        14
    67.381     9.166     0.060        14
    67.532     9.174     0.060        14
    67.693     9.202     0.060        14
    67.844     9.230     0.060        14
    67.995     9.250     0.060        14
    68.148     9.290     0.060        14
    68.310     9.314     0.060        14
    68.460     9.343     0.060        14
    68.619     9.361     0.060        14
    68.769     9.407     0.060        14
    68.920     9.441     0.060        14
    69.081     9.475     0.060        14
    69.232     9.484     0.060        14
    69.393     9.502     0.060        14
    69.544     9.536     0.060        14
    69.698     9.529     0.060        14
    69.859     9.570     0.060        14
    70.007     9.595     0.060        14
    70.171     9.624     0.060        14
    70.321     9.650     0.060        14
    70.483     9.685     0.060        14
    70.636     9.704     0.060        14
    70.798     9.727     0.060        14
    70.948     9.758     0.060        14
    71.110     9.777     0.060        14
    71.260     9.804     0.060        14
    71.422     9.827     0.060        14
    71.572     9.851     0.060        14
    71.731     9.873     0.060        14
    71.892     9.899     0.060        14
    72.043     9.930     0.060        14
    72.207     9.948     0.060        14
    72.358     9.975     0.060        14
    72.511     9.993     0.060        14
    72.673    10.019     0.060        14
    72.826    10.054     0.060        14
    72.988    10.072     0.060        14
    73.138    10.088     0.060        14
    73.300    10.111     0.060        14
    73.450    10.134     0.060        14
    73.615    10.160     0.060        14
    73.768    10.197     0.060        14
    73.930    10.234     0.060        14
    74.091    10.284     0.060        14
    74.241    10.301     0.060        14
    74.392    10.326     0.060        14
    74.543    10.361     0.060        14
    74.693    10.375     0.060        14
    74.844    10.398     0.060        14
    74.992    10.428     0.060        14
    75.142    10.443     0.060        14
    75.293    10.469     0.060        14
    75.441    10.488     0.060        14
    75.602    10.511     0.060        14
    75.753    10.520     0.060        14
    75.906    10.552     0.060        14
    76.057    10.568     0.060        14
    76.221    10.583     0.060        14
    76.372    10.588     0.060        14
    76.526    10.622     0.060        14
    76.830    10.658     0.060        14
    77.142    10.712     0.060        14
    77.457    10.767     0.060        14
    77.761    10.803     0.060        14
    77.912    10.823     0.060        14
    78.224    10.870     0.060        14
    78.536    10.918     0.060        14
    78.697    10.938     0.060        14
    79.009    10.981     0.060        14
    79.318    11.028     0.060        14
    79.770    11.092     0.060        14
    79.931    11.104     0.060        14
    80.233    11.137     0.060        14
    80.542    11.188     0.060        14
    80.853    11.228     0.060        14
    81.165    11.268     0.060        14
    81.477    11.304     0.060        14
    81.789    11.351     0.060        14
    82.101    11.413     0.060        14
    82.561    11.469     0.060        14
    82.884    11.509     0.060        14
    83.196    11.549     0.060        14
    83.354    11.569     0.060        14
    83.669    11.616     0.060        14
    83.819    11.643     0.060        14
    84.134    11.694     0.060        14
    51.984     8.704     0.060        24
    52.755     8.931     0.060        24
    53.067     9.043     0.060        24
    53.519     9.188     0.060        24
    53.974     9.343     0.060        24
    54.429     9.508     0.060        24
    55.035     9.687     0.060        24
    56.572    10.122     0.060        24
    57.494    10.405     0.060        24
    58.108    10.576     0.060        24
    59.016    10.886     0.060        24
    59.482    11.021     0.060        24
    60.407    11.286     0.060        24
    60.716    11.388     0.060        24
    65.707    12.817     0.060        24
    66.620    13.098     0.060        24
    67.228    13.292     0.060        24
    67.995    13.538     0.060        24
    68.460    13.686     0.060        24
    69.544    14.000     0.060        24
    70.171    14.177     0.060        24
    71.110    14.498     0.060        24
    71.572    14.621     0.060        24
    74.693    15.490     0.060        24
    75.293    15.649     0.060        24
    75.906    15.801     0.060        24
    76.676    15.993     0.060        24
    77.296    16.170     0.060        24
    77.761    16.286     0.060        24
    78.697    16.522     0.060        24
    79.469    16.735     0.060        24
    80.394    16.989     0.060        24
    81.477    17.261     0.060        24
    82.722    17.579     0.060        24
    83.196    17.710     0.060        24
    84.449    18.043     0.060        24
    86.026    18.460     0.060        24
   104.793    25.215     0.060        28
   105.891    25.477     0.060        28
   106.679    25.645     0.060        28
   107.296    25.786     0.060        28
   107.769    25.885     0.060        28
   108.694    26.074     0.060        28
   109.791    26.315     0.060        28
   110.881    26.555     0.060        28
   111.354    26.632     0.060        28
   112.749    26.966     0.060        28
   113.352    27.161     0.060        28
   114.309    27.363     0.060        28
   115.763    27.683     0.060        28
   116.714    27.889     0.060        28
   118.604    28.322     0.060        28
   120.213    28.646     0.060        28
   121.509    28.874     0.060        28
   122.798    29.134     0.060        28
   125.474    29.684     0.060        28
   126.098    29.850     0.060        28
   127.342    30.084     0.060        28
   127.969    30.222     0.060        28
   129.250    30.493     0.060        28
     0.000     0.000     0.000        -1
