   354.535    -1.000     0.000         0
   351.907     2.066     0.060         1
   352.068     1.988     0.060         1
   352.229     1.902     0.060         1
   352.393     1.833     0.060         1
   352.554     1.743     0.060         1
   352.705     1.641     0.060         1
   352.866     1.585     0.060         1
   353.016     1.527     0.060         1
   353.177     1.458     0.060         1
   353.331     1.418     0.060         1
   353.492     1.381     0.060         1
   353.642     1.333     0.060         1
   353.806     1.288     0.060         1
   353.957     1.262     0.060         1
   354.110     1.240     0.060         1
   354.271     1.228     0.060         1
   354.424     1.201     0.060         1
   354.479     1.205     0.060         1
   352.705     2.685     0.060         3
   352.866     2.648     0.060         3
   353.016     2.620     0.060         3
   353.177     2.584     0.060         3
   353.331     2.548     0.060         3
   353.492     2.516     0.060         3
   353.642     2.492     0.060         3
   353.806     2.464     0.060         3
   353.957     2.444     0.060         3
   354.110     2.428     0.060         3
   354.271     2.429     0.060         3
   354.424     2.418     0.060         3
   354.479     2.405     0.060         3
   319.277     8.584     0.060         5
   319.428     8.569     0.060         5
   319.589     8.555     0.060         5
   319.747     8.526     0.060         5
   319.908     8.523     0.060         5
   320.059     8.491     0.060         5
   320.220     8.473     0.060         5
   320.370     8.443     0.060         5
   320.524     8.432     0.060         5
   320.685     8.428     0.060         5
   320.836     8.396     0.060         5
   320.989     8.380     0.060         5
   321.140     8.352     0.060         5
   321.301     8.320     0.060         5
   321.451     8.309     0.060         5
   321.605     8.289     0.060         5
   321.755     8.281     0.060         5
   321.906     8.262     0.060         5
   322.056     8.244     0.060         5
   322.207     8.234     0.060         5
   322.371     8.202     0.060         5
   322.521     8.201     0.060         5
   322.672     8.196     0.060         5
   322.836     8.158     0.060         5
   322.987     8.139     0.060         5
   323.151     8.111     0.060         5
   323.301     8.100     0.060         5
   323.452     8.099     0.060         5
   323.605     8.069     0.060         5
   323.756     8.073     0.060         5
   323.906     8.046     0.060         5
   324.057     8.043     0.060         5
   324.210     8.009     0.060         5
   324.361     7.986     0.060         5
   324.511     7.984     0.060         5
   324.672     7.980     0.060         5
   324.826     7.948     0.060         5
   324.976     7.908     0.060         5
   325.127     7.897     0.060         5
   325.288     7.874     0.060         5
   325.449     7.869     0.060         5
   325.600     7.847     0.060         5
   325.761     7.802     0.060         5
   325.922     7.781     0.060         5
   326.072     7.759     0.060         5
   326.234     7.725     0.060         5
   326.384     7.725     0.060         5
   326.545     7.685     0.060         5
   326.693     7.681     0.060         5
   326.854     7.662     0.060         5
   327.004     7.638     0.060         5
   327.165     7.621     0.060         5
   327.327     7.580     0.060         5
   327.477     7.573     0.060         5
   327.638     7.551     0.060         5
   327.799     7.508     0.060         5
   327.947     7.511     0.060         5
   328.108     7.458     0.060         5
   328.266     7.456     0.060         5
   328.424     7.446     0.060         5
   328.585     7.414     0.060         5
   328.733     7.394     0.060         5
   328.891     7.390     0.060         5
   329.049     7.350     0.060         5
   329.196     7.318     0.060         5
   329.357     7.323     0.060         5
   329.505     7.283     0.060         5
   329.669     7.264     0.060         5
   329.820     7.240     0.060         5
   329.970     7.206     0.060         5
   330.124     7.203     0.060         5
   330.285     7.177     0.060         5
   330.435     7.155     0.060         5
   330.589     7.123     0.060         5
   330.750     7.110     0.060         5
   330.903     7.071     0.060         5
   331.054     7.052     0.060         5
   331.207     7.034     0.060         5
   331.372     7.024     0.060         5
   331.525     7.000     0.060         5
   331.676     6.974     0.060         5
   331.829     6.968     0.060         5
   331.993     6.939     0.060         5
   332.147     6.920     0.060         5
   332.297     6.905     0.060         5
   332.451     6.889     0.060         5
   332.604     6.864     0.060         5
   332.769     6.853     0.060         5
   332.922     6.837     0.060         5
   333.073     6.793     0.060         5
   333.226     6.775     0.060         5
   333.369     6.751     0.060         5
   333.676     6.707     0.060         5
   333.827     6.679     0.060         5
   333.980     6.651     0.060         5
   334.134     6.617     0.060         5
   334.284     6.593     0.060         5
   334.438     6.557     0.060         5
   334.591     6.533     0.060         5
   334.742     6.514     0.060         5
   334.906     6.489     0.060         5
   335.059     6.465     0.060         5
   335.223     6.425     0.060         5
   335.374     6.409     0.060         5
   335.535     6.392     0.060         5
   335.688     6.371     0.060         5
   335.853     6.342     0.060         5
   336.003     6.321     0.060         5
   336.167     6.314     0.060         5
   336.328     6.287     0.060         5
   336.492     6.267     0.060         5
   336.646     6.237     0.060         5
   336.807     6.198     0.060         5
   336.971     6.142     0.060         5
   337.135     6.099     0.060         5
   337.289     6.085     0.060         5
   337.453     6.032     0.060         5
   337.606     6.008     0.060         5
   337.771     5.997     0.060         5
   337.932     5.965     0.060         5
   338.096     5.919     0.060         5
   338.246     5.891     0.060         5
   338.407     5.879     0.060         5
   338.558     5.863     0.060         5
   338.719     5.836     0.060         5
   338.880     5.812     0.060         5
   339.041     5.765     0.060         5
   339.353     5.705     0.060         5
   339.675     5.629     0.060         5
   339.834     5.599     0.060         5
   340.145     5.549     0.060         5
   340.454     5.478     0.060         5
   340.773     5.428     0.060         5
   340.934     5.387     0.060         5
   341.253     5.332     0.060         5
   341.568     5.279     0.060         5
   341.883     5.215     0.060         5
   342.361     5.126     0.060         5
   342.523     5.089     0.060         5
   342.840     5.021     0.060         5
   343.166     4.965     0.060         5
   343.330     4.933     0.060         5
   343.655     4.856     0.060         5
   343.980     4.779     0.060         5
   344.295     4.711     0.060         5
   344.459     4.687     0.060         5
   344.774     4.598     0.060         5
   344.927     4.566     0.060         5
   345.252     4.505     0.060         5
   345.403     4.461     0.060         5
   345.728     4.388     0.060         5
   254.416    19.252     0.060         8
   254.878    19.153     0.060         8
   255.499    19.050     0.060         8
   255.972    18.952     0.060         8
   256.434    18.852     0.060         8
   257.369    18.682     0.060         8
   257.842    18.583     0.060         8
   258.329    18.491     0.060         8
   258.966    18.362     0.060         8
   259.593    18.249     0.060         8
   260.069    18.167     0.060         8
   260.703    18.060     0.060         8
   261.179    17.978     0.060         8
   261.652    17.900     0.060         8
   262.138    17.809     0.060         8
   262.786    17.690     0.060         8
   263.584    17.558     0.060         8
   264.243    17.434     0.060         8
   264.734    17.348     0.060         8
   265.222    17.272     0.060         8
   265.714    17.190     0.060         8
   266.699    17.022     0.060         8
   267.347    16.893     0.060         8
   267.833    16.817     0.060         8
   268.159    16.751     0.060         8
   268.802    16.649     0.060         8
   269.430    16.529     0.060         8
   269.918    16.411     0.060         8
   270.877    16.242     0.060         8
   271.684    16.098     0.060         8
   272.163    16.011     0.060         8
   272.972    15.851     0.060         8
   273.616    15.732     0.060         8
   274.100    15.667     0.060         8
   274.587    15.527     0.060         8
   275.237    15.408     0.060         8
   275.902    15.275     0.060         8
   276.557    15.157     0.060         8
   277.680    14.957     0.060         8
   278.163    14.864     0.060         8
   279.126    14.701     0.060         8
   279.287    14.664     0.060         8
   280.099    14.533     0.060         8
   280.578    14.440     0.060         8
   280.739    14.409     0.060         8
   281.382    14.264     0.060         8
   282.172    14.120     0.060         8
   282.812    14.007     0.060         8
   283.603    13.884     0.060         8
   284.404    13.757     0.060         8
   285.044    13.649     0.060         8
   286.013    13.493     0.060         8
   286.653    13.391     0.060         8
   287.790    13.229     0.060         8
   288.582    13.123     0.060         8
   289.388    13.012     0.060         8
   289.879    12.947     0.060         8
   290.527    12.911     0.060         8
   290.850    12.875     0.060         8
   291.183    12.848     0.060         8
   291.669    12.808     0.060         8
   291.994    12.789     0.060         8
   292.145    12.781     0.060         8
   292.624    12.742     0.060         8
   292.949    12.719     0.060         8
   293.568    12.663     0.060         8
   294.184    12.608     0.060         8
   294.498    12.589     0.060         8
   294.964    12.561     0.060         8
   295.278    12.534     0.060         8
   295.883    12.495     0.060         8
   296.195    12.455     0.060         8
   296.663    12.399     0.060         8
   296.964    12.367     0.060         8
   297.279    12.340     0.060         8
   297.583    12.308     0.060         8
   297.736    12.296     0.060         8
   298.194    12.248     0.060         8
   298.654    12.192     0.060         8
   298.961    12.165     0.060         8
   299.268    12.137     0.060         8
   299.575    12.105     0.060         8
   300.178    12.050     0.060         8
   300.633    12.002     0.060         8
   301.085    11.950     0.060         8
   301.863    11.873     0.060         8
   302.494    11.802     0.060         8
   302.967    11.735     0.060         8
   303.287    11.703     0.060         8
   304.222    11.617     0.060         8
   346.841     4.138     0.060         9
   347.155     4.029     0.060         9
   347.470     3.928     0.060         9
   347.624     3.875     0.060         9
   347.788     3.802     0.060         9
   348.092     3.701     0.060         9
   348.256     3.591     0.060         9
   348.409     3.514     0.060         9
   348.727     3.425     0.060         9
   348.891     3.348     0.060         9
   349.208     3.234     0.060         9
   349.520     3.137     0.060         9
   346.204     4.289     0.060        10
   346.991     4.108     0.060        10
   347.470     3.993     0.060        10
   347.624     3.921     0.060        10
   347.938     3.851     0.060        10
   348.092     3.803     0.060        10
   348.409     3.734     0.060        10
   348.727     3.678     0.060        10
   348.891     3.629     0.060        10
   248.921    33.493     0.060        24
   249.859    33.213     0.060        24
   250.785    32.927     0.060        24
   254.257    31.933     0.060        24
   255.187    31.665     0.060        24
   255.499    31.562     0.060        24
   256.896    31.178     0.060        24
   262.947    29.510     0.060        24
   264.562    29.088     0.060        24
   265.383    28.902     0.060        24
   266.377    28.672     0.060        24
   267.186    28.477     0.060        24
   268.473    28.112     0.060        24
   269.750    27.711     0.060        24
   270.559    27.457     0.060        24
   271.999    26.989     0.060        24
   279.612    24.834     0.060        24
   280.739    24.550     0.060        24
   281.543    24.350     0.060        24
   282.334    24.154     0.060        24
   283.127    23.945     0.060        24
   284.240    23.633     0.060        24
   284.891    23.424     0.060        24
   354.535     1.000     0.000         0
   354.740     1.219     0.060         1
   354.901     1.246     0.060         1
   355.054     1.277     0.060         1
   355.215     1.325     0.060         1
   355.368     1.364     0.060         1
   355.530     1.408     0.060         1
   355.683     1.459     0.060         1
   355.833     1.528     0.060         1
   355.998     1.568     0.060         1
   356.148     1.675     0.060         1
   356.312     1.757     0.060         1
   356.463     1.831     0.060         1
   356.624     1.895     0.060         1
   356.788     2.031     0.060         1
   354.740     2.420     0.060         3
   354.901     2.407     0.060         3
   355.054     2.411     0.060         3
   355.215     2.410     0.060         3
   355.368     2.424     0.060         3
   355.530     2.441     0.060         3
   355.683     2.453     0.060         3
   355.833     2.469     0.060         3
   355.998     2.484     0.060         3
   356.148     2.500     0.060         3
   356.312     2.528     0.060         3
   356.463     2.540     0.060         3
   364.308     4.968     0.060         5
   364.469     5.057     0.060         5
   364.631     5.090     0.060         5
   364.795     5.153     0.060         5
   364.945     5.197     0.060         5
   365.109     5.256     0.060         5
   365.270     5.311     0.060         5
   365.424     5.356     0.060         5
   365.585     5.433     0.060         5
   365.749     5.496     0.060         5
   365.910     5.566     0.060         5
   366.064     5.614     0.060         5
   366.225     5.640     0.060         5
   366.386     5.720     0.060         5
   366.539     5.734     0.060         5
   366.701     5.805     0.060         5
   366.865     5.843     0.060         5
   367.015     5.879     0.060         5
   367.176     5.897     0.060         5
   367.340     5.954     0.060         5
   367.491     5.974     0.060         5
   367.655     6.027     0.060         5
   367.816     6.041     0.060         5
   367.967     6.091     0.060         5
   368.131     6.127     0.060         5
   368.292     6.157     0.060         5
   368.445     6.202     0.060         5
   368.606     6.228     0.060         5
   368.760     6.258     0.060         5
   368.921     6.286     0.060         5
   369.072     6.317     0.060         5
   369.236     6.365     0.060         5
   369.386     6.380     0.060         5
   369.550     6.410     0.060         5
   369.711     6.448     0.060         5
   369.862     6.496     0.060         5
   370.023     6.534     0.060         5
   370.187     6.550     0.060         5
   370.338     6.600     0.060         5
   370.499     6.627     0.060         5
   370.660     6.669     0.060         5
   370.810     6.699     0.060         5
   370.971     6.717     0.060         5
   371.122     6.743     0.060         5
   371.283     6.761     0.060         5
   371.444     6.772     0.060         5
   371.595     6.800     0.060         5
   371.756     6.819     0.060         5
   371.906     6.839     0.060         5
   372.067     6.880     0.060         5
   372.218     6.910     0.060         5
   372.379     6.918     0.060         5
   372.529     6.944     0.060         5
   372.690     6.960     0.060         5
   372.852     6.985     0.060         5
   373.013     7.002     0.060         5
   373.174     7.007     0.060         5
   373.338     7.024     0.060         5
   373.488     7.038     0.060         5
   373.652     7.068     0.060         5
   373.814     7.075     0.060         5
   373.978     7.085     0.060         5
   374.139     7.111     0.060         5
   374.289     7.122     0.060         5
   374.453     7.152     0.060         5
   374.615     7.172     0.060         5
   374.779     7.208     0.060         5
   374.943     7.239     0.060         5
   375.104     7.265     0.060         5
   375.268     7.288     0.060         5
   375.418     7.315     0.060         5
   375.583     7.336     0.060         5
   375.744     7.340     0.060         5
   375.908     7.378     0.060         5
   376.069     7.383     0.060         5
   376.219     7.422     0.060         5
   376.383     7.439     0.060         5
   376.545     7.470     0.060         5
   376.706     7.502     0.060         5
   376.870     7.530     0.060         5
   377.031     7.556     0.060         5
   377.192     7.547     0.060         5
   377.517     7.619     0.060         5
   377.678     7.635     0.060         5
   378.168     7.723     0.060         5
   378.665     7.775     0.060         5
   379.140     7.785     0.060         5
   379.466     7.796     0.060         5
   379.791     7.783     0.060         5
   380.270     7.793     0.060         5
   380.431     7.768     0.060         5
   380.745     7.746     0.060         5
   381.388     7.756     0.060         5
   381.703     7.742     0.060         5
   382.181     7.749     0.060         5
   382.657     7.771     0.060         5
   382.971     7.770     0.060         5
   383.437     7.789     0.060         5
   383.905     7.804     0.060         5
   384.370     7.835     0.060         5
   385.002     7.903     0.060         5
   385.628     7.995     0.060         5
   386.096     8.076     0.060         5
   386.862     8.205     0.060         5
   387.477     8.301     0.060         5
   388.096     8.402     0.060         5
   388.711     8.519     0.060         5
   389.184     8.649     0.060         5
   389.660     8.759     0.060         5
   389.982     8.844     0.060         5
   390.447     8.941     0.060         5
   390.922     9.038     0.060         5
   391.384     9.136     0.060         5
   391.860     9.208     0.060         5
   392.333     9.272     0.060         5
   392.658     9.304     0.060         5
   393.292     9.359     0.060         5
   393.778     9.366     0.060         5
   358.375     2.753     0.060        10
   358.700     2.919     0.060        10
   359.015     3.057     0.060        10
   359.340     3.162     0.060        10
   359.665     3.300     0.060        10
   359.980     3.422     0.060        10
   360.294     3.531     0.060        10
   360.445     3.584     0.060        10
   360.609     3.669     0.060        10
   360.934     3.766     0.060        10
   361.095     3.831     0.060        10
   361.421     3.908     0.060        10
   361.582     3.962     0.060        10
   361.732     4.020     0.060        10
   361.893     4.080     0.060        10
   362.044     4.146     0.060        10
   362.208     4.207     0.060        10
   362.358     4.268     0.060        10
   362.519     4.329     0.060        10
   362.680     4.389     0.060        10
   362.842     4.450     0.060        10
   363.006     4.499     0.060        10
   363.167     4.556     0.060        10
   363.339     4.604     0.060        10
   363.500     4.674     0.060        10
   366.064     6.183     0.060        14
   366.865     6.331     0.060        14
   367.491     6.476     0.060        14
   368.292     6.641     0.060        14
   369.072     6.806     0.060        14
   369.550     6.911     0.060        14
   369.862     6.982     0.060        14
   370.338     7.068     0.060        14
   370.810     7.167     0.060        14
   371.122     7.211     0.060        14
   371.595     7.291     0.060        14
   372.067     7.354     0.060        14
   372.379     7.390     0.060        14
   372.852     7.449     0.060        14
   373.488     7.533     0.060        14
   373.978     7.592     0.060        14
   374.453     7.655     0.060        14
   375.104     7.743     0.060        14
   375.583     7.798     0.060        14
   376.069     7.861     0.060        14
   376.706     7.953     0.060        14
   377.031     7.993     0.060        14
     0.000     0.000     0.000        -1
