   282.729    -1.000     0.000         0
   280.892     1.271     0.060         1
   281.057     1.190     0.060         1
   281.218     1.097     0.060         1
   281.382     1.023     0.060         1
   281.543     0.939     0.060         1
   281.697     0.867     0.060         1
   281.858     0.812     0.060         1
   282.022     0.764     0.060         1
   282.173     0.712     0.060         1
   282.334     0.684     0.060         1
   282.498     0.662     0.060         1
   282.648     0.663     0.060         1
   281.218     1.729     0.060         3
   281.382     1.689     0.060         3
   281.543     1.642     0.060         3
   281.697     1.611     0.060         3
   281.858     1.588     0.060         3
   282.022     1.561     0.060         3
   282.173     1.531     0.060         3
   282.334     1.513     0.060         3
   282.498     1.500     0.060         3
   282.648     1.494     0.060         3
    92.135    32.311     0.060         5
    92.765    32.163     0.060         5
    93.550    32.000     0.060         5
    94.514    31.787     0.060         5
    96.251    31.477     0.060         5
    97.354    31.275     0.060         5
    98.607    31.087     0.060         5
   100.002    30.849     0.060         5
   100.928    30.706     0.060         5
   101.994    30.538     0.060         5
   103.068    30.391     0.060         5
   104.468    30.168     0.060         5
   105.727    30.027     0.060         5
   107.457    29.796     0.060         5
   122.473    27.837     0.060         5
   123.583    27.717     0.060         5
   124.837    27.557     0.060         5
   125.636    27.426     0.060         5
   127.493    27.162     0.060         5
   230.994    12.368     0.060         5
   231.134    12.354     0.060         5
   231.284    12.328     0.060         5
   231.424    12.304     0.060         5
   231.561    12.275     0.060         5
   231.701    12.242     0.060         5
   231.851    12.227     0.060         5
   231.988    12.182     0.060         5
   232.128    12.174     0.060         5
   232.268    12.142     0.060         5
   232.408    12.126     0.060         5
   232.559    12.098     0.060         5
   232.698    12.074     0.060         5
   232.846    12.044     0.060         5
   232.986    12.019     0.060         5
   233.126    12.008     0.060         5
   233.266    11.970     0.060         5
   233.416    11.944     0.060         5
   233.553    11.923     0.060         5
   233.693    11.898     0.060         5
   233.833    11.869     0.060         5
   233.973    11.848     0.060         5
   234.113    11.819     0.060         5
   234.253    11.798     0.060         5
   234.390    11.746     0.060         5
   234.529    11.729     0.060         5
   234.669    11.700     0.060         5
   234.809    11.691     0.060         5
   234.949    11.651     0.060         5
   235.100    11.631     0.060         5
   235.240    11.619     0.060         5
   235.379    11.602     0.060         5
   235.530    11.552     0.060         5
   235.670    11.523     0.060         5
   235.810    11.534     0.060         5
   235.950    11.497     0.060         5
   236.100    11.468     0.060         5
   236.240    11.442     0.060         5
   236.383    11.420     0.060         5
   236.523    11.388     0.060         5
   236.673    11.372     0.060         5
   236.813    11.363     0.060         5
   236.964    11.314     0.060         5
   237.101    11.310     0.060         5
   237.251    11.266     0.060         5
   237.391    11.230     0.060         5
   237.542    11.214     0.060         5
   237.692    11.190     0.060         5
   237.832    11.166     0.060         5
   237.983    11.098     0.060         5
   238.123    11.113     0.060         5
   238.273    11.089     0.060         5
   238.424    11.085     0.060         5
   238.574    11.053     0.060         5
   238.725    11.040     0.060         5
   238.886    11.016     0.060         5
   239.040    10.994     0.060         5
   239.190    10.970     0.060         5
   239.344    10.950     0.060         5
   239.505    10.928     0.060         5
   239.659    10.894     0.060         5
   239.820    10.871     0.060         5
   239.970    10.826     0.060         5
   240.135    10.808     0.060         5
   240.296    10.759     0.060         5
   240.443    10.743     0.060         5
   240.594    10.719     0.060         5
   240.744    10.693     0.060         5
   240.895    10.663     0.060         5
   241.056    10.631     0.060         5
   241.207    10.611     0.060         5
   241.354    10.591     0.060         5
   241.508    10.571     0.060         5
   241.669    10.531     0.060         5
   241.820    10.512     0.060         5
   241.970    10.494     0.060         5
   242.121    10.469     0.060         5
   242.274    10.461     0.060         5
   242.414    10.438     0.060         5
   242.554    10.415     0.060         5
   242.705    10.390     0.060         5
   242.844    10.376     0.060         5
   242.995    10.351     0.060         5
   243.132    10.333     0.060         5
   243.282    10.301     0.060         5
   243.419    10.285     0.060         5
   243.570    10.248     0.060         5
   243.718    10.235     0.060         5
   243.857    10.194     0.060         5
   244.016    10.181     0.060         5
   244.163    10.148     0.060         5
   244.314    10.128     0.060         5
   244.461    10.080     0.060         5
   244.623    10.064     0.060         5
   244.770    10.042     0.060         5
   244.931    10.024     0.060         5
   245.079    10.000     0.060         5
   245.240     9.967     0.060         5
   245.388     9.932     0.060         5
   245.538     9.913     0.060         5
   245.689     9.876     0.060         5
   245.826     9.856     0.060         5
   245.976     9.831     0.060         5
   246.130     9.807     0.060         5
   246.270     9.791     0.060         5
   246.431     9.739     0.060         5
   246.584     9.715     0.060         5
   246.735     9.671     0.060         5
   246.888     9.658     0.060         5
   247.053     9.605     0.060         5
   247.203     9.589     0.060         5
   247.367     9.548     0.060         5
   247.521     9.529     0.060         5
   247.671     9.500     0.060         5
   247.836     9.452     0.060         5
   247.986     9.416     0.060         5
   248.147     9.378     0.060         5
   248.298     9.346     0.060         5
   248.459     9.316     0.060         5
   248.610     9.294     0.060         5
   248.771     9.266     0.060         5
   248.921     9.250     0.060         5
   249.086     9.209     0.060         5
   249.236     9.160     0.060         5
   249.397     9.140     0.060         5
   249.548     9.103     0.060         5
   249.709     9.094     0.060         5
   249.860     9.070     0.060         5
   250.013     9.033     0.060         5
   250.164     9.005     0.060         5
   250.317     8.976     0.060         5
   250.471     8.947     0.060         5
   250.632     8.926     0.060         5
   250.786     8.865     0.060         5
   250.939     8.836     0.060         5
   251.103     8.799     0.060         5
   251.257     8.758     0.060         5
   251.410     8.733     0.060         5
   251.575     8.697     0.060         5
   251.728     8.656     0.060         5
   251.882     8.642     0.060         5
   252.046     8.598     0.060         5
   252.364     8.554     0.060         5
   252.528     8.522     0.060         5
   252.681     8.490     0.060         5
   252.845     8.453     0.060         5
   253.010     8.404     0.060         5
   253.174     8.355     0.060         5
   253.327     8.323     0.060         5
   253.481     8.291     0.060         5
   253.634     8.259     0.060         5
   253.795     8.223     0.060         5
   253.946     8.187     0.060         5
   254.097     8.155     0.060         5
   254.258     8.123     0.060         5
   254.416     8.091     0.060         5
   254.567     8.055     0.060         5
   254.728     8.023     0.060         5
   254.878     7.987     0.060         5
   255.037     7.955     0.060         5
   255.187     7.919     0.060         5
   255.348     7.883     0.060         5
   255.499     7.851     0.060         5
   255.660     7.815     0.060         5
   255.811     7.784     0.060         5
   255.972     7.748     0.060         5
   256.123     7.713     0.060         5
   256.273     7.682     0.060         5
   256.434     7.646     0.060         5
   256.585     7.603     0.060         5
   256.735     7.568     0.060         5
   256.897     7.524     0.060         5
   257.047     7.484     0.060         5
   257.208     7.445     0.060         5
   257.370     7.405     0.060         5
   257.520     7.366     0.060         5
   257.681     7.322     0.060         5
   257.843     7.286     0.060         5
   258.007     7.250     0.060         5
   258.168     7.210     0.060         5
   258.329     7.170     0.060         5
   258.480     7.128     0.060         5
   258.641     7.090     0.060         5
   258.802     7.056     0.060         5
   258.966     7.022     0.060         5
   259.117     6.984     0.060         5
   259.278     6.950     0.060         5
   259.439     6.916     0.060         5
   259.593     6.878     0.060         5
   259.754     6.844     0.060         5
   259.915     6.806     0.060         5
   260.069     6.772     0.060         5
   260.230     6.740     0.060         5
   260.391     6.707     0.060         5
   260.552     6.667     0.060         5
   260.703     6.639     0.060         5
   260.864     6.603     0.060         5
   261.015     6.575     0.060         5
   261.179     6.546     0.060         5
   261.340     6.522     0.060         5
   261.490     6.490     0.060         5
   261.652     6.461     0.060         5
   261.813     6.433     0.060         5
   261.977     6.410     0.060         5
   262.138     6.370     0.060         5
   262.300     6.335     0.060         5
   262.461     6.299     0.060         5
   262.625     6.272     0.060         5
   262.786     6.236     0.060         5
   262.947     6.209     0.060         5
   263.111     6.185     0.060         5
   263.273     6.158     0.060         5
   263.434     6.126     0.060         5
   263.584     6.098     0.060         5
   263.746     6.070     0.060         5
   263.907     6.038     0.060         5
   264.082     6.005     0.060         5
   264.243     5.969     0.060         5
   264.401     5.937     0.060         5
   264.562     5.909     0.060         5
   264.734     5.877     0.060         5
   264.892     5.844     0.060         5
   265.054     5.807     0.060         5
   265.222     5.770     0.060         5
   265.384     5.756     0.060         5
   265.552     5.719     0.060         5
   265.713     5.686     0.060         5
   265.882     5.657     0.060         5
   266.043     5.619     0.060         5
   266.205     5.586     0.060         5
   266.376     5.553     0.060         5
   266.538     5.521     0.060         5
   266.699     5.489     0.060         5
   266.863     5.452     0.060         5
   267.024     5.420     0.060         5
   267.185     5.384     0.060         5
   267.346     5.348     0.060         5
   267.511     5.291     0.060         5
   267.672     5.251     0.060         5
   267.833     5.215     0.060         5
   267.994     5.163     0.060         5
   268.158     5.123     0.060         5
   268.320     5.083     0.060         5
   268.473     5.044     0.060         5
   268.637     5.005     0.060         5
   268.802     4.961     0.060         5
   268.955     4.927     0.060         5
   269.119     4.895     0.060         5
   269.276     4.856     0.060         5
   269.430     4.818     0.060         5
   269.597     4.778     0.060         5
   269.750     4.743     0.060         5
   269.918     4.713     0.060         5
   270.074     4.650     0.060         5
   270.238     4.589     0.060         5
   270.395     4.529     0.060         5
   270.559     4.476     0.060         5
   270.713     4.447     0.060         5
   270.877     4.407     0.060         5
   271.041     4.364     0.060         5
   271.205     4.343     0.060         5
   271.356     4.280     0.060         5
   271.520     4.249     0.060         5
   271.684     4.241     0.060         5
   271.837     4.195     0.060         5
   271.999     4.132     0.060         5
   272.163     4.094     0.060         5
   272.324     4.031     0.060         5
   272.488     4.000     0.060         5
   272.649     3.948     0.060         5
   272.810     3.904     0.060         5
   272.972     3.863     0.060         5
   273.133     3.808     0.060         5
   273.294     3.763     0.060         5
   273.455     3.714     0.060         5
   273.617     3.676     0.060         5
   273.778     3.626     0.060         5
   273.939     3.576     0.060         5
   274.100     3.524     0.060         5
   274.261     3.487     0.060         5
   274.423     3.452     0.060         5
   274.587     3.401     0.060         5
   274.748     3.347     0.060         5
   274.912     3.293     0.060         5
   275.073     3.245     0.060         5
   275.237     3.201     0.060         5
   275.412     3.158     0.060         5
   275.573     3.121     0.060         5
   275.738     3.073     0.060         5
   275.902     3.036     0.060         5
   276.063     3.011     0.060         5
   276.227     2.965     0.060         5
   276.399     2.930     0.060         5
   276.557     2.892     0.060         5
   276.729     2.862     0.060         5
   276.887     2.840     0.060         5
   277.049     2.800     0.060         5
   277.207     2.760     0.060         5
   277.368     2.713     0.060         5
   277.529     2.669     0.060         5
   271.520     4.963     0.060        14
   271.999     4.866     0.060        14
   272.324     4.773     0.060        14
   272.649     4.701     0.060        14
   272.810     4.644     0.060        14
   273.294     4.494     0.060        14
   273.778     4.372     0.060        14
   274.261     4.235     0.060        14
   274.748     4.072     0.060        14
   275.412     3.894     0.060        14
   275.738     3.826     0.060        14
   276.063     3.753     0.060        14
   276.399     3.673     0.060        14
   282.729     1.000     0.000         0
   282.812     0.666     0.060         1
   282.973     0.714     0.060         1
   283.126     0.762     0.060         1
   283.288     0.813     0.060         1
   283.452     0.859     0.060         1
   283.602     0.933     0.060         1
   283.763     0.995     0.060         1
   283.928     1.107     0.060         1
   284.089     1.171     0.060         1
   282.812     1.488     0.060         3
   282.973     1.513     0.060         3
   283.126     1.526     0.060         3
   283.288     1.526     0.060         3
   283.452     1.525     0.060         3
   287.303     2.200     0.060         5
   287.464     2.224     0.060         5
   288.262     2.356     0.060         5
   288.582     2.412     0.060         5
   289.065     2.509     0.060         5
   290.040     2.669     0.060         5
   290.526     2.765     0.060         5
   291.182     2.894     0.060         5
   291.668     2.990     0.060         5
   292.144     3.083     0.060         5
   292.470     3.143     0.060         5
   292.948     3.231     0.060         5
   293.414     3.332     0.060         5
   293.718     3.392     0.060         5
   294.032     3.460     0.060         5
   294.498     3.565     0.060         5
   294.812     3.634     0.060         5
   295.113     3.711     0.060         5
   295.428     3.787     0.060         5
   295.732     3.856     0.060         5
   295.882     3.905     0.060         5
   296.194     3.998     0.060         5
   296.813     4.123     0.060         5
   297.432     4.264     0.060         5
   298.040     4.388     0.060         5
   298.654     4.505     0.060         5
   299.422     4.670     0.060         5
   300.179     4.814     0.060         5
   300.483     4.867     0.060         5
   301.085     4.979     0.060         5
   301.863     5.107     0.060         5
   302.655     5.239     0.060         5
   303.128     5.339     0.060         5
   303.909     5.500     0.060         5
   304.998     5.685     0.060         5
   305.782     5.829     0.060         5
   306.258     5.913     0.060         5
   306.731     5.997     0.060         5
   307.196     6.069     0.060         5
   307.662     6.133     0.060         5
   308.598     6.297     0.060         5
   309.074     6.385     0.060         5
   310.009     6.541     0.060         5
   310.632     6.653     0.060         5
   311.105     6.729     0.060         5
   311.567     6.809     0.060         5
   312.043     6.877     0.060         5
   312.505     6.953     0.060         5
   312.978     7.033     0.060         5
   313.443     7.101     0.060         5
   314.069     7.213     0.060         5
   314.381     7.277     0.060         5
   315.004     7.394     0.060         5
   315.316     7.454     0.060         5
   315.778     7.526     0.060         5
   316.877     7.689     0.060         5
   317.511     7.797     0.060         5
   318.159     7.909     0.060         5
   318.793     8.030     0.060         5
   319.277     8.135     0.060         5
   319.908     8.255     0.060         5
   320.523     8.371     0.060         5
   321.139     8.492     0.060         5
   321.451     8.556     0.060         5
   322.056     8.665     0.060         5
   322.671     8.776     0.060         5
   322.986     8.821     0.060         5
   323.300     8.891     0.060         5
   323.905     9.007     0.060         5
   324.360     9.088     0.060         5
   324.672     9.156     0.060         5
   325.126     9.238     0.060         5
   325.760     9.367     0.060         5
   326.233     9.448     0.060         5
   326.853     9.552     0.060         5
   327.326     9.638     0.060         5
   327.799     9.714     0.060         5
   328.108     9.766     0.060         5
   328.585     9.846     0.060         5
   329.197     9.944     0.060         5
   329.505     9.996     0.060         5
   329.820    10.048     0.060         5
   330.589    10.176     0.060         5
   331.054    10.258     0.060         5
   331.372    10.310     0.060         5
   331.525    10.338     0.060         5
   331.993    10.419     0.060         5
   332.297    10.482     0.060         5
   332.768    10.572     0.060         5
   333.369    10.683     0.060         5
   333.979    10.804     0.060         5
   334.283    10.867     0.060         5
   335.223    11.044     0.060         5
   335.852    11.153     0.060         5
   336.645    11.296     0.060         5
   337.288    11.404     0.060         5
   338.095    11.536     0.060         5
   338.557    11.611     0.060         5
   339.202    11.697     0.060         5
   339.983    11.804     0.060         5
   340.453    11.873     0.060         5
   341.253    11.979     0.060         5
   341.882    12.062     0.060         5
   342.361    12.110     0.060         5
   343.001    12.192     0.060         5
   344.133    12.336     0.060         5
   344.773    12.452     0.060         5
   345.563    12.583     0.060         5
   346.354    12.709     0.060         5
   347.308    12.873     0.060         5
   348.255    13.024     0.060         5
   349.208    13.188     0.060         5
   350.003    13.288     0.060         5
   350.483    13.357     0.060         5
   350.953    13.470     0.060         5
   351.745    13.614     0.060         5
   352.393    13.738     0.060         5
   353.642    13.964     0.060         5
   323.150    10.118     0.060         8
   323.604    10.183     0.060         8
   324.360    10.296     0.060         8
   324.510    10.310     0.060         8
   325.448    10.448     0.060         8
   325.921    10.519     0.060         8
   326.383    10.568     0.060         8
   326.853    10.638     0.060         8
   327.477    10.731     0.060         8
   328.266    10.831     0.060         8
   328.733    10.897     0.060         8
   329.358    10.969     0.060         8
   329.505    10.986     0.060         8
   329.820    11.017     0.060         8
   330.436    11.101     0.060         8
   331.054    11.178     0.060         8
   331.372    11.225     0.060         8
   331.829    11.290     0.060         8
   332.147    11.346     0.060         8
   332.451    11.394     0.060         8
   333.072    11.498     0.060         8
   333.226    11.526     0.060         8
   333.675    11.598     0.060         8
   334.133    11.674     0.060         8
   334.590    11.750     0.060         8
   334.741    11.778     0.060         8
   334.905    11.806     0.060         8
   335.373    11.882     0.060         8
   335.688    11.945     0.060         8
   336.492    12.075     0.060         8
   336.970    12.150     0.060         8
   337.288    12.186     0.060         8
   337.770    12.250     0.060         8
   338.095    12.292     0.060         8
   338.557    12.356     0.060         8
   338.880    12.386     0.060         8
   339.513    12.468     0.060         8
   339.983    12.517     0.060         8
   340.306    12.547     0.060         8
   340.453    12.555     0.060         8
   340.934    12.613     0.060         8
   341.403    12.657     0.060         8
   342.046    12.728     0.060         8
   342.361    12.748     0.060         8
   342.686    12.778     0.060         8
   343.165    12.847     0.060         8
   343.329    12.870     0.060         8
   343.490    12.883     0.060         8
   343.818    12.928     0.060         8
   344.294    12.982     0.060         8
   344.773    13.051     0.060         8
   345.090    13.076     0.060         8
   345.563    13.146     0.060         8
   345.727    13.165     0.060         8
   346.039    13.201     0.060         8
   346.515    13.270     0.060         8
   346.679    13.298     0.060         8
   347.155    13.373     0.060         8
   347.787    13.490     0.060         8
   348.573    13.610     0.060         8
   350.003    13.829     0.060         8
   351.272    14.016     0.060         8
   352.704    14.248     0.060         8
   354.110    14.480     0.060         8
   355.530    14.747     0.060         8
   356.624    14.900     0.060         8
   357.896    15.137     0.060         8
   358.861    15.305     0.060         8
   360.130    15.550     0.060         8
   361.259    15.804     0.060         8
   362.044    15.977     0.060         8
   363.167    16.223     0.060         8
   364.631    16.533     0.060         8
   365.109    16.671     0.060         8
   365.749    16.833     0.060         8
   366.540    16.979     0.060         8
   367.176    17.108     0.060         8
   367.816    17.223     0.060         8
   368.607    17.346     0.060         8
   369.236    17.452     0.060         8
   369.711    17.512     0.060         8
   284.890     1.578     0.060        10
   285.044     1.635     0.060        10
   285.205     1.687     0.060        10
   285.369     1.746     0.060        10
   285.530     1.784     0.060        10
   285.684     1.817     0.060        10
   285.848     1.870     0.060        10
   286.012     1.915     0.060        10
   286.173     1.955     0.060        10
   286.327     1.995     0.060        10
   286.488     2.028     0.060        10
   370.660    17.535     0.060        13
   371.444    17.649     0.060        13
   371.906    17.727     0.060        13
   372.529    17.776     0.060        13
   373.338    17.859     0.060        13
   374.139    17.941     0.060        13
   374.943    17.988     0.060        13
   375.583    18.024     0.060        13
   376.384    18.107     0.060        13
   377.031    18.156     0.060        13
   377.679    18.227     0.060        13
   378.329    18.282     0.060        13
   379.466    18.393     0.060        13
   380.595    18.537     0.060        13
   286.327     2.154     0.060        30
   286.488     2.205     0.060        30
   286.652     2.248     0.060        30
   286.813     2.322     0.060        30
   286.978     2.386     0.060        30
   287.139     2.440     0.060        30
   287.303     2.522     0.060        30
   287.464     2.588     0.060        30
   287.625     2.649     0.060        30
   287.789     2.702     0.060        30
   287.940     2.741     0.060        30
   288.101     2.785     0.060        30
   288.262     2.836     0.060        30
   288.420     2.883     0.060        30
   288.582     2.946     0.060        30
     0.000     0.000     0.000        -1
