   372.584    -1.000     0.000         0
   368.608     3.181     0.060         1
   368.761     3.091     0.060         1
   368.922     3.010     0.060         1
   369.073     2.928     0.060         1
   369.237     2.850     0.060         1
   369.387     2.781     0.060         1
   369.551     2.701     0.060         1
   369.712     2.622     0.060         1
   369.863     2.551     0.060         1
   370.024     2.485     0.060         1
   370.188     2.418     0.060         1
   370.339     2.358     0.060         1
   370.500     2.304     0.060         1
   370.661     2.247     0.060         1
   370.811     2.199     0.060         1
   370.972     2.148     0.060         1
   371.123     2.098     0.060         1
   371.284     2.059     0.060         1
   371.445     2.021     0.060         1
   371.596     1.987     0.060         1
   371.757     1.961     0.060         1
   371.907     1.939     0.060         1
   372.068     1.925     0.060         1
   372.219     1.902     0.060         1
   372.379     1.884     0.060         1
   372.528     1.878     0.060         1
   369.712     3.161     0.060         2
   369.863     3.087     0.060         2
   370.024     3.021     0.060         2
   370.188     2.953     0.060         2
   370.339     2.882     0.060         2
   370.500     2.821     0.060         2
   370.661     2.760     0.060         2
   370.811     2.705     0.060         2
   370.972     2.643     0.060         2
   371.123     2.588     0.060         2
   371.284     2.549     0.060         2
   371.445     2.510     0.060         2
   371.596     2.480     0.060         2
   371.757     2.455     0.060         2
   371.907     2.437     0.060         2
   372.068     2.420     0.060         2
   372.219     2.409     0.060         2
   372.379     2.399     0.060         2
   372.528     2.396     0.060         2
   370.500     2.986     0.060         3
   370.661     2.932     0.060         3
   370.811     2.888     0.060         3
   370.972     2.834     0.060         3
   371.123     2.797     0.060         3
   371.284     2.763     0.060         3
   371.445     2.732     0.060         3
   371.596     2.699     0.060         3
   371.757     2.673     0.060         3
   371.907     2.651     0.060         3
   372.068     2.642     0.060         3
   372.219     2.632     0.060         3
   372.379     2.627     0.060         3
   372.528     2.615     0.060         3
   336.971     9.263     0.060         5
   337.289     9.219     0.060         5
   337.607     9.151     0.060         5
   337.932     9.123     0.060         5
   338.096     9.095     0.060         5
   338.247     9.065     0.060         5
   338.558     9.025     0.060         5
   338.719     8.997     0.060         5
   338.881     8.975     0.060         5
   339.353     8.911     0.060         5
   339.676     8.843     0.060         5
   339.834     8.809     0.060         5
   339.984     8.775     0.060         5
   340.307     8.739     0.060         5
   340.773     8.657     0.060         5
   340.934     8.623     0.060         5
   341.404     8.537     0.060         5
   341.883     8.451     0.060         5
   342.362     8.371     0.060         5
   342.523     8.353     0.060         5
   342.841     8.316     0.060         5
   343.166     8.257     0.060         5
   343.491     8.207     0.060         5
   343.819     8.155     0.060         5
   344.134     8.101     0.060         5
   344.459     8.059     0.060         5
   344.613     8.053     0.060         5
   345.403     7.915     0.060         5
   345.564     7.893     0.060         5
   346.040     7.813     0.060         5
   346.680     7.705     0.060         5
   346.992     7.659     0.060         5
   347.470     7.610     0.060         5
   347.624     7.583     0.060         5
   348.092     7.473     0.060         5
   348.409     7.435     0.060         5
   348.891     7.367     0.060         5
   349.209     7.309     0.060         5
   349.520     7.275     0.060         5
   349.681     7.247     0.060         5
   350.165     7.162     0.060         5
   350.645     7.075     0.060         5
   351.115     6.981     0.060         5
   351.434     6.907     0.060         5
   351.907     6.819     0.060         5
   352.068     6.761     0.060         5
   352.394     6.692     0.060         5
   352.705     6.617     0.060         5
   352.866     6.563     0.060         5
   353.017     6.539     0.060         5
   353.331     6.465     0.060         5
   353.643     6.389     0.060         5
   354.111     6.313     0.060         5
   354.426     6.239     0.060         5
   354.740     6.189     0.060         5
   355.055     6.141     0.060         5
   355.216     6.117     0.060         5
   355.531     6.046     0.060         5
   355.999     5.975     0.060         5
   356.313     5.921     0.060         5
   356.789     5.877     0.060         5
   357.104     5.841     0.060         5
   357.418     5.815     0.060         5
   357.744     5.759     0.060         5
   357.897     5.747     0.060         5
   358.212     5.725     0.060         5
   358.537     5.700     0.060         5
   358.701     5.659     0.060         5
   359.180     5.619     0.060         5
   359.505     5.605     0.060         5
   359.819     5.565     0.060         5
   360.131     5.538     0.060         5
   360.446     5.552     0.060         5
   360.771     5.559     0.060         5
   264.562    20.060     0.060         8
   265.713    19.868     0.060         8
   266.699    19.688     0.060         8
   268.159    19.411     0.060         8
   269.276    19.223     0.060         8
   270.876    18.942     0.060         8
   272.488    18.641     0.060         8
   273.778    18.409     0.060         8
   275.073    18.160     0.060         8
   276.399    17.907     0.060         8
   277.368    17.743     0.060         8
   278.975    17.458     0.060         8
   280.099    17.274     0.060         8
   281.382    17.042     0.060         8
   282.498    16.858     0.060         8
   283.453    16.698     0.060         8
   284.240    16.549     0.060         8
   285.206    16.389     0.060         8
   286.328    16.201     0.060         8
   287.465    16.030     0.060         8
   288.905    15.872     0.060         8
   290.202    15.722     0.060         8
   291.022    15.632     0.060         8
   291.995    15.554     0.060         8
   293.568    15.356     0.060         8
   294.964    15.190     0.060         8
   295.884    15.121     0.060         8
   297.118    14.995     0.060         8
   298.655    14.838     0.060         8
   300.179    14.685     0.060         8
   301.232    14.608     0.060         8
   302.022    14.542     0.060         8
   303.129    14.457     0.060         8
   303.910    14.441     0.060         8
   305.321    14.291     0.060         8
   306.571    14.199     0.060         8
   308.131    14.038     0.060         8
   308.760    13.996     0.060         8
   310.794    13.808     0.060         8
   311.732    13.731     0.060         8
   312.667    13.694     0.060         8
   313.756    13.593     0.060         8
   315.005    13.500     0.060         8
   315.779    13.455     0.060         8
   316.878    13.353     0.060         8
   317.674    13.304     0.060         8
   318.482    13.217     0.060         8
   319.116    13.163     0.060         8
   320.220    13.045     0.060         8
   321.906    12.880     0.060         8
   322.672    12.851     0.060         8
   323.151    12.788     0.060         8
   362.209     5.412     0.060        10
   362.359     5.367     0.060        10
   362.520     5.333     0.060        10
   362.682     5.283     0.060        10
   362.843     5.237     0.060        10
   363.007     5.205     0.060        10
   363.168     5.137     0.060        10
   363.340     5.096     0.060        10
   363.501     5.045     0.060        10
   363.665     4.997     0.060        10
   363.826     4.946     0.060        10
   363.987     4.904     0.060        10
   364.148     4.855     0.060        10
   364.310     4.813     0.060        10
   364.471     4.767     0.060        10
   364.632     4.724     0.060        10
   364.796     4.680     0.060        10
   364.946     4.630     0.060        10
   365.111     4.586     0.060        10
   365.272     4.539     0.060        10
   365.425     4.483     0.060        10
   365.586     4.418     0.060        10
   365.750     4.365     0.060        10
   365.911     4.303     0.060        10
   366.065     4.244     0.060        10
   366.226     4.181     0.060        10
   366.387     4.114     0.060        10
   366.541     4.049     0.060        10
   366.702     3.975     0.060        10
   366.866     3.924     0.060        10
   367.016     3.896     0.060        10
   367.177     3.805     0.060        10
   227.436    25.712     0.060        13
   228.461    25.556     0.060        13
   230.300    25.324     0.060        13
   230.856    25.242     0.060        13
   232.408    25.060     0.060        13
   233.125    24.986     0.060        13
   234.112    24.862     0.060        13
   235.379    24.678     0.060        13
   236.240    24.557     0.060        13
   237.251    24.429     0.060        13
   238.424    24.267     0.060        13
   239.343    24.155     0.060        13
   240.744    23.951     0.060        13
   241.669    23.835     0.060        13
   242.554    23.723     0.060        13
   243.282    23.635     0.060        13
   243.419    23.602     0.060        13
   244.461    23.460     0.060        13
   245.079    23.366     0.060        13
   246.129    23.210     0.060        13
   247.052    23.053     0.060        13
   248.921    22.707     0.060        13
   250.013    22.502     0.060        13
   251.574    22.223     0.060        13
   252.046    22.167     0.060        13
   253.481    21.960     0.060        13
   254.728    21.763     0.060        13
   255.972    21.538     0.060        13
   256.896    21.339     0.060        13
   257.842    21.154     0.060        13
   258.641    21.040     0.060        13
   259.592    20.852     0.060        13
   260.864    20.623     0.060        13
   262.460    20.354     0.060        13
   372.584     1.000     0.000         0
   372.693     1.894     0.060         1
   372.853     1.914     0.060         1
   373.014     1.931     0.060         1
   373.175     1.952     0.060         1
   373.339     1.985     0.060         1
   373.489     2.022     0.060         1
   373.653     2.063     0.060         1
   373.814     2.115     0.060         1
   373.978     2.168     0.060         1
   374.139     2.213     0.060         1
   374.290     2.256     0.060         1
   374.454     2.305     0.060         1
   374.615     2.362     0.060         1
   374.779     2.427     0.060         1
   372.693     2.398     0.060         2
   372.853     2.404     0.060         2
   373.014     2.424     0.060         2
   373.175     2.448     0.060         2
   373.339     2.472     0.060         2
   373.489     2.512     0.060         2
   372.693     2.622     0.060         3
   372.853     2.635     0.060         3
   373.014     2.655     0.060         3
   373.175     2.679     0.060         3
   373.339     2.692     0.060         3
   373.489     2.711     0.060         3
   373.653     2.727     0.060         3
   373.814     2.751     0.060         3
   373.978     2.791     0.060         3
   374.139     2.835     0.060         3
   381.552     3.981     0.060         5
   381.703     3.979     0.060         5
   381.867     4.004     0.060         5
   382.020     4.005     0.060         5
   382.181     4.025     0.060         5
   382.343     4.037     0.060         5
   382.496     4.053     0.060         5
   382.657     4.057     0.060         5
   382.811     4.077     0.060         5
   382.972     4.100     0.060         5
   383.125     4.093     0.060         5
   383.286     4.104     0.060         5
   383.437     4.131     0.060         5
   383.590     4.148     0.060         5
   383.751     4.179     0.060         5
   383.905     4.175     0.060         5
   384.066     4.165     0.060         5
   384.219     4.215     0.060         5
   384.370     4.209     0.060         5
   384.534     4.197     0.060         5
   384.684     4.227     0.060         5
   384.849     4.271     0.060         5
   385.002     4.289     0.060         5
   385.163     4.312     0.060         5
   385.317     4.326     0.060         5
   385.467     4.353     0.060         5
   385.628     4.371     0.060         5
   385.782     4.409     0.060         5
   385.943     4.429     0.060         5
   386.096     4.457     0.060         5
   386.247     4.485     0.060         5
   386.397     4.537     0.060         5
   386.558     4.576     0.060         5
   386.712     4.610     0.060         5
   386.862     4.647     0.060         5
   387.013     4.661     0.060         5
   387.163     4.691     0.060         5
   387.327     4.725     0.060         5
   387.478     4.752     0.060         5
   387.631     4.783     0.060         5
   387.782     4.813     0.060         5
   387.943     4.847     0.060         5
   388.096     4.889     0.060         5
   388.247     4.923     0.060         5
   388.397     4.963     0.060         5
   388.558     5.003     0.060         5
   388.712     5.051     0.060         5
   388.873     5.075     0.060         5
   389.023     5.123     0.060         5
   389.184     5.147     0.060         5
   389.345     5.211     0.060         5
   389.509     5.244     0.060         5
   389.660     5.271     0.060         5
   389.821     5.328     0.060         5
   389.982     5.354     0.060         5
   390.136     5.392     0.060         5
   390.297     5.435     0.060         5
   390.447     5.450     0.060         5
   390.608     5.508     0.060         5
   390.759     5.578     0.060         5
   390.923     5.614     0.060         5
   391.073     5.651     0.060         5
   391.234     5.702     0.060         5
   391.385     5.732     0.060         5
   391.546     5.782     0.060         5
   391.699     5.826     0.060         5
   391.860     5.855     0.060         5
   392.011     5.902     0.060         5
   392.172     5.937     0.060         5
   392.333     5.964     0.060         5
   392.497     6.015     0.060         5
   392.658     6.041     0.060         5
   392.809     6.075     0.060         5
   376.870     3.243     0.060        10
   377.031     3.302     0.060        10
   377.192     3.341     0.060        10
   377.356     3.408     0.060        10
   377.518     3.478     0.060        10
   377.679     3.494     0.060        10
   377.843     3.565     0.060        10
   378.004     3.632     0.060        10
   378.168     3.692     0.060        10
   378.329     3.744     0.060        10
   378.501     3.786     0.060        10
   378.665     3.835     0.060        10
   378.826     3.883     0.060        10
   378.987     3.934     0.060        10
   379.141     3.979     0.060        10
   379.302     4.029     0.060        10
   379.466     4.077     0.060        10
   379.627     4.121     0.060        10
   379.791     4.169     0.060        10
   379.952     4.217     0.060        10
   380.106     4.259     0.060        10
   380.270     4.307     0.060        10
   380.431     4.351     0.060        10
   380.595     4.399     0.060        10
   380.745     4.445     0.060        10
     0.000     0.000     0.000        -1
