   276.757    -1.000     0.000         0
   274.100     1.923     0.060         1
   274.261     1.836     0.060         1
   274.422     1.789     0.060         1
   274.587     1.690     0.060         1
   274.748     1.572     0.060         1
   274.912     1.508     0.060         1
   275.073     1.437     0.060         1
   275.237     1.363     0.060         1
   275.412     1.295     0.060         1
   275.573     1.217     0.060         1
   275.737     1.167     0.060         1
   275.901     1.124     0.060         1
   276.062     1.085     0.060         1
   276.226     1.047     0.060         1
   276.398     1.019     0.060         1
   276.556     1.001     0.060         1
   276.727     0.992     0.060         1
   276.226     1.760     0.060         2
   276.398     1.753     0.060         2
   276.556     1.736     0.060         2
   276.727     1.732     0.060         2
    84.923    32.520     0.060         5
    87.444    32.187     0.060         5
    89.794    31.870     0.060         5
    91.508    31.621     0.060         5
    93.550    31.328     0.060         5
    94.825    31.135     0.060         5
    95.939    30.946     0.060         5
    96.881    30.706     0.060         5
    97.204    30.604     0.060         5
    98.147    30.364     0.060         5
    98.607    30.269     0.060         5
   100.002    29.988     0.060         5
   100.777    29.872     0.060         5
   101.994    29.700     0.060         5
   102.764    29.604     0.060         5
   103.684    29.453     0.060         5
   103.838    29.443     0.060         5
   103.988    29.421     0.060         5
   104.153    29.403     0.060         5
   104.314    29.376     0.060         5
   104.467    29.350     0.060         5
   104.629    29.340     0.060         5
   104.793    29.310     0.060         5
   104.947    29.299     0.060         5
   105.108    29.273     0.060         5
   105.259    29.243     0.060         5
   105.423    29.230     0.060         5
   105.574    29.201     0.060         5
   105.727    29.192     0.060         5
   105.891    29.171     0.060         5
   106.042    29.142     0.060         5
   106.203    29.120     0.060         5
   106.368    29.112     0.060         5
   106.518    29.084     0.060         5
   106.680    29.060     0.060         5
   106.830    29.040     0.060         5
   106.992    29.020     0.060         5
   107.145    29.000     0.060         5
   107.296    28.984     0.060         5
   107.457    28.964     0.060         5
   107.608    28.945     0.060         5
   107.769    28.926     0.060         5
   107.923    28.907     0.060         5
   108.084    28.847     0.060         5
   108.235    28.836     0.060         5
   108.396    28.825     0.060         5
   108.544    28.796     0.060         5
   108.694    28.788     0.060         5
   108.856    28.751     0.060         5
   109.006    28.714     0.060         5
   109.167    28.713     0.060         5
   109.315    28.709     0.060         5
   109.479    28.656     0.060         5
   109.641    28.655     0.060         5
   109.791    28.632     0.060         5
   109.953    28.618     0.060         5
   110.103    28.606     0.060         5
   110.265    28.596     0.060         5
   110.418    28.565     0.060         5
   110.579    28.536     0.060         5
   110.730    28.517     0.060         5
   110.881    28.503     0.060         5
   140.929    24.557     0.060         5
   142.226    24.385     0.060         5
   143.503    24.179     0.060         5
   144.474    24.012     0.060         5
   145.595    23.860     0.060         5
   146.405    23.710     0.060         5
   147.203    23.575     0.060         5
   148.643    23.383     0.060         5
   224.518    12.193     0.060         5
   224.658    12.181     0.060         5
   224.808    12.137     0.060         5
   224.948    12.125     0.060         5
   225.099    12.121     0.060         5
   225.239    12.097     0.060         5
   225.389    12.073     0.060         5
   225.529    12.069     0.060         5
   225.680    12.011     0.060         5
   225.830    12.025     0.060         5
   225.973    12.023     0.060         5
   226.124    12.009     0.060         5
   226.274    11.983     0.060         5
   226.414    11.967     0.060         5
   226.565    11.939     0.060         5
   226.715    11.919     0.060         5
   226.855    11.911     0.060         5
   227.006    11.910     0.060         5
   227.146    11.865     0.060         5
   227.296    11.857     0.060         5
   227.436    11.850     0.060         5
   227.587    11.799     0.060         5
   227.737    11.772     0.060         5
   227.877    11.724     0.060         5
   228.028    11.720     0.060         5
   228.168    11.716     0.060         5
   228.318    11.692     0.060         5
   228.461    11.672     0.060         5
   228.609    11.664     0.060         5
   228.749    11.664     0.060         5
   228.889    11.628     0.060         5
   229.028    11.640     0.060         5
   229.179    11.588     0.060         5
   229.319    11.528     0.060         5
   229.459    11.556     0.060         5
   229.596    11.528     0.060         5
   229.746    11.520     0.060         5
   229.883    11.500     0.060         5
   230.023    11.476     0.060         5
   230.160    11.452     0.060         5
   230.300    11.456     0.060         5
   230.440    11.416     0.060         5
   230.577    11.416     0.060         5
   230.717    11.386     0.060         5
   230.856    11.360     0.060         5
   230.993    11.349     0.060         5
   231.133    11.301     0.060         5
   231.284    11.281     0.060         5
   231.424    11.258     0.060         5
   231.561    11.234     0.060         5
   231.701    11.226     0.060         5
   231.851    11.188     0.060         5
   231.988    11.147     0.060         5
   232.128    11.119     0.060         5
   232.268    11.096     0.060         5
   232.408    11.085     0.060         5
   232.558    11.046     0.060         5
   232.698    11.027     0.060         5
   232.846    11.003     0.060         5
   232.986    10.979     0.060         5
   233.126    10.944     0.060         5
   233.265    10.941     0.060         5
   233.416    10.910     0.060         5
   233.553    10.888     0.060         5
   233.693    10.861     0.060         5
   233.833    10.849     0.060         5
   233.973    10.785     0.060         5
   234.112    10.809     0.060         5
   234.252    10.798     0.060         5
   234.389    10.779     0.060         5
   234.529    10.747     0.060         5
   234.669    10.701     0.060         5
   234.809    10.695     0.060         5
   234.949    10.655     0.060         5
   235.099    10.651     0.060         5
   235.239    10.604     0.060         5
   235.379    10.592     0.060         5
   235.530    10.534     0.060         5
   235.670    10.536     0.060         5
   235.810    10.475     0.060         5
   235.949    10.475     0.060         5
   236.100    10.429     0.060         5
   236.240    10.417     0.060         5
   236.383    10.398     0.060         5
   236.523    10.354     0.060         5
   236.673    10.326     0.060         5
   236.813    10.296     0.060         5
   236.964    10.260     0.060         5
   237.101    10.203     0.060         5
   237.251    10.218     0.060         5
   237.391    10.157     0.060         5
   237.542    10.142     0.060         5
   237.692    10.104     0.060         5
   237.832    10.093     0.060         5
   237.983    10.071     0.060         5
   238.123    10.034     0.060         5
   238.273    10.008     0.060         5
   238.424     9.978     0.060         5
   238.574     9.964     0.060         5
   238.725     9.926     0.060         5
   238.886     9.907     0.060         5
   239.039     9.877     0.060         5
   239.190     9.851     0.060         5
   239.344     9.847     0.060         5
   239.505     9.811     0.060         5
   239.658     9.799     0.060         5
   239.820     9.775     0.060         5
   239.970     9.759     0.060         5
   240.134     9.731     0.060         5
   240.296     9.710     0.060         5
   240.443     9.685     0.060         5
   240.594     9.656     0.060         5
   240.744     9.635     0.060         5
   240.895     9.610     0.060         5
   241.056     9.585     0.060         5
   241.207     9.555     0.060         5
   241.354     9.517     0.060         5
   241.508     9.510     0.060         5
   241.669     9.484     0.060         5
   241.819     9.450     0.060         5
   241.970     9.412     0.060         5
   242.121     9.374     0.060         5
   242.274     9.385     0.060         5
   242.414     9.379     0.060         5
   242.554     9.350     0.060         5
   242.704     9.326     0.060         5
   242.844     9.310     0.060         5
   242.995     9.290     0.060         5
   243.132     9.266     0.060         5
   243.282     9.258     0.060         5
   243.419     9.232     0.060         5
   243.570     9.218     0.060         5
   243.717     9.200     0.060         5
   243.857     9.138     0.060         5
   244.015     9.135     0.060         5
   244.163     9.123     0.060         5
   244.314     9.087     0.060         5
   244.461     9.059     0.060         5
   244.622     9.054     0.060         5
   244.770     8.998     0.060         5
   244.931     8.990     0.060         5
   245.079     8.939     0.060         5
   245.240     8.939     0.060         5
   245.387     8.892     0.060         5
   245.538     8.876     0.060         5
   245.688     8.812     0.060         5
   245.825     8.844     0.060         5
   245.976     8.756     0.060         5
   246.129     8.724     0.060         5
   246.269     8.709     0.060         5
   246.430     8.684     0.060         5
   246.584     8.660     0.060         5
   246.735     8.636     0.060         5
   246.888     8.604     0.060         5
   247.052     8.572     0.060         5
   247.203     8.549     0.060         5
   247.367     8.570     0.060         5
   247.521     8.527     0.060         5
   247.671     8.516     0.060         5
   247.835     8.512     0.060         5
   247.986     8.473     0.060         5
   248.147     8.442     0.060         5
   248.298     8.423     0.060         5
   248.459     8.359     0.060         5
   248.609     8.304     0.060         5
   248.771     8.275     0.060         5
   248.921     8.292     0.060         5
   249.085     8.254     0.060         5
   249.236     8.178     0.060         5
   249.397     8.146     0.060         5
   249.548     8.117     0.060         5
   249.709     8.073     0.060         5
   249.859     8.045     0.060         5
   250.013     8.016     0.060         5
   250.164     7.979     0.060         5
   250.317     7.946     0.060         5
   250.471     7.916     0.060         5
   250.632     7.894     0.060         5
   250.785     7.857     0.060         5
   250.939     7.831     0.060         5
   251.103     7.805     0.060         5
   251.257     7.759     0.060         5
   251.410     7.722     0.060         5
   251.574     7.686     0.060         5
   251.728     7.651     0.060         5
   251.881     7.613     0.060         5
   252.046     7.581     0.060         5
   252.199     7.536     0.060         5
   252.363     7.502     0.060         5
   252.528     7.468     0.060         5
   252.681     7.431     0.060         5
   252.845     7.399     0.060         5
   253.009     7.367     0.060         5
   253.174     7.327     0.060         5
   253.327     7.297     0.060         5
   253.481     7.266     0.060         5
   253.634     7.227     0.060         5
   253.795     7.203     0.060         5
   253.946     7.157     0.060         5
   254.096     7.114     0.060         5
   254.258     7.082     0.060         5
   254.416     7.047     0.060         5
   254.566     7.008     0.060         5
   254.728     6.975     0.060         5
   254.878     6.940     0.060         5
   255.036     6.904     0.060         5
   255.187     6.869     0.060         5
   255.348     6.832     0.060         5
   255.499     6.801     0.060         5
   255.660     6.764     0.060         5
   255.811     6.733     0.060         5
   255.972     6.697     0.060         5
   256.122     6.661     0.060         5
   256.273     6.624     0.060         5
   256.434     6.582     0.060         5
   256.585     6.545     0.060         5
   256.735     6.505     0.060         5
   256.896     6.462     0.060         5
   257.047     6.417     0.060         5
   257.208     6.371     0.060         5
   257.369     6.333     0.060         5
   257.520     6.292     0.060         5
   257.681     6.250     0.060         5
   257.842     6.203     0.060         5
   258.006     6.165     0.060         5
   258.168     6.122     0.060         5
   258.329     6.080     0.060         5
   258.479     6.039     0.060         5
   258.641     5.997     0.060         5
   258.802     5.955     0.060         5
   258.966     5.915     0.060         5
   259.117     5.876     0.060         5
   259.278     5.833     0.060         5
   259.439     5.793     0.060         5
   259.593     5.750     0.060         5
   259.754     5.711     0.060         5
   259.915     5.671     0.060         5
   260.068     5.633     0.060         5
   260.230     5.601     0.060         5
   260.391     5.564     0.060         5
   260.552     5.527     0.060         5
   260.703     5.490     0.060         5
   260.864     5.461     0.060         5
   261.014     5.429     0.060         5
   261.179     5.396     0.060         5
   261.340     5.362     0.060         5
   261.490     5.334     0.060         5
   261.651     5.309     0.060         5
   261.813     5.284     0.060         5
   261.977     5.252     0.060         5
   262.138     5.202     0.060         5
   262.299     5.169     0.060         5
   262.460     5.136     0.060         5
   262.625     5.099     0.060         5
   262.786     5.074     0.060         5
   262.947     5.041     0.060         5
   263.111     5.013     0.060         5
   263.272     4.981     0.060         5
   263.434     4.950     0.060         5
   263.584     4.915     0.060         5
   263.745     4.883     0.060         5
   263.907     4.851     0.060         5
   264.081     4.820     0.060         5
   264.243     4.793     0.060         5
   264.401     4.747     0.060         5
   264.562     4.709     0.060         5
   264.734     4.669     0.060         5
   264.892     4.631     0.060         5
   265.053     4.597     0.060         5
   265.222     4.565     0.060         5
   265.383     4.531     0.060         5
   265.552     4.496     0.060         5
   265.713     4.465     0.060         5
   265.882     4.431     0.060         5
   266.043     4.397     0.060         5
   266.204     4.363     0.060         5
   266.376     4.324     0.060         5
   266.537     4.263     0.060         5
   266.698     4.229     0.060         5
   266.862     4.191     0.060         5
   267.023     4.166     0.060         5
   267.185     4.132     0.060         5
   267.346     4.099     0.060         5
   267.510     4.040     0.060         5
   267.671     3.961     0.060         5
   267.832     3.928     0.060         5
   267.993     3.895     0.060         5
   268.158     3.853     0.060         5
   268.319     3.796     0.060         5
   268.472     3.748     0.060         5
   268.637     3.707     0.060         5
   268.801     3.665     0.060         5
   268.955     3.621     0.060         5
   269.119     3.572     0.060         5
   269.276     3.523     0.060         5
   269.429     3.483     0.060         5
   269.596     3.446     0.060         5
   269.750     3.405     0.060         5
   269.917     3.357     0.060         5
   270.074     3.311     0.060         5
   270.238     3.268     0.060         5
   270.395     3.230     0.060         5
   270.559     3.179     0.060         5
   270.712     3.115     0.060         5
   270.877     3.060     0.060         5
   271.041     3.014     0.060         5
   271.205     2.971     0.060         5
   271.355     2.938     0.060         5
   271.519     2.886     0.060         5
   271.684     2.843     0.060         5
   271.837     2.805     0.060         5
   271.998     2.769     0.060         5
   272.162     2.725     0.060         5
   272.324     2.676     0.060         5
   272.488     2.611     0.060         5
   272.649     2.542     0.060         5
   272.810     2.483     0.060         5
   272.971     2.440     0.060         5
   115.925    28.240     0.060         8
   116.715    28.116     0.060         8
   117.658    27.983     0.060         8
   118.605    27.863     0.060         8
   120.697    27.611     0.060         8
   121.509    27.528     0.060         8
   123.110    27.328     0.060         8
   124.686    27.120     0.060         8
   125.635    26.979     0.060         8
   126.872    26.831     0.060         8
   128.120    26.675     0.060         8
   129.888    26.439     0.060         8
   132.947    26.055     0.060         8
   135.205    25.750     0.060         8
   137.263    25.473     0.060         8
   138.853    25.277     0.060         8
   141.252    24.944     0.060         8
   143.178    24.667     0.060         8
   144.947    24.406     0.060         8
   146.717    24.137     0.060         8
   148.002    23.952     0.060         8
   149.746    23.658     0.060         8
   151.309    23.354     0.060         8
   153.022    23.043     0.060         8
   153.633    22.885     0.060         8
    59.178    34.883     0.060        13
    61.314    34.659     0.060        13
    63.733    34.359     0.060        13
    65.398    34.185     0.060        13
    67.228    33.980     0.060        13
    68.619    33.834     0.060        13
    70.637    33.616     0.060        13
    72.827    33.349     0.060        13
    73.769    33.198     0.060        13
    75.143    33.061     0.060        13
    76.057    32.949     0.060        13
    76.992    32.829     0.060        13
   224.367    12.802     0.060        14
   224.808    12.758     0.060        14
   225.239    12.714     0.060        14
   225.680    12.674     0.060        14
   225.973    12.620     0.060        14
   226.565    12.546     0.060        14
   227.146    12.474     0.060        14
   227.587    12.426     0.060        14
   227.877    12.373     0.060        14
   228.318    12.309     0.060        14
   228.749    12.266     0.060        14
   229.028    12.213     0.060        14
   229.596    12.135     0.060        14
   229.883    12.093     0.060        14
   230.440    12.012     0.060        14
   231.133    11.921     0.060        14
   231.561    11.839     0.060        14
   232.128    11.743     0.060        14
   232.558    11.682     0.060        14
   232.986    11.624     0.060        14
   233.416    11.550     0.060        14
   233.553    11.517     0.060        14
   233.973    11.440     0.060        14
   234.389    11.372     0.060        14
   234.669    11.336     0.060        14
   235.239    11.247     0.060        14
   235.670    11.179     0.060        14
   236.240    11.066     0.060        14
   236.813    10.969     0.060        14
   237.101    10.904     0.060        14
   237.832    10.767     0.060        14
   238.123    10.722     0.060        14
   238.574    10.644     0.060        14
   238.886    10.593     0.060        14
   239.190    10.524     0.060        14
   239.658    10.453     0.060        14
   240.134    10.388     0.060        14
   240.443    10.298     0.060        14
   240.895    10.218     0.060        14
   241.056    10.173     0.060        14
   241.508    10.112     0.060        14
   241.970    10.019     0.060        14
   242.274     9.963     0.060        14
   242.704     9.878     0.060        14
   242.995     9.804     0.060        14
   243.419     9.741     0.060        14
   243.857     9.641     0.060        14
   244.314     9.563     0.060        14
   244.770     9.461     0.060        14
   245.387     9.377     0.060        14
   245.688     9.326     0.060        14
   246.129     9.236     0.060        14
   246.735     9.121     0.060        14
   247.052     9.037     0.060        14
   247.671     8.920     0.060        14
   247.835     8.879     0.060        14
   248.298     8.807     0.060        14
   248.609     8.710     0.060        14
   248.921     8.657     0.060        14
   249.236     8.592     0.060        14
   249.548     8.527     0.060        14
   249.859     8.462     0.060        14
   250.164     8.385     0.060        14
   250.632     8.305     0.060        14
   251.257     8.200     0.060        14
   251.574     8.109     0.060        14
   251.881     8.045     0.060        14
   252.199     7.989     0.060        14
   252.528     7.924     0.060        14
   252.845     7.876     0.060        14
   253.327     7.758     0.060        14
   253.634     7.667     0.060        14
   254.096     7.571     0.060        14
   254.416     7.495     0.060        14
   254.728     7.425     0.060        14
   255.187     7.318     0.060        14
   255.499     7.230     0.060        14
   255.660     7.186     0.060        14
   255.972     7.088     0.060        14
   256.434     6.974     0.060        14
   256.896     6.856     0.060        14
   257.047     6.802     0.060        14
   257.369     6.726     0.060        14
   257.520     6.659     0.060        14
   258.006     6.572     0.060        14
   258.168     6.498     0.060        14
   258.641     6.368     0.060        14
   259.117     6.300     0.060        14
   259.439     6.189     0.060        14
   259.754     6.129     0.060        14
   260.068     6.011     0.060        14
   260.703     5.885     0.060        14
   261.014     5.792     0.060        14
   261.490     5.707     0.060        14
   261.977     5.607     0.060        14
   262.460     5.492     0.060        14
   262.786     5.452     0.060        14
   263.111     5.390     0.060        14
   263.584     5.303     0.060        14
   264.081     5.223     0.060        14
   264.734     5.101     0.060        14
   264.892     5.068     0.060        14
   265.383     4.988     0.060        14
   265.552     4.933     0.060        14
   265.882     4.854     0.060        14
   266.204     4.773     0.060        14
   266.698     4.675     0.060        14
   267.023     4.553     0.060        14
   267.510     4.427     0.060        14
   267.832     4.318     0.060        14
   268.158     4.236     0.060        14
   268.319     4.148     0.060        14
   228.889    18.774     0.060        24
   229.596    18.598     0.060        24
   230.300    18.414     0.060        24
   230.717    18.310     0.060        24
   231.133    18.181     0.060        24
   231.701    18.041     0.060        24
   231.988    17.969     0.060        24
   232.558    17.800     0.060        24
   233.126    17.644     0.060        24
   233.693    17.516     0.060        24
   233.973    17.415     0.060        24
   234.112    17.371     0.060        24
   234.389    17.278     0.060        24
   234.949    17.144     0.060        24
   235.099    17.081     0.060        24
   235.670    16.954     0.060        24
   235.949    16.841     0.060        24
   236.383    16.721     0.060        24
   236.813    16.601     0.060        24
   237.101    16.504     0.060        24
   237.542    16.427     0.060        24
   237.832    16.334     0.060        24
   238.123    16.239     0.060        24
   238.574    16.115     0.060        24
   239.039    15.999     0.060        24
   239.658    15.861     0.060        24
   239.970    15.764     0.060        24
   240.443    15.654     0.060        24
   240.744    15.568     0.060        24
   241.056    15.463     0.060        24
   241.354    15.385     0.060        24
   241.669    15.317     0.060        24
   242.121    15.210     0.060        24
   242.414    15.126     0.060        24
   242.704    15.000     0.060        24
   243.132    14.902     0.060        24
   243.717    14.735     0.060        24
   244.163    14.627     0.060        24
   244.314    14.559     0.060        24
   244.931    14.388     0.060        24
   245.825    14.098     0.060        24
   246.269    13.949     0.060        24
   246.888    13.708     0.060        24
   247.367    13.560     0.060        24
   248.147    13.321     0.060        24
   248.298    13.244     0.060        24
   248.771    13.100     0.060        24
   249.859    12.762     0.060        24
   250.164    12.658     0.060        24
   251.103    12.290     0.060        24
   251.574    12.114     0.060        24
   252.528    11.803     0.060        24
   253.327    11.537     0.060        24
   253.946    11.344     0.060        24
   254.416    11.200     0.060        24
   255.036    10.997     0.060        24
   255.811    10.720     0.060        24
   276.757     1.000     0.000         0
   276.886     1.014     0.060         1
   277.048     1.049     0.060         1
   277.206     1.091     0.060         1
   277.367     1.142     0.060         1
   277.529     1.202     0.060         1
   277.679     1.264     0.060         1
   277.840     1.313     0.060         1
   278.002     1.349     0.060         1
   278.163     1.418     0.060         1
   278.324     1.520     0.060         1
   278.488     1.594     0.060         1
   278.649     1.667     0.060         1
   278.810     1.736     0.060         1
   278.974     1.806     0.060         1
   276.886     1.728     0.060         2
   277.048     1.727     0.060         2
   277.367     1.774     0.060         2
   281.217     2.372     0.060         5
   281.381     2.413     0.060         5
   281.542     2.442     0.060         5
   281.696     2.463     0.060         5
   281.857     2.488     0.060         5
   282.021     2.517     0.060         5
   282.171     2.542     0.060         5
   282.333     2.563     0.060         5
   282.497     2.592     0.060         5
   282.647     2.617     0.060         5
   282.811     2.642     0.060         5
   282.973     2.663     0.060         5
   283.126     2.688     0.060         5
   283.287     2.716     0.060         5
   283.452     2.741     0.060         5
   283.602     2.758     0.060         5
   283.763     2.779     0.060         5
   283.927     2.808     0.060         5
   284.089     2.838     0.060         5
   284.239     2.859     0.060         5
   284.403     2.884     0.060         5
   284.564     2.905     0.060         5
   284.729     2.923     0.060         5
   284.890     2.947     0.060         5
   285.043     2.983     0.060         5
   285.205     3.015     0.060         5
   285.369     3.035     0.060         5
   285.530     3.059     0.060         5
   285.683     3.083     0.060         5
   285.848     3.107     0.060         5
   286.012     3.143     0.060         5
   286.173     3.171     0.060         5
   286.326     3.195     0.060         5
   286.488     3.223     0.060         5
   286.652     3.243     0.060         5
   286.813     3.263     0.060         5
   286.977     3.287     0.060         5
   287.138     3.311     0.060         5
   287.303     3.346     0.060         5
   287.464     3.362     0.060         5
   287.625     3.378     0.060         5
   287.789     3.402     0.060         5
   287.940     3.426     0.060         5
   288.101     3.454     0.060         5
   288.262     3.467     0.060         5
   288.420     3.481     0.060         5
   288.581     3.498     0.060         5
   288.743     3.520     0.060         5
   288.904     3.546     0.060         5
   289.065     3.571     0.060         5
   289.226     3.601     0.060         5
   289.387     3.627     0.060         5
   289.556     3.652     0.060         5
   289.717     3.676     0.060         5
   289.879     3.704     0.060         5
   290.040     3.736     0.060         5
   290.201     3.760     0.060         5
   290.365     3.792     0.060         5
   290.526     3.816     0.060         5
   290.687     3.838     0.060         5
   290.849     3.860     0.060         5
   291.021     3.886     0.060         5
   291.182     3.920     0.060         5
   291.343     3.961     0.060         5
   291.504     3.983     0.060         5
   291.668     4.014     0.060         5
   291.829     4.036     0.060         5
   291.994     4.063     0.060         5
   292.144     4.090     0.060         5
   292.308     4.112     0.060         5
   292.469     4.135     0.060         5
   292.623     4.158     0.060         5
   292.784     4.177     0.060         5
   292.948     4.196     0.060         5
   293.099     4.223     0.060         5
   293.252     4.254     0.060         5
   293.413     4.289     0.060         5
   293.567     4.316     0.060         5
   293.717     4.346     0.060         5
   293.882     4.381     0.060         5
   294.032     4.415     0.060         5
   294.183     4.457     0.060         5
   294.347     4.496     0.060         5
   294.497     4.534     0.060         5
   294.648     4.572     0.060         5
   294.812     4.627     0.060         5
   294.963     4.657     0.060         5
   295.113     4.687     0.060         5
   295.277     4.718     0.060         5
   295.428     4.748     0.060         5
   295.578     4.776     0.060         5
   295.732     4.808     0.060         5
   295.882     4.844     0.060         5
   296.043     4.881     0.060         5
   296.194     4.913     0.060         5
   296.347     4.957     0.060         5
   296.498     4.989     0.060         5
   296.662     5.018     0.060         5
   296.813     5.049     0.060         5
   296.963     5.076     0.060         5
   297.117     5.108     0.060         5
   297.278     5.143     0.060         5
   297.431     5.191     0.060         5
   297.582     5.230     0.060         5
   297.735     5.265     0.060         5
   297.889     5.297     0.060         5
   298.039     5.316     0.060         5
   298.193     5.340     0.060         5
   298.357     5.376     0.060         5
   298.500     5.408     0.060         5
   298.653     5.432     0.060         5
   298.807     5.457     0.060         5
   298.961     5.489     0.060         5
   299.114     5.521     0.060         5
   299.268     5.549     0.060         5
   299.421     5.585     0.060         5
   299.575     5.629     0.060         5
   299.728     5.649     0.060         5
   299.874     5.669     0.060         5
   300.025     5.693     0.060         5
   300.178     5.717     0.060         5
   300.332     5.745     0.060         5
   300.482     5.769     0.060         5
   300.633     5.791     0.060         5
   300.783     5.815     0.060         5
   300.934     5.839     0.060         5
   301.084     5.873     0.060         5
   301.232     5.883     0.060         5
   301.382     5.901     0.060         5
   301.543     5.922     0.060         5
   301.702     5.956     0.060         5
   301.863     5.989     0.060         5
   302.021     6.011     0.060         5
   302.171     6.037     0.060         5
   302.333     6.069     0.060         5
   302.494     6.098     0.060         5
   302.655     6.127     0.060         5
   302.816     6.155     0.060         5
   302.967     6.172     0.060         5
   303.128     6.176     0.060         5
   303.286     6.213     0.060         5
   303.436     6.237     0.060         5
   303.597     6.283     0.060         5
   303.748     6.311     0.060         5
   303.909     6.355     0.060         5
   304.060     6.367     0.060         5
   304.221     6.376     0.060         5
   304.371     6.415     0.060         5
   304.533     6.448     0.060         5
   304.683     6.474     0.060         5
   304.844     6.511     0.060         5
   304.998     6.535     0.060         5
   305.159     6.559     0.060         5
   305.320     6.579     0.060         5
   305.471     6.588     0.060         5
   305.632     6.638     0.060         5
   305.782     6.659     0.060         5
   305.943     6.703     0.060         5
   306.094     6.732     0.060         5
   306.258     6.761     0.060         5
   306.419     6.775     0.060         5
   306.570     6.782     0.060         5
   306.731     6.819     0.060         5
   306.884     6.831     0.060         5
   307.046     6.840     0.060         5
   307.196     6.871     0.060         5
   307.350     6.902     0.060         5
   307.511     6.942     0.060         5
   307.661     6.966     0.060         5
   307.815     6.978     0.060         5
   307.976     7.005     0.060         5
   308.129     7.036     0.060         5
   308.291     7.067     0.060         5
   308.444     7.095     0.060         5
   308.598     7.131     0.060         5
   308.759     7.155     0.060         5
   308.912     7.187     0.060         5
   309.073     7.227     0.060         5
   309.224     7.251     0.060         5
   309.385     7.263     0.060         5
   309.536     7.283     0.060         5
   309.697     7.295     0.060         5
   309.847     7.327     0.060         5
   310.008     7.351     0.060         5
   310.159     7.369     0.060         5
   310.320     7.375     0.060         5
   310.481     7.402     0.060         5
   310.632     7.427     0.060         5
   310.793     7.460     0.060         5
   310.943     7.501     0.060         5
   311.105     7.526     0.060         5
   311.255     7.558     0.060         5
   311.416     7.578     0.060         5
   311.567     7.602     0.060         5
   311.731     7.630     0.060         5
   311.881     7.665     0.060         5
   312.043     7.668     0.060         5
   312.204     7.687     0.060         5
   312.354     7.714     0.060         5
   312.505     7.748     0.060         5
   312.666     7.776     0.060         5
   312.817     7.810     0.060         5
   312.978     7.841     0.060         5
   313.131     7.864     0.060         5
   313.292     7.886     0.060         5
   313.443     7.905     0.060         5
   313.604     7.919     0.060         5
   313.755     7.946     0.060         5
   313.905     7.966     0.060         5
   314.069     7.998     0.060         5
   314.220     8.030     0.060         5
   314.381     8.058     0.060         5
   314.531     8.088     0.060         5
   314.693     8.126     0.060         5
   314.843     8.154     0.060         5
   315.004     8.189     0.060         5
   315.155     8.212     0.060         5
   315.316     8.239     0.060         5
   315.466     8.268     0.060         5
   315.628     8.301     0.060         5
   315.778     8.330     0.060         5
   315.929     8.347     0.060         5
   316.090     8.385     0.060         5
   316.240     8.389     0.060         5
   316.404     8.403     0.060         5
   316.555     8.430     0.060         5
   316.716     8.441     0.060         5
   316.877     8.460     0.060         5
   317.038     8.487     0.060         5
   317.200     8.518     0.060         5
   317.350     8.554     0.060         5
   317.511     8.582     0.060         5
   317.672     8.598     0.060         5
   317.834     8.636     0.060         5
   317.995     8.662     0.060         5
   318.159     8.691     0.060         5
   318.320     8.721     0.060         5
   318.481     8.758     0.060         5
   318.632     8.793     0.060         5
   318.793     8.816     0.060         5
   318.954     8.847     0.060         5
   319.115     8.877     0.060         5
   319.276     8.907     0.060         5
   319.427     8.937     0.060         5
   319.588     8.959     0.060         5
   319.746     8.995     0.060         5
   319.907     9.019     0.060         5
   320.058     9.051     0.060         5
   320.219     9.094     0.060         5
   320.370     9.124     0.060         5
   320.523     9.160     0.060         5
   320.684     9.196     0.060         5
   320.835     9.216     0.060         5
   320.988     9.248     0.060         5
   321.139     9.264     0.060         5
   321.300     9.305     0.060         5
   321.450     9.323     0.060         5
   321.604     9.362     0.060         5
   321.754     9.389     0.060         5
   321.905     9.413     0.060         5
   322.055     9.441     0.060         5
   322.206     9.489     0.060         5
   322.370     9.489     0.060         5
   322.520     9.519     0.060         5
   322.671     9.553     0.060         5
   322.835     9.573     0.060         5
   322.986     9.601     0.060         5
   323.150     9.619     0.060         5
   323.300     9.657     0.060         5
   323.451     9.675     0.060         5
   323.604     9.720     0.060         5
   323.755     9.750     0.060         5
   323.905     9.774     0.060         5
   324.056     9.814     0.060         5
   324.209     9.826     0.060         5
   324.360     9.851     0.060         5
   324.510     9.890     0.060         5
   324.671     9.918     0.060         5
   324.825     9.946     0.060         5
   324.975     9.974     0.060         5
   325.126     9.994     0.060         5
   325.287    10.038     0.060         5
   325.448    10.059     0.060         5
   325.599    10.079     0.060         5
   325.760    10.119     0.060         5
   325.921    10.165     0.060         5
   326.072    10.175     0.060         5
   326.233    10.219     0.060         5
   326.383    10.227     0.060         5
   326.544    10.263     0.060         5
   326.692    10.279     0.060         5
   326.853    10.303     0.060         5
   327.004    10.312     0.060         5
   327.165    10.358     0.060         5
   327.326    10.387     0.060         5
   327.476    10.427     0.060         5
   327.638    10.456     0.060         5
   327.799    10.480     0.060         5
   327.946    10.516     0.060         5
   328.107    10.552     0.060         5
   328.266    10.576     0.060         5
   328.424    10.596     0.060         5
   328.585    10.636     0.060         5
   328.733    10.652     0.060         5
   328.891    10.672     0.060         5
   329.049    10.684     0.060         5
   329.197    10.716     0.060         5
   329.358    10.736     0.060         5
   329.505    10.776     0.060         5
   329.669    10.780     0.060         5
   329.820    10.820     0.060         5
   329.970    10.852     0.060         5
   330.124    10.870     0.060         5
   330.285    10.916     0.060         5
   330.435    10.930     0.060         5
   330.589    10.964     0.060         5
   330.750    11.003     0.060         5
   330.904    11.026     0.060         5
   331.054    11.048     0.060         5
   331.207    11.094     0.060         5
   331.372    11.104     0.060         5
   331.525    11.132     0.060         5
   331.829    11.189     0.060         5
   331.993    11.220     0.060         5
   332.147    11.236     0.060         5
   332.297    11.260     0.060         5
   332.451    11.279     0.060         5
   332.604    11.329     0.060         5
   332.768    11.349     0.060         5
   332.922    11.389     0.060         5
   333.072    11.415     0.060         5
   333.226    11.442     0.060         5
   333.368    11.461     0.060         5
   333.522    11.489     0.060         5
   333.675    11.503     0.060         5
   333.826    11.558     0.060         5
   333.979    11.582     0.060         5
   334.133    11.610     0.060         5
   334.283    11.626     0.060         5
   334.437    11.658     0.060         5
   334.590    11.698     0.060         5
   334.741    11.730     0.060         5
   334.905    11.750     0.060         5
   335.058    11.786     0.060         5
   335.222    11.803     0.060         5
   335.373    11.855     0.060         5
   335.534    11.891     0.060         5
   335.687    11.915     0.060         5
   335.852    11.935     0.060         5
   336.002    11.959     0.060         5
   336.166    11.987     0.060         5
   336.327    12.011     0.060         5
   336.491    12.043     0.060         5
   336.645    12.072     0.060         5
   336.806    12.095     0.060         5
   336.970    12.119     0.060         5
   337.134    12.155     0.060         5
   337.288    12.179     0.060         5
   337.452    12.211     0.060         5
   337.605    12.231     0.060         5
   337.770    12.254     0.060         5
   337.931    12.285     0.060         5
   338.095    12.325     0.060         5
   338.245    12.340     0.060         5
   338.407    12.363     0.060         5
   338.557    12.385     0.060         5
   338.718    12.435     0.060         5
   338.879    12.453     0.060         5
   339.040    12.467     0.060         5
   339.202    12.504     0.060         5
   339.352    12.507     0.060         5
   339.513    12.538     0.060         5
   339.674    12.534     0.060         5
   339.833    12.578     0.060         5
   339.983    12.594     0.060         5
   340.144    12.620     0.060         5
   340.305    12.633     0.060         5
   340.453    12.660     0.060         5
   340.614    12.677     0.060         5
   340.772    12.697     0.060         5
   340.933    12.713     0.060         5
   341.092    12.717     0.060         5
   341.253    12.748     0.060         5
   341.403    12.778     0.060         5
   341.567    12.784     0.060         5
   341.718    12.808     0.060         5
   341.882    12.829     0.060         5
   342.046    12.826     0.060         5
   342.197    12.863     0.060         5
   342.361    12.889     0.060         5
   342.522    12.907     0.060         5
   342.686    12.925     0.060         5
   342.839    12.967     0.060         5
   343.001    12.978     0.060         5
   343.165    12.994     0.060         5
   343.329    13.020     0.060         5
   343.490    13.034     0.060         5
   343.654    13.056     0.060         5
   343.818    13.071     0.060         5
   343.979    13.101     0.060         5
   344.133    13.117     0.060         5
   344.294    13.145     0.060         5
   344.458    13.156     0.060         5
   344.612    13.166     0.060         5
   344.773    13.179     0.060         5
   344.926    13.224     0.060         5
   345.090    13.266     0.060         5
   345.251    13.275     0.060         5
   345.402    13.305     0.060         5
   345.563    13.318     0.060         5
   345.727    13.348     0.060         5
   345.878    13.375     0.060         5
   346.039    13.382     0.060         5
   346.203    13.425     0.060         5
   346.353    13.439     0.060         5
   346.515    13.451     0.060         5
   346.679    13.481     0.060         5
   346.840    13.511     0.060         5
   346.990    13.530     0.060         5
   347.154    13.572     0.060         5
   347.308    13.575     0.060         5
   347.469    13.613     0.060         5
   347.623    13.627     0.060         5
   347.787    13.674     0.060         5
   347.937    13.704     0.060         5
   348.091    13.699     0.060         5
   348.255    13.754     0.060         5
   348.408    13.771     0.060         5
   348.572    13.820     0.060         5
   348.726    13.827     0.060         5
   348.890    13.826     0.060         5
   349.043    13.875     0.060         5
   349.208    13.873     0.060         5
   349.358    13.902     0.060         5
   349.519    13.920     0.060         5
   349.680    13.946     0.060         5
   349.841    13.978     0.060         5
   350.003    13.975     0.060         5
   350.164    14.020     0.060         5
   350.322    14.037     0.060         5
   350.483    14.082     0.060         5
   350.644    14.127     0.060         5
   350.792    14.146     0.060         5
   350.953    14.161     0.060         5
   351.114    14.190     0.060         5
   351.272    14.221     0.060         5
   351.433    14.250     0.060         5
   351.584    14.278     0.060         5
   351.745    14.307     0.060         5
   324.825    11.009     0.060         8
   324.975    11.029     0.060         8
   325.126    11.048     0.060         8
   325.287    11.057     0.060         8
   325.448    11.081     0.060         8
   325.599    11.105     0.060         8
   325.760    11.113     0.060         8
   325.921    11.141     0.060         8
   326.072    11.165     0.060         8
   326.233    11.189     0.060         8
   326.383    11.205     0.060         8
   326.544    11.225     0.060         8
   326.692    11.247     0.060         8
   326.853    11.262     0.060         8
   327.004    11.289     0.060         8
   327.165    11.312     0.060         8
   327.326    11.341     0.060         8
   327.476    11.352     0.060         8
   327.638    11.379     0.060         8
   327.799    11.407     0.060         8
   327.946    11.434     0.060         8
   328.107    11.454     0.060         8
   328.266    11.461     0.060         8
   328.424    11.478     0.060         8
   328.585    11.504     0.060         8
   328.733    11.508     0.060         8
   328.891    11.528     0.060         8
   329.049    11.548     0.060         8
   329.197    11.580     0.060         8
   329.358    11.588     0.060         8
   329.505    11.606     0.060         8
   329.669    11.624     0.060         8
   329.820    11.646     0.060         8
   329.970    11.669     0.060         8
   330.124    11.695     0.060         8
   330.285    11.736     0.060         8
   330.435    11.764     0.060         8
   330.589    11.780     0.060         8
   330.750    11.800     0.060         8
   330.904    11.812     0.060         8
   331.054    11.844     0.060         8
   331.207    11.860     0.060         8
   331.372    11.884     0.060         8
   331.525    11.903     0.060         8
   331.676    11.937     0.060         8
   331.993    11.981     0.060         8
   332.147    12.009     0.060         8
   332.297    12.045     0.060         8
   332.451    12.060     0.060         8
   332.604    12.075     0.060         8
   332.768    12.115     0.060         8
   332.922    12.142     0.060         8
   333.072    12.174     0.060         8
   333.226    12.215     0.060         8
   333.368    12.248     0.060         8
   333.522    12.268     0.060         8
   333.675    12.293     0.060         8
   333.826    12.314     0.060         8
   333.979    12.344     0.060         8
   334.283    12.380     0.060         8
   334.437    12.403     0.060         8
   334.590    12.431     0.060         8
   334.741    12.454     0.060         8
   335.058    12.513     0.060         8
   335.222    12.550     0.060         8
   335.373    12.582     0.060         8
   335.534    12.609     0.060         8
   335.687    12.644     0.060         8
   335.852    12.683     0.060         8
   336.002    12.701     0.060         8
   336.166    12.716     0.060         8
   336.327    12.735     0.060         8
   336.491    12.747     0.060         8
   336.645    12.771     0.060         8
   336.806    12.781     0.060         8
   336.970    12.796     0.060         8
   337.134    12.835     0.060         8
   337.288    12.866     0.060         8
   337.452    12.879     0.060         8
   337.605    12.913     0.060         8
   337.770    12.934     0.060         8
   337.931    12.977     0.060         8
   338.095    12.997     0.060         8
   338.245    13.017     0.060         8
   338.407    13.050     0.060         8
   338.557    13.077     0.060         8
   338.718    13.101     0.060         8
   338.879    13.117     0.060         8
   339.040    13.141     0.060         8
   339.202    13.157     0.060         8
   339.352    13.181     0.060         8
   339.513    13.197     0.060         8
   339.674    13.211     0.060         8
   339.833    13.222     0.060         8
   339.983    13.228     0.060         8
   340.144    13.255     0.060         8
   340.305    13.277     0.060         8
   340.453    13.280     0.060         8
   340.614    13.284     0.060         8
   340.772    13.297     0.060         8
   340.933    13.318     0.060         8
   341.092    13.326     0.060         8
   341.253    13.334     0.060         8
   341.403    13.354     0.060         8
   341.567    13.390     0.060         8
   341.718    13.404     0.060         8
   341.882    13.438     0.060         8
   342.046    13.458     0.060         8
   342.197    13.478     0.060         8
   342.361    13.498     0.060         8
   342.522    13.510     0.060         8
   342.686    13.538     0.060         8
   342.839    13.548     0.060         8
   343.165    13.588     0.060         8
   343.490    13.603     0.060         8
   343.818    13.646     0.060         8
   343.979    13.670     0.060         8
   344.133    13.683     0.060         8
   344.294    13.703     0.060         8
   344.458    13.734     0.060         8
   344.612    13.749     0.060         8
   345.090    13.807     0.060         8
   345.402    13.841     0.060         8
   345.727    13.881     0.060         8
   345.878    13.904     0.060         8
   346.203    13.952     0.060         8
   346.515    14.000     0.060         8
   346.840    14.049     0.060         8
   347.154    14.091     0.060         8
   347.469    14.130     0.060         8
   347.623    14.156     0.060         8
   347.937    14.198     0.060         8
   348.091    14.221     0.060         8
   348.255    14.249     0.060         8
   348.572    14.295     0.060         8
   348.726    14.320     0.060         8
   348.890    14.326     0.060         8
   359.504    15.997     0.060         8
   359.979    16.107     0.060         8
   360.609    16.249     0.060         8
   360.934    16.342     0.060         8
   361.732    16.521     0.060         8
   362.208    16.630     0.060         8
   363.339    16.890     0.060         8
   363.986    17.003     0.060         8
   364.795    17.152     0.060         8
   365.109    17.242     0.060         8
   366.064    17.395     0.060         8
   366.539    17.504     0.060         8
   367.340    17.654     0.060         8
   368.760    17.896     0.060         8
   370.187    18.092     0.060         8
   371.283    18.245     0.060         8
   372.379    18.381     0.060         8
   373.652    18.524     0.060         8
   374.779    18.648     0.060         8
   376.219    18.795     0.060         8
   377.679    18.946     0.060         8
   378.501    19.029     0.060         8
   380.270    19.204     0.060         8
   279.286     2.025     0.060        10
   279.447     2.062     0.060        10
   279.611     2.106     0.060        10
   279.773     2.153     0.060        10
   279.934     2.176     0.060        10
   280.098     2.216     0.060        10
   280.262     2.259     0.060        10
   280.413     2.301     0.060        10
   280.577     2.338     0.060        10
   280.738     2.382     0.060        10
   324.056    11.391     0.060        12
   325.126    11.535     0.060        12
   326.233    11.696     0.060        12
   327.165    11.824     0.060        12
   328.266    11.977     0.060        12
   329.049    12.089     0.060        12
   330.285    12.262     0.060        12
   331.993    12.532     0.060        12
   333.826    12.813     0.060        12
   335.222    13.035     0.060        12
   336.645    13.256     0.060        12
   337.931    13.441     0.060        12
   339.513    13.645     0.060        12
   340.933    13.817     0.060        12
   341.882    13.904     0.060        12
   343.329    14.067     0.060        12
   344.926    14.267     0.060        12
   345.563    14.347     0.060        12
   280.891     2.831     0.060        14
   281.055     2.847     0.060        14
   281.217     2.890     0.060        14
   281.381     2.917     0.060        14
   281.542     2.945     0.060        14
   281.696     2.972     0.060        14
   281.857     2.999     0.060        14
   282.021     3.022     0.060        14
   282.171     3.049     0.060        14
   282.333     3.073     0.060        14
   282.497     3.097     0.060        14
   282.647     3.120     0.060        14
   282.811     3.144     0.060        14
   282.973     3.168     0.060        14
   283.126     3.191     0.060        14
   283.287     3.215     0.060        14
   283.452     3.235     0.060        14
   283.602     3.258     0.060        14
   283.763     3.290     0.060        14
   283.927     3.314     0.060        14
   284.089     3.343     0.060        14
   284.239     3.366     0.060        14
   284.403     3.391     0.060        14
   284.564     3.411     0.060        14
   284.729     3.431     0.060        14
   284.890     3.455     0.060        14
   285.043     3.478     0.060        14
   285.205     3.509     0.060        14
   285.369     3.529     0.060        14
   285.530     3.556     0.060        14
   285.683     3.579     0.060        14
   285.848     3.606     0.060        14
   286.012     3.633     0.060        14
   286.173     3.652     0.060        14
   286.326     3.675     0.060        14
   286.488     3.695     0.060        14
   286.652     3.714     0.060        14
   286.813     3.737     0.060        14
   286.977     3.756     0.060        14
   287.138     3.781     0.060        14
   287.303     3.805     0.060        14
   287.464     3.842     0.060        14
   287.625     3.878     0.060        14
   287.789     3.903     0.060        14
   287.940     3.927     0.060        14
   288.101     3.951     0.060        14
   288.262     3.976     0.060        14
   288.420     3.992     0.060        14
   288.581     4.013     0.060        14
   288.743     4.033     0.060        14
   288.904     4.054     0.060        14
   289.065     4.074     0.060        14
   289.226     4.100     0.060        14
   289.387     4.122     0.060        14
   289.556     4.140     0.060        14
   289.717     4.166     0.060        14
   289.879     4.191     0.060        14
   290.040     4.217     0.060        14
   290.201     4.243     0.060        14
   290.365     4.269     0.060        14
   290.526     4.291     0.060        14
   290.687     4.317     0.060        14
   290.849     4.351     0.060        14
   291.021     4.397     0.060        14
   291.182     4.423     0.060        14
   291.343     4.448     0.060        14
   291.504     4.474     0.060        14
   291.668     4.504     0.060        14
   291.829     4.526     0.060        14
   291.994     4.540     0.060        14
   292.144     4.565     0.060        14
   292.308     4.587     0.060        14
   292.469     4.617     0.060        14
   292.623     4.639     0.060        14
   292.784     4.668     0.060        14
   292.948     4.698     0.060        14
   293.099     4.724     0.060        14
   293.252     4.753     0.060        14
   293.413     4.775     0.060        14
   293.567     4.800     0.060        14
   293.717     4.825     0.060        14
   293.882     4.847     0.060        14
   294.032     4.880     0.060        14
   294.183     4.914     0.060        14
   294.347     4.948     0.060        14
   294.497     4.981     0.060        14
   294.648     5.014     0.060        14
   294.812     5.048     0.060        14
   294.963     5.077     0.060        14
   295.113     5.102     0.060        14
   295.277     5.130     0.060        14
   295.428     5.168     0.060        14
   295.578     5.203     0.060        14
   295.732     5.249     0.060        14
   295.882     5.275     0.060        14
   296.043     5.315     0.060        14
   296.194     5.369     0.060        14
   296.347     5.404     0.060        14
   296.498     5.446     0.060        14
   296.662     5.502     0.060        14
   296.813     5.544     0.060        14
   296.963     5.574     0.060        14
   297.117     5.601     0.060        14
   297.278     5.636     0.060        14
   297.431     5.671     0.060        14
   297.582     5.705     0.060        14
   297.735     5.731     0.060        14
   297.889     5.757     0.060        14
   298.039     5.795     0.060        14
   298.193     5.826     0.060        14
   298.357     5.861     0.060        14
   298.500     5.882     0.060        14
   298.653     5.912     0.060        14
   298.807     5.951     0.060        14
   298.961     5.969     0.060        14
   299.114     6.022     0.060        14
   299.268     6.037     0.060        14
   299.421     6.072     0.060        14
   299.575     6.111     0.060        14
   299.728     6.135     0.060        14
   299.874     6.166     0.060        14
   300.025     6.190     0.060        14
   300.178     6.212     0.060        14
   300.332     6.242     0.060        14
   300.482     6.264     0.060        14
   300.633     6.287     0.060        14
   300.783     6.319     0.060        14
   300.934     6.344     0.060        14
   301.084     6.357     0.060        14
   301.232     6.377     0.060        14
   301.382     6.402     0.060        14
   301.543     6.431     0.060        14
   301.702     6.472     0.060        14
   301.863     6.493     0.060        14
   302.021     6.522     0.060        14
   302.171     6.543     0.060        14
   302.333     6.592     0.060        14
   302.494     6.614     0.060        14
   302.655     6.652     0.060        14
   302.816     6.679     0.060        14
   302.967     6.708     0.060        14
   303.128     6.726     0.060        14
   303.286     6.760     0.060        14
   303.436     6.818     0.060        14
   303.597     6.852     0.060        14
   303.748     6.881     0.060        14
   303.909     6.908     0.060        14
   304.060     6.937     0.060        14
   304.221     6.963     0.060        14
   304.371     6.993     0.060        14
   304.533     7.007     0.060        14
   304.683     7.033     0.060        14
   304.844     7.058     0.060        14
   304.998     7.079     0.060        14
   305.159     7.105     0.060        14
   305.320     7.138     0.060        14
   305.471     7.167     0.060        14
   305.632     7.205     0.060        14
   305.782     7.234     0.060        14
   305.943     7.259     0.060        14
   306.094     7.288     0.060        14
   306.258     7.318     0.060        14
   306.419     7.339     0.060        14
   306.570     7.368     0.060        14
   306.731     7.378     0.060        14
   306.884     7.383     0.060        14
   307.046     7.404     0.060        14
   307.196     7.437     0.060        14
   307.350     7.458     0.060        14
   307.511     7.478     0.060        14
   307.661     7.487     0.060        14
   307.815     7.504     0.060        14
   307.976     7.525     0.060        14
   308.129     7.559     0.060        14
   308.291     7.587     0.060        14
   308.444     7.623     0.060        14
   308.598     7.656     0.060        14
   308.759     7.688     0.060        14
   308.912     7.710     0.060        14
   309.073     7.745     0.060        14
   309.224     7.769     0.060        14
   309.385     7.793     0.060        14
   309.536     7.821     0.060        14
   309.697     7.843     0.060        14
   309.847     7.871     0.060        14
   310.008     7.894     0.060        14
   310.159     7.910     0.060        14
   310.320     7.936     0.060        14
   310.481     7.968     0.060        14
   310.632     7.988     0.060        14
   310.793     8.010     0.060        14
   310.943     8.028     0.060        14
   311.105     8.063     0.060        14
   311.255     8.089     0.060        14
   311.416     8.117     0.060        14
   311.567     8.135     0.060        14
   311.731     8.159     0.060        14
   311.881     8.189     0.060        14
   312.043     8.216     0.060        14
   312.204     8.237     0.060        14
   312.354     8.265     0.060        14
   312.505     8.293     0.060        14
   312.666     8.313     0.060        14
   312.817     8.349     0.060        14
   312.978     8.378     0.060        14
   313.131     8.398     0.060        14
   313.292     8.430     0.060        14
   313.443     8.450     0.060        14
   313.604     8.487     0.060        14
   313.755     8.511     0.060        14
   313.905     8.530     0.060        14
   314.069     8.555     0.060        14
   314.220     8.574     0.060        14
   314.381     8.608     0.060        14
   314.531     8.632     0.060        14
   314.693     8.660     0.060        14
   314.843     8.708     0.060        14
   315.004     8.729     0.060        14
   315.155     8.761     0.060        14
   315.316     8.789     0.060        14
   315.466     8.821     0.060        14
   315.628     8.846     0.060        14
   315.778     8.866     0.060        14
   315.929     8.889     0.060        14
   316.090     8.917     0.060        14
   316.240     8.944     0.060        14
   316.404     8.962     0.060        14
   316.555     8.986     0.060        14
   316.716     9.014     0.060        14
   316.877     9.050     0.060        14
   317.038     9.073     0.060        14
   317.200     9.097     0.060        14
   317.511     9.143     0.060        14
   317.672     9.175     0.060        14
   317.834     9.212     0.060        14
   317.995     9.238     0.060        14
   318.159     9.268     0.060        14
   318.320     9.306     0.060        14
   318.481     9.328     0.060        14
   318.632     9.346     0.060        14
   318.793     9.368     0.060        14
   318.954     9.390     0.060        14
   319.115     9.416     0.060        14
   319.276     9.442     0.060        14
   319.427     9.479     0.060        14
   319.588     9.502     0.060        14
   319.746     9.527     0.060        14
   319.907     9.562     0.060        14
   320.058     9.586     0.060        14
   320.219     9.610     0.060        14
   320.370     9.641     0.060        14
   320.523     9.663     0.060        14
   320.684     9.709     0.060        14
   320.835     9.727     0.060        14
   320.988     9.770     0.060        14
   321.139     9.796     0.060        14
   321.300     9.826     0.060        14
   321.450     9.856     0.060        14
   321.604     9.883     0.060        14
   321.754     9.914     0.060        14
   321.905     9.954     0.060        14
   322.055     9.973     0.060        14
   322.206    10.001     0.060        14
   322.370    10.037     0.060        14
   322.520    10.052     0.060        14
   322.671    10.072     0.060        14
   322.835    10.104     0.060        14
   322.986    10.132     0.060        14
   323.300    10.172     0.060        14
   323.451    10.198     0.060        14
   323.604    10.228     0.060        14
   323.755    10.258     0.060        14
   323.905    10.273     0.060        14
   324.056    10.308     0.060        14
   324.209    10.339     0.060        14
   324.360    10.370     0.060        14
   324.510    10.379     0.060        14
   324.671    10.416     0.060        14
   324.825    10.432     0.060        14
   324.975    10.458     0.060        14
   325.126    10.493     0.060        14
   325.287    10.525     0.060        14
   325.448    10.559     0.060        14
   325.599    10.598     0.060        14
   325.760    10.623     0.060        14
   325.921    10.667     0.060        14
   326.072    10.693     0.060        14
   326.233    10.713     0.060        14
   326.383    10.754     0.060        14
   326.544    10.804     0.060        14
   326.692    10.834     0.060        14
   326.853    10.857     0.060        14
   327.004    10.876     0.060        14
   327.165    10.911     0.060        14
   327.326    10.946     0.060        14
   327.476    10.993     0.060        14
   327.638    10.999     0.060        14
   327.799    11.050     0.060        14
   327.946    11.080     0.060        14
   328.107    11.104     0.060        14
   328.266    11.130     0.060        14
   328.424    11.161     0.060        14
   328.585    11.200     0.060        14
   328.733    11.226     0.060        14
   328.891    11.264     0.060        14
   329.049    11.278     0.060        14
   329.197    11.307     0.060        14
   329.358    11.337     0.060        14
   329.505    11.343     0.060        14
   329.669    11.369     0.060        14
   329.820    11.383     0.060        14
   329.970    11.432     0.060        14
   330.124    11.450     0.060        14
   330.285    11.493     0.060        14
   330.435    11.511     0.060        14
   330.589    11.530     0.060        14
   330.750    11.537     0.060        14
   330.904    11.567     0.060        14
   331.054    11.593     0.060        14
   331.207    11.612     0.060        14
   331.372    11.646     0.060        14
   331.525    11.666     0.060        14
   331.676    11.694     0.060        14
   331.829    11.712     0.060        14
   331.993    11.732     0.060        14
   332.147    11.771     0.060        14
   332.297    11.804     0.060        14
   332.451    11.821     0.060        14
   332.604    11.878     0.060        14
   332.768    11.888     0.060        14
   332.922    11.922     0.060        14
   333.072    11.946     0.060        14
   333.226    11.979     0.060        14
   333.368    12.019     0.060        14
   333.522    12.038     0.060        14
   333.675    12.070     0.060        14
   333.826    12.109     0.060        14
   333.979    12.137     0.060        14
   334.133    12.161     0.060        14
   334.283    12.183     0.060        14
   334.437    12.211     0.060        14
   334.590    12.235     0.060        14
   334.741    12.262     0.060        14
   334.905    12.298     0.060        14
   335.058    12.314     0.060        14
   335.222    12.342     0.060        14
   335.373    12.385     0.060        14
   335.534    12.422     0.060        14
   335.687    12.454     0.060        14
   335.852    12.486     0.060        14
   336.002    12.514     0.060        14
   336.166    12.539     0.060        14
   336.327    12.575     0.060        14
   336.491    12.588     0.060        14
   336.645    12.612     0.060        14
   336.806    12.641     0.060        14
   336.970    12.666     0.060        14
   337.134    12.693     0.060        14
   337.288    12.717     0.060        14
   337.452    12.729     0.060        14
   337.605    12.748     0.060        14
   337.770    12.785     0.060        14
   337.931    12.815     0.060        14
   338.095    12.835     0.060        14
   338.245    12.861     0.060        14
   338.407    12.889     0.060        14
   338.557    12.914     0.060        14
   338.718    12.934     0.060        14
   338.879    12.958     0.060        14
   339.040    12.978     0.060        14
   339.202    13.006     0.060        14
   339.352    13.018     0.060        14
   339.513    13.046     0.060        14
   339.674    13.068     0.060        14
   339.833    13.098     0.060        14
   339.983    13.114     0.060        14
   340.144    13.138     0.060        14
   340.305    13.158     0.060        14
   340.453    13.182     0.060        14
   340.614    13.212     0.060        14
   340.772    13.237     0.060        14
   340.933    13.247     0.060        14
   341.092    13.253     0.060        14
   341.253    13.279     0.060        14
   341.403    13.289     0.060        14
   341.567    13.319     0.060        14
   341.718    13.349     0.060        14
   341.882    13.367     0.060        14
   342.046    13.388     0.060        14
   342.197    13.405     0.060        14
   342.361    13.414     0.060        14
   342.522    13.436     0.060        14
   342.686    13.449     0.060        14
   342.839    13.479     0.060        14
   343.001    13.499     0.060        14
   343.165    13.533     0.060        14
   343.329    13.554     0.060        14
   343.490    13.571     0.060        14
   343.654    13.592     0.060        14
   343.818    13.617     0.060        14
   343.979    13.635     0.060        14
   344.133    13.656     0.060        14
   344.294    13.680     0.060        14
   344.458    13.700     0.060        14
   344.612    13.740     0.060        14
   344.773    13.756     0.060        14
   344.926    13.776     0.060        14
   345.090    13.797     0.060        14
   345.251    13.824     0.060        14
   345.402    13.845     0.060        14
   345.563    13.872     0.060        14
   345.727    13.905     0.060        14
   345.878    13.923     0.060        14
   346.039    13.947     0.060        14
   346.203    13.971     0.060        14
   346.353    13.999     0.060        14
   346.515    14.027     0.060        14
   346.679    14.062     0.060        14
   346.840    14.088     0.060        14
   346.990    14.114     0.060        14
   347.154    14.136     0.060        14
   347.308    14.158     0.060        14
   347.469    14.171     0.060        14
   347.623    14.200     0.060        14
   347.787    14.224     0.060        14
   347.937    14.245     0.060        14
   348.091    14.277     0.060        14
   348.255    14.297     0.060        14
   348.408    14.307     0.060        14
   348.572    14.335     0.060        14
   348.726    14.359     0.060        14
   348.890    14.389     0.060        14
   349.043    14.424     0.060        14
   349.208    14.444     0.060        14
   349.358    14.466     0.060        14
   349.519    14.492     0.060        14
     0.000     0.000     0.000        -1
