   375.499    -1.000     0.000         0
   372.528     2.567     0.060         1
   372.689     2.479     0.060         1
   372.850     2.414     0.060         1
   373.012     2.345     0.060         1
   373.173     2.260     0.060         1
   373.336     2.196     0.060         1
   373.487     2.139     0.060         1
   373.650     2.071     0.060         1
   373.812     2.004     0.060         1
   373.975     1.947     0.060         1
   374.136     1.901     0.060         1
   374.286     1.864     0.060         1
   374.449     1.833     0.060         1
   374.610     1.803     0.060         1
   374.772     1.776     0.060         1
   374.933     1.754     0.060         1
   375.091     1.740     0.060         1
   375.244     1.730     0.060         1
   375.365     1.732     0.060         1
   373.812     2.418     0.060         2
   373.975     2.368     0.060         2
   374.136     2.330     0.060         2
   374.286     2.306     0.060         2
   374.449     2.261     0.060         2
   374.610     2.229     0.060         2
   374.772     2.205     0.060         2
   374.933     2.184     0.060         2
   375.091     2.166     0.060         2
   375.244     2.159     0.060         2
   375.365     2.159     0.060         2
   329.670    10.630     0.060         5
   330.436    10.534     0.060         5
   331.676    10.382     0.060         5
   332.769    10.259     0.060         5
   333.980    10.086     0.060         5
   335.688     9.895     0.060         5
   336.492     9.783     0.060         5
   337.288     9.662     0.060         5
   337.770     9.581     0.060         5
   338.095     9.529     0.060         5
   338.407     9.481     0.060         5
   338.880     9.417     0.060         5
   339.202     9.360     0.060         5
   339.675     9.292     0.060         5
   339.984     9.244     0.060         5
   340.453     9.164     0.060         5
   340.934     9.092     0.060         5
   341.568     8.995     0.060         5
   341.883     8.947     0.060         5
   342.361     8.879     0.060         5
   342.840     8.823     0.060         5
   343.001     8.803     0.060         5
   343.491     8.735     0.060         5
   344.133     8.646     0.060         5
   344.773     8.550     0.060         5
   345.091     8.506     0.060         5
   345.564     8.446     0.060         5
   345.728     8.418     0.060         5
   346.203     8.341     0.060         5
   346.354     8.321     0.060         5
   346.991     8.224     0.060         5
   347.308     8.172     0.060         5
   347.787     8.104     0.060         5
   348.091     8.051     0.060         5
   348.573     7.983     0.060         5
   349.044     7.915     0.060         5
   349.680     7.810     0.060         5
   350.003     7.741     0.060         5
   350.483     7.644     0.060         5
   350.792     7.575     0.060         5
   351.273     7.463     0.060         5
   351.434     7.426     0.060         5
   351.584     7.392     0.060         5
   351.745     7.351     0.060         5
   351.907     7.321     0.060         5
   352.068     7.288     0.060         5
   352.229     7.253     0.060         5
   352.393     7.194     0.060         5
   352.554     7.152     0.060         5
   352.705     7.101     0.060         5
   352.866     7.070     0.060         5
   353.016     7.038     0.060         5
   353.177     7.004     0.060         5
   353.331     6.973     0.060         5
   353.492     6.926     0.060         5
   353.642     6.897     0.060         5
   353.807     6.867     0.060         5
   353.957     6.860     0.060         5
   354.272     6.784     0.060         5
   354.740     6.691     0.060         5
   355.215     6.606     0.060         5
   355.530     6.541     0.060         5
   355.834     6.505     0.060         5
   356.148     6.444     0.060         5
   356.463     6.413     0.060         5
   356.939     6.361     0.060         5
   357.417     6.301     0.060         5
   357.578     6.283     0.060         5
   358.057     6.246     0.060         5
   358.375     6.212     0.060         5
   358.861     6.170     0.060         5
   359.504     6.125     0.060         5
   359.665     6.113     0.060         5
   360.130     6.084     0.060         5
   360.444     6.063     0.060         5
   360.770     6.039     0.060         5
   361.095     6.014     0.060         5
   361.420     5.988     0.060         5
   361.581     5.974     0.060         5
   361.893     5.947     0.060         5
   260.551    20.978     0.060         8
   261.178    20.861     0.060         8
   262.137    20.658     0.060         8
   263.111    20.501     0.060         8
   263.584    20.388     0.060         8
   264.561    20.206     0.060         8
   265.552    20.032     0.060         8
   266.537    19.859     0.060         8
   267.346    19.709     0.060         8
   268.637    19.459     0.060         8
   269.596    19.281     0.060         8
   270.558    19.103     0.060         8
   272.162    18.802     0.060         8
   273.454    18.603     0.060         8
   275.411    18.275     0.060         8
   276.227    18.129     0.060         8
   277.206    17.979     0.060         8
   278.811    17.727     0.060         8
   280.263    17.500     0.060         8
   281.543    17.304     0.060         8
   283.288    17.055     0.060         8
   284.404    16.861     0.060         8
   286.327    16.553     0.060         8
   287.303    16.410     0.060         8
   287.626    16.354     0.060         8
   288.904    16.175     0.060         8
   289.879    16.060     0.060         8
   290.849    15.950     0.060         8
   291.669    15.801     0.060         8
   292.949    15.657     0.060         8
   294.347    15.510     0.060         8
   295.883    15.367     0.060         8
   296.813    15.276     0.060         8
   298.358    15.130     0.060         8
   299.421    15.031     0.060         8
   300.783    14.912     0.060         8
   302.171    14.786     0.060         8
   303.128    14.707     0.060         8
   303.748    14.656     0.060         8
   304.533    14.597     0.060         8
   305.944    14.462     0.060         8
   307.046    14.359     0.060         8
   308.598    14.204     0.060         8
   309.697    14.101     0.060         8
   310.793    14.007     0.060         8
   311.731    13.907     0.060         8
   312.667    13.804     0.060         8
   313.443    13.732     0.060         8
   314.381    13.649     0.060         8
   315.628    13.543     0.060         8
   316.405    13.476     0.060         8
   368.291     4.357     0.060         9
   368.444     4.300     0.060         9
   368.606     4.241     0.060         9
   368.759     4.176     0.060         9
   368.920     4.118     0.060         9
   369.070     4.058     0.060         9
   369.234     3.994     0.060         9
   369.385     3.926     0.060         9
   369.549     3.864     0.060         9
   369.710     3.796     0.060         9
   369.860     3.724     0.060         9
   370.022     3.653     0.060         9
   370.186     3.582     0.060         9
   370.336     3.503     0.060         9
   370.497     3.429     0.060         9
   370.658     3.351     0.060         9
   363.338     5.871     0.060        10
   363.500     5.835     0.060        10
   363.664     5.803     0.060        10
   363.825     5.767     0.060        10
   363.986     5.731     0.060        10
   364.147     5.696     0.060        10
   364.308     5.661     0.060        10
   364.469     5.618     0.060        10
   364.631     5.567     0.060        10
   364.795     5.528     0.060        10
   364.945     5.474     0.060        10
   365.109     5.423     0.060        10
   365.270     5.375     0.060        10
   365.424     5.328     0.060        10
   365.585     5.277     0.060        10
   365.749     5.232     0.060        10
   365.910     5.188     0.060        10
   366.063     5.144     0.060        10
   366.225     5.094     0.060        10
   366.386     5.045     0.060        10
   366.539     4.989     0.060        10
   366.700     4.935     0.060        10
   366.864     4.885     0.060        10
   367.015     4.833     0.060        10
   367.176     4.779     0.060        10
   367.340     4.729     0.060        10
   367.490     4.678     0.060        10
   367.654     4.617     0.060        10
   367.816     4.566     0.060        10
   367.966     4.508     0.060        10
   368.130     4.444     0.060        10
   368.291     4.383     0.060        10
   368.444     4.322     0.060        10
   368.606     4.277     0.060        10
   223.355    26.510     0.060        13
   224.948    26.322     0.060        13
   227.296    26.043     0.060        13
   228.461    25.903     0.060        13
   229.883    25.723     0.060        13
   231.560    25.507     0.060        13
   232.845    25.318     0.060        13
   234.112    25.108     0.060        13
   235.669    24.875     0.060        13
   237.100    24.662     0.060        13
   238.885    24.401     0.060        13
   240.295    24.204     0.060        13
   241.969    23.992     0.060        13
   243.131    23.844     0.060        13
   244.622    23.685     0.060        13
   245.825    23.503     0.060        13
   246.888    23.338     0.060        13
   247.671    23.176     0.060        13
   249.085    22.942     0.060        13
   250.012    22.793     0.060        13
   250.631    22.672     0.060        13
   251.574    22.473     0.060        13
   252.845    22.239     0.060        13
   254.727    21.912     0.060        13
   255.659    21.730     0.060        13
   256.896    21.512     0.060        13
   258.328    21.250     0.060        13
   259.592    20.991     0.060        13
   261.651    20.628     0.060        13
   262.624    20.458     0.060        13
   264.242    20.180     0.060        13
   265.713    19.938     0.060        13
   266.537    19.801     0.060        13
   268.637    19.450     0.060        13
   375.499     1.000     0.000         0
   375.640     1.735     0.060         1
   375.767     1.748     0.060         1
   375.923     1.767     0.060         1
   376.079     1.795     0.060         1
   376.227     1.826     0.060         1
   376.391     1.862     0.060         1
   376.550     1.904     0.060         1
   376.710     1.949     0.060         1
   376.874     1.998     0.060         1
   377.034     2.046     0.060         1
   377.195     2.111     0.060         1
   377.359     2.180     0.060         1
   377.520     2.254     0.060         1
   377.680     2.328     0.060         1
   377.845     2.404     0.060         1
   378.005     2.474     0.060         1
   378.170     2.565     0.060         1
   375.640     2.163     0.060         2
   375.767     2.173     0.060         2
   375.923     2.188     0.060         2
   376.079     2.210     0.060         2
   376.227     2.245     0.060         2
   376.391     2.287     0.060         2
   376.550     2.338     0.060         2
   376.710     2.403     0.060         2
   376.874     2.451     0.060         2
   377.034     2.498     0.060         2
   382.343     3.471     0.060         5
   382.497     3.474     0.060         5
   382.812     3.498     0.060         5
   383.126     3.533     0.060         5
   383.591     3.597     0.060         5
   383.752     3.608     0.060         5
   384.067     3.644     0.060         5
   384.371     3.679     0.060         5
   384.849     3.718     0.060         5
   385.318     3.798     0.060         5
   385.629     3.829     0.060         5
   386.097     3.905     0.060         5
   386.248     3.933     0.060         5
   386.398     3.957     0.060         5
   386.713     4.009     0.060         5
   386.863     4.037     0.060         5
   387.013     4.070     0.060         5
   387.328     4.130     0.060         5
   387.632     4.182     0.060         5
   387.782     4.210     0.060         5
   388.398     4.318     0.060         5
   388.559     4.354     0.060         5
   388.873     4.423     0.060         5
   389.185     4.483     0.060         5
   389.510     4.564     0.060         5
   389.661     4.613     0.060         5
   389.822     4.657     0.060         5
   389.983     4.706     0.060         5
   390.297     4.799     0.060         5
   390.609     4.876     0.060         5
   390.759     4.945     0.060         5
   391.074     5.038     0.060         5
   391.385     5.119     0.060         5
   391.546     5.176     0.060         5
   391.700     5.250     0.060         5
   392.011     5.326     0.060         5
   392.172     5.371     0.060         5
   392.333     5.411     0.060         5
   392.659     5.484     0.060         5
   392.809     5.512     0.060         5
   392.970     5.552     0.060         5
   393.292     5.613     0.060         5
   393.456     5.665     0.060         5
   393.778     5.724     0.060         5
   393.939     5.766     0.060         5
   394.262     5.847     0.060         5
   394.426     5.887     0.060         5
   394.587     5.923     0.060         5
   394.909     5.988     0.060         5
   395.070     6.026     0.060         5
   395.231     6.065     0.060         5
   395.392     6.105     0.060         5
   395.556     6.151     0.060         5
   395.717     6.195     0.060         5
   395.878     6.237     0.060         5
   396.040     6.276     0.060         5
   396.201     6.319     0.060         5
   396.365     6.356     0.060         5
   396.526     6.387     0.060         5
   396.848     6.436     0.060         5
   397.173     6.481     0.060         5
   397.334     6.511     0.060         5
   379.792     3.406     0.060         7
   379.953     3.438     0.060         7
   380.106     3.466     0.060         7
   380.271     3.486     0.060         7
   380.431     3.522     0.060         7
   380.596     3.557     0.060         7
   380.746     3.589     0.060         7
   380.910     3.627     0.060         7
   379.141     2.980     0.060         9
   379.302     3.042     0.060         9
   379.628     3.140     0.060         9
   379.792     3.194     0.060         9
   379.953     3.261     0.060         9
   380.106     3.303     0.060         9
   380.271     3.369     0.060         9
   380.431     3.419     0.060         9
   380.596     3.480     0.060         9
   380.746     3.540     0.060         9
   380.910     3.590     0.060         9
   381.074     3.655     0.060         9
   381.228     3.686     0.060         9
   381.389     3.752     0.060         9
   381.553     3.789     0.060         9
   381.704     3.854     0.060         9
   381.868     3.911     0.060         9
     0.000     0.000     0.000        -1
