   396.577    -1.000     0.000         0
   394.426     1.517     0.060         1
   394.587     1.447     0.060         1
   394.748     1.362     0.060         1
   394.909     1.296     0.060         1
   395.070     1.226     0.060         1
   395.231     1.155     0.060         1
   395.392     1.088     0.060         1
   395.557     1.033     0.060         1
   395.718     0.986     0.060         1
   395.879     0.947     0.060         1
   396.040     0.919     0.060         1
   396.201     0.895     0.060         1
   396.365     0.871     0.060         1
   396.525     0.876     0.060         1
   395.231     1.856     0.060         3
   395.557     1.757     0.060         3
   395.879     1.685     0.060         3
   396.201     1.646     0.060         3
   396.525     1.630     0.060         3
   339.353    12.923     0.060         5
   339.675    12.875     0.060         5
   339.984    12.823     0.060         5
   340.453    12.754     0.060         5
   340.773    12.706     0.060         5
   341.092    12.654     0.060         5
   341.404    12.610     0.060         5
   341.718    12.565     0.060         5
   342.046    12.517     0.060         5
   342.361    12.465     0.060         5
   342.686    12.412     0.060         5
   343.001    12.372     0.060         5
   343.490    12.308     0.060         5
   343.980    12.244     0.060         5
   344.294    12.208     0.060         5
   344.773    12.153     0.060         5
   345.252    12.105     0.060         5
   345.878    12.025     0.060         5
   346.354    11.969     0.060         5
   346.840    11.913     0.060         5
   347.308    11.853     0.060         5
   347.787    11.793     0.060         5
   348.255    11.749     0.060         5
   348.726    11.681     0.060         5
   348.890    11.669     0.060         5
   349.208    11.634     0.060         5
   349.681    11.569     0.060         5
   349.842    11.554     0.060         5
   350.322    11.498     0.060         5
   350.645    11.449     0.060         5
   379.952     6.024     0.060         7
   380.270     5.947     0.060         7
   380.746     5.855     0.060         7
   381.074     5.782     0.060         7
   381.388     5.726     0.060         7
   381.703     5.666     0.060         7
   382.020     5.614     0.060         7
   382.496     5.538     0.060         7
   382.811     5.490     0.060         7
   382.972     5.471     0.060         7
   383.286     5.419     0.060         7
   247.835    27.063     0.060         8
   249.547    26.709     0.060         8
   251.102    26.432     0.060         8
   252.045    26.194     0.060         8
   254.877    25.672     0.060         8
   256.433    25.363     0.060         8
   257.368    25.157     0.060         8
   258.640    24.929     0.060         8
   259.438    24.764     0.060         8
   260.390    24.538     0.060         8
   262.137    24.250     0.060         8
   263.272    24.058     0.060         8
   265.383    23.722     0.060         8
   266.862    23.561     0.060         8
   267.671    23.408     0.060         8
   268.801    23.220     0.060         8
   269.596    23.072     0.060         8
   270.876    22.860     0.060         8
   272.648    22.531     0.060         8
   273.454    22.395     0.060         8
   274.911    22.101     0.060         8
   276.398    21.820     0.060         8
   277.840    21.547     0.060         8
   278.810    21.404     0.060         8
   280.098    21.188     0.060         8
   282.021    20.835     0.060         8
   285.205    20.303     0.060         8
   286.326    20.119     0.060         8
   288.101    19.757     0.060         8
   290.526    19.386     0.060         8
   291.993    19.142     0.060         8
   293.882    18.892     0.060         8
   296.194    18.574     0.060         8
   298.040    18.414     0.060         8
   299.268    18.293     0.060         8
   299.874    18.222     0.060         8
   300.633    18.131     0.060         8
   301.863    18.005     0.060         8
   303.910    17.781     0.060         8
   305.471    17.570     0.060         8
   307.196    17.365     0.060         8
   308.759    17.171     0.060         8
   309.697    17.064     0.060         8
   310.944    16.922     0.060         8
   311.256    16.920     0.060         8
   312.204    16.830     0.060         8
   312.817    16.775     0.060         8
   313.443    16.704     0.060         8
   313.755    16.685     0.060         8
   391.234     3.013     0.060         9
   391.384     2.966     0.060         9
   391.545     2.903     0.060         9
   391.699     2.846     0.060         9
   391.860     2.772     0.060         9
   392.010     2.703     0.060         9
   392.172     2.636     0.060         9
   392.333     2.573     0.060         9
   392.497     2.498     0.060         9
   392.658     2.446     0.060         9
   392.808     2.384     0.060         9
   392.970     2.296     0.060         9
   393.131     2.222     0.060         9
   393.292     2.152     0.060         9
   365.110     9.926     0.060        10
   365.271     9.864     0.060        10
   365.424     9.828     0.060        10
   365.585     9.791     0.060        10
   365.750     9.752     0.060        10
   365.911     9.698     0.060        10
   366.064     9.671     0.060        10
   366.225     9.610     0.060        10
   366.386     9.552     0.060        10
   366.540     9.511     0.060        10
   366.701     9.464     0.060        10
   366.865     9.423     0.060        10
   367.016     9.364     0.060        10
   367.177     9.306     0.060        10
   367.341     9.265     0.060        10
   367.491     9.244     0.060        10
   367.655     9.173     0.060        10
   367.816     9.149     0.060        10
   367.967     9.084     0.060        10
   368.131     9.044     0.060        10
   368.292     8.993     0.060        10
   368.446     8.944     0.060        10
   368.607     8.878     0.060        10
   368.760     8.839     0.060        10
   368.921     8.811     0.060        10
   369.072     8.773     0.060        10
   369.236     8.717     0.060        10
   369.386     8.686     0.060        10
   369.550     8.638     0.060        10
   369.712     8.595     0.060        10
   369.862     8.560     0.060        10
   370.023     8.521     0.060        10
   370.187     8.467     0.060        10
   370.338     8.427     0.060        10
   370.499     8.399     0.060        10
   370.660     8.368     0.060        10
   370.811     8.314     0.060        10
   370.972     8.260     0.060        10
   371.122     8.260     0.060        10
   371.283     8.210     0.060        10
   371.444     8.153     0.060        10
   371.595     8.131     0.060        10
   371.756     8.084     0.060        10
   371.906     8.043     0.060        10
   372.068     7.992     0.060        10
   372.218     7.915     0.060        10
   372.379     7.890     0.060        10
   372.530     7.876     0.060        10
   372.691     7.808     0.060        10
   372.852     7.773     0.060        10
   373.013     7.734     0.060        10
   373.174     7.707     0.060        10
   373.338     7.652     0.060        10
   373.489     7.615     0.060        10
   373.653     7.565     0.060        10
   373.814     7.515     0.060        10
   373.978     7.487     0.060        10
   374.139     7.454     0.060        10
   374.290     7.414     0.060        10
   374.454     7.372     0.060        10
   374.615     7.340     0.060        10
   374.779     7.311     0.060        10
   374.943     7.278     0.060        10
   375.104     7.251     0.060        10
   375.268     7.195     0.060        10
   375.419     7.152     0.060        10
   375.583     7.109     0.060        10
   375.744     7.087     0.060        10
   375.908     6.997     0.060        10
   376.069     6.976     0.060        10
   376.220     6.927     0.060        10
   376.384     6.889     0.060        10
   376.545     6.847     0.060        10
   376.706     6.817     0.060        10
   376.870     6.767     0.060        10
   377.031     6.718     0.060        10
   377.192     6.656     0.060        10
   377.357     6.650     0.060        10
   377.518     6.594     0.060        10
   377.679     6.546     0.060        10
   377.843     6.489     0.060        10
   378.004     6.445     0.060        10
   378.168     6.385     0.060        10
   378.329     6.341     0.060        10
   378.501     6.293     0.060        10
   378.665     6.254     0.060        10
   378.826     6.208     0.060        10
   378.987     6.178     0.060        10
   379.141     6.129     0.060        10
   379.302     6.079     0.060        10
   379.466     6.019     0.060        10
   379.627     5.991     0.060        10
   379.791     5.942     0.060        10
   379.952     5.906     0.060        10
   380.106     5.862     0.060        10
   380.270     5.823     0.060        10
   380.431     5.794     0.060        10
   380.595     5.740     0.060        10
   380.746     5.703     0.060        10
   380.910     5.664     0.060        10
   381.074     5.630     0.060        10
   381.227     5.601     0.060        10
   381.388     5.557     0.060        10
   381.552     5.532     0.060        10
   381.703     5.500     0.060        10
   381.867     5.476     0.060        10
   382.020     5.426     0.060        10
   382.182     5.371     0.060        10
   382.343     5.334     0.060        10
   382.496     5.301     0.060        10
   382.657     5.234     0.060        10
   382.811     5.195     0.060        10
   382.972     5.156     0.060        10
   383.125     5.114     0.060        10
   383.286     5.065     0.060        10
   383.437     5.022     0.060        10
   383.590     4.979     0.060        10
   383.751     4.955     0.060        10
   383.905     4.920     0.060        10
   384.066     4.889     0.060        10
   384.219     4.843     0.060        10
   384.370     4.812     0.060        10
   384.534     4.790     0.060        10
   384.684     4.760     0.060        10
   384.848     4.718     0.060        10
   385.002     4.692     0.060        10
   385.163     4.673     0.060        10
   385.316     4.643     0.060        10
   385.467     4.626     0.060        10
   385.628     4.603     0.060        10
   385.781     4.555     0.060        10
   385.942     4.533     0.060        10
   386.096     4.494     0.060        10
   386.246     4.462     0.060        10
   386.397     4.425     0.060        10
   386.558     4.402     0.060        10
   386.711     4.376     0.060        10
   386.862     4.287     0.060        10
   387.012     4.248     0.060        10
   387.163     4.208     0.060        10
   387.327     4.141     0.060        10
   387.477     4.082     0.060        10
   387.631     4.023     0.060        10
   387.781     3.972     0.060        10
   387.942     3.912     0.060        10
   388.096     3.818     0.060        10
   388.246     3.765     0.060        10
   388.396     3.716     0.060        10
   388.558     3.660     0.060        10
   388.711     3.613     0.060        10
   388.872     3.568     0.060        10
   389.023     3.525     0.060        10
   389.184     3.486     0.060        10
   389.345     3.440     0.060        10
   389.509     3.398     0.060        10
   389.659     3.362     0.060        10
   389.821     3.324     0.060        10
   389.982     3.274     0.060        10
   390.135     3.236     0.060        10
   390.296     3.182     0.060        10
   390.447     3.148     0.060        10
   390.608     3.110     0.060        10
   390.758     3.086     0.060        10
   390.922     3.063     0.060        10
   392.970     3.568     0.060        11
   393.131     3.505     0.060        11
   393.292     3.446     0.060        11
   393.456     3.383     0.060        11
   393.617     3.327     0.060        11
   393.778     3.275     0.060        11
   393.939     3.219     0.060        11
   394.100     3.164     0.060        11
   394.262     3.111     0.060        11
   394.426     3.062     0.060        11
   394.587     3.017     0.060        11
   394.748     2.972     0.060        11
   394.909     2.933     0.060        11
   395.070     2.890     0.060        11
   395.231     2.859     0.060        11
   395.392     2.830     0.060        11
   395.557     2.814     0.060        11
   395.718     2.797     0.060        11
   395.879     2.780     0.060        11
   396.040     2.767     0.060        11
   396.201     2.762     0.060        11
   396.365     2.757     0.060        11
   396.525     2.749     0.060        11
   382.657     5.341     0.060        17
   383.125     5.236     0.060        17
   383.590     5.119     0.060        17
   384.066     5.027     0.060        17
   384.370     4.975     0.060        17
   384.684     4.927     0.060        17
   384.848     4.915     0.060        17
   385.316     4.860     0.060        17
   394.100     2.478     0.060        29
   394.262     2.416     0.060        29
   394.748     2.308     0.060        29
   394.909     2.262     0.060        29
   395.070     2.204     0.060        29
   395.231     2.178     0.060        29
   395.392     2.110     0.060        29
   395.557     2.074     0.060        29
   395.718     2.040     0.060        29
   395.879     2.015     0.060        29
   396.040     1.972     0.060        29
   396.201     1.969     0.060        29
   396.365     1.920     0.060        29
   396.525     1.903     0.060        29
   393.131     4.090     0.060        30
   393.292     4.074     0.060        30
   393.456     4.054     0.060        30
   393.617     4.022     0.060        30
   393.778     3.986     0.060        30
   393.939     3.981     0.060        30
   394.100     3.992     0.060        30
   394.262     3.952     0.060        30
   394.426     3.946     0.060        30
   394.587     3.919     0.060        30
   394.748     3.905     0.060        30
   394.909     3.903     0.060        30
   395.070     3.893     0.060        30
   395.231     3.871     0.060        30
   395.392     3.847     0.060        30
   395.557     3.817     0.060        30
   395.718     3.791     0.060        30
   395.879     3.761     0.060        30
   396.040     3.735     0.060        30
   396.201     3.718     0.060        30
   396.365     3.696     0.060        30
   396.525     3.665     0.060        30
   396.577     1.000     0.000         0
   396.687     0.900     0.060         1
   396.848     0.928     0.060         1
   397.009     0.969     0.060         1
   397.173     1.014     0.060         1
   397.334     1.066     0.060         1
   397.484     1.118     0.060         1
   397.646     1.159     0.060         1
   397.810     1.274     0.060         1
   397.960     1.320     0.060         1
   398.121     1.408     0.060         1
   398.285     1.473     0.060         1
   398.446     1.540     0.060         1
   398.600     1.624     0.060         1
   398.764     1.704     0.060         1
   398.928     1.788     0.060         1
   396.687     1.641     0.060         3
   396.848     1.673     0.060         3
   397.009     1.709     0.060         3
   405.842     4.498     0.060         5
   406.164     4.586     0.060         5
   406.325     4.624     0.060         5
   406.489     4.667     0.060         5
   406.972     4.747     0.060         5
   407.298     4.794     0.060         5
   407.469     4.807     0.060         5
   407.794     4.852     0.060         5
   408.117     4.904     0.060         5
   400.227     2.500     0.060        10
   400.391     2.561     0.060        10
   400.545     2.643     0.060        10
   400.709     2.713     0.060        10
   401.034     2.814     0.060        10
   401.359     2.908     0.060        10
   401.513     2.990     0.060        10
   401.677     3.047     0.060        10
   401.838     3.116     0.060        10
   402.481     3.341     0.060        10
   402.795     3.438     0.060        10
   403.120     3.544     0.060        10
   403.274     3.640     0.060        10
   403.435     3.681     0.060        10
   403.599     3.736     0.060        10
   403.749     3.793     0.060        10
   403.910     3.852     0.060        10
   404.072     3.915     0.060        10
   404.236     3.974     0.060        10
   404.386     4.041     0.060        10
   404.547     4.106     0.060        10
   404.711     4.171     0.060        10
   404.872     4.228     0.060        10
   405.033     4.265     0.060        10
   405.194     4.322     0.060        10
   405.359     4.380     0.060        10
   405.520     4.440     0.060        10
   396.687     2.758     0.060        11
   396.848     2.767     0.060        11
   397.009     2.788     0.060        11
   397.173     2.809     0.060        11
   397.334     2.819     0.060        11
   397.484     2.846     0.060        11
   397.646     2.872     0.060        11
   397.810     2.891     0.060        11
   397.960     2.934     0.060        11
   398.121     2.965     0.060        11
   398.285     3.008     0.060        11
   398.446     3.046     0.060        11
   398.600     3.104     0.060        11
   398.764     3.155     0.060        11
   398.928     3.216     0.060        11
   399.089     3.278     0.060        11
   399.253     3.323     0.060        11
   396.687     1.882     0.060        29
   396.848     1.876     0.060        29
   397.009     1.882     0.060        29
   396.687     3.634     0.060        30
   396.848     3.615     0.060        30
   397.009     3.600     0.060        30
   397.173     3.596     0.060        30
   397.334     3.593     0.060        30
   397.484     3.591     0.060        30
   397.646     3.592     0.060        30
   397.810     3.593     0.060        30
   397.960     3.592     0.060        30
   398.121     3.598     0.060        30
   398.285     3.611     0.060        30
   398.446     3.635     0.060        30
   398.600     3.671     0.060        30
   398.764     3.719     0.060        30
   398.928     3.751     0.060        30
     0.000     0.000     0.000        -1
