   150.731    -1.000     0.000         0
   147.042     3.000     0.060         1
   147.203     2.919     0.060         1
   147.354     2.842     0.060         1
   147.515     2.758     0.060         1
   147.679     2.687     0.060         1
   147.840     2.626     0.060         1
   148.002     2.545     0.060         1
   148.152     2.468     0.060         1
   148.317     2.424     0.060         1
   148.478     2.359     0.060         1
   148.642     2.288     0.060         1
   148.793     2.228     0.060         1
   148.954     2.187     0.060         1
   149.265     2.102     0.060         1
   149.430     2.057     0.060         1
   149.580     2.030     0.060         1
   149.744     2.018     0.060         1
   149.905     1.989     0.060         1
   150.059     1.959     0.060         1
   150.224     1.933     0.060         1
   150.374     1.911     0.060         1
   150.533     1.909     0.060         1
   150.681     1.899     0.060         1
    13.027    23.757     0.060         5
    13.978    23.612     0.060         5
    14.458    23.544     0.060         5
    15.270    23.419     0.060         5
    16.086    23.303     0.060         5
    16.738    23.211     0.060         5
    17.558    23.078     0.060         5
    18.182    22.998     0.060         5
    18.817    22.901     0.060         5
    19.753    22.769     0.060         5
    20.377    22.697     0.060         5
    20.843    22.632     0.060         5
    21.634    22.499     0.060         5
    22.401    22.386     0.060         5
    23.343    22.254     0.060         5
    24.290    22.117     0.060         5
    25.392    21.965     0.060         5
    26.167    21.852     0.060         5
    26.794    21.773     0.060         5
    27.593    21.656     0.060         5
    28.217    21.535     0.060         5
    29.019    21.426     0.060         5
    30.130    21.257     0.060         5
    31.552    21.061     0.060         5
    32.682    20.921     0.060         5
    33.643    20.768     0.060         5
    34.291    20.671     0.060         5
   102.298    10.770     0.060         5
   103.068    10.647     0.060         5
   103.684    10.565     0.060         5
   104.629    10.426     0.060         5
   104.947    10.385     0.060         5
   105.259    10.344     0.060         5
   106.042    10.217     0.060         5
   106.518    10.143     0.060         5
   106.680    10.137     0.060         5
   107.145    10.066     0.060         5
   107.457    10.014     0.060         5
   107.769     9.973     0.060         5
   108.084     9.927     0.060         5
   108.544     9.856     0.060         5
   108.856     9.810     0.060         5
   109.315     9.745     0.060         5
   109.641     9.700     0.060         5
   109.791     9.687     0.060         5
   110.418     9.588     0.060         5
   110.730     9.547     0.060         5
   111.354     9.449     0.060         5
   111.505     9.449     0.060         5
   111.666     9.436     0.060         5
   112.129     9.372     0.060         5
   112.290     9.365     0.060         5
   112.749     9.294     0.060         5
   113.051     9.270     0.060         5
   113.352     9.251     0.060         5
   113.833     9.165     0.060         5
   114.148     9.141     0.060         5
   114.470     9.111     0.060         5
   114.796     9.060     0.060         5
   115.119     9.030     0.060         5
   115.441     8.980     0.060         5
   115.925     8.905     0.060         5
   116.245     8.853     0.060         5
   116.557     8.812     0.060         5
   116.715     8.790     0.060         5
   117.027     8.749     0.060         5
   117.346     8.697     0.060         5
   117.497     8.673     0.060         5
   117.970     8.587     0.060         5
   118.131     8.559     0.060         5
   118.443     8.502     0.060         5
   118.766     8.455     0.060         5
   118.930     8.433     0.060         5
   119.242     8.386     0.060         5
   119.406     8.364     0.060         5
   119.729     8.334     0.060         5
   120.052     8.294     0.060         5
   120.535     8.247     0.060         5
   120.697     8.237     0.060         5
   120.858     8.231     0.060         5
   121.022     8.205     0.060         5
   121.183     8.195     0.060         5
   121.345     8.178     0.060         5
   121.509     8.165     0.060         5
   121.670     8.152     0.060         5
   121.832     8.131     0.060         5
   121.985     8.111     0.060         5
   122.147     8.095     0.060         5
   122.311     8.077     0.060         5
   122.472     8.058     0.060         5
   122.633     8.040     0.060         5
   122.798     8.026     0.060         5
   122.959     7.998     0.060         5
   123.110     7.966     0.060         5
   123.271     7.946     0.060         5
   123.422     7.916     0.060         5
   123.583     7.889     0.060         5
   123.733     7.859     0.060         5
   123.895     7.839     0.060         5
   124.045     7.809     0.060         5
   124.207     7.779     0.060         5
   124.368     7.753     0.060         5
   124.522     7.726     0.060         5
   124.686     7.704     0.060         5
   124.836     7.676     0.060         5
   124.998     7.652     0.060         5
   125.162     7.632     0.060         5
   125.313     7.600     0.060         5
   125.474     7.568     0.060         5
   125.635     7.536     0.060         5
   125.786     7.520     0.060         5
   125.947     7.492     0.060         5
   126.098     7.468     0.060         5
   126.248     7.434     0.060         5
   126.410     7.404     0.060         5
   126.560     7.387     0.060         5
   126.721     7.357     0.060         5
   126.872     7.345     0.060         5
   127.030     7.316     0.060         5
   127.181     7.288     0.060         5
   127.342     7.257     0.060         5
   127.493     7.231     0.060         5
   127.654     7.212     0.060         5
   127.805     7.191     0.060         5
   127.969     7.153     0.060         5
   128.120     7.116     0.060         5
   128.281     7.088     0.060         5
   128.445     7.060     0.060         5
   128.606     7.036     0.060         5
   128.771     7.004     0.060         5
   128.921     6.992     0.060         5
   129.086     6.968     0.060         5
   129.250     6.945     0.060         5
   129.411     6.917     0.060         5
   129.576     6.872     0.060         5
   129.737     6.841     0.060         5
   129.887     6.831     0.060         5
   130.052     6.812     0.060         5
   130.213     6.798     0.060         5
   130.377     6.772     0.060         5
   130.528     6.749     0.060         5
   130.692     6.728     0.060         5
   130.854     6.699     0.060         5
   131.018     6.682     0.060         5
   131.169     6.668     0.060         5
   131.330     6.628     0.060         5
   131.491     6.604     0.060         5
   131.655     6.584     0.060         5
   131.806     6.560     0.060         5
   131.970     6.536     0.060         5
   132.132     6.504     0.060         5
   132.296     6.480     0.060         5
   132.457     6.452     0.060         5
   132.621     6.423     0.060         5
   132.783     6.414     0.060         5
   132.947     6.389     0.060         5
   133.101     6.376     0.060         5
   133.262     6.350     0.060         5
   133.426     6.325     0.060         5
   133.587     6.288     0.060         5
   133.752     6.258     0.060         5
   133.913     6.236     0.060         5
   134.077     6.221     0.060         5
   134.239     6.195     0.060         5
   134.400     6.168     0.060         5
   134.564     6.154     0.060         5
   134.725     6.138     0.060         5
   134.890     6.110     0.060         5
   135.043     6.093     0.060         5
   135.205     6.081     0.060         5
   135.366     6.056     0.060         5
   135.530     6.030     0.060         5
   135.681     6.011     0.060         5
   135.842     5.997     0.060         5
   135.996     5.974     0.060         5
   136.157     5.953     0.060         5
   136.308     5.928     0.060         5
   136.472     5.903     0.060         5
   136.633     5.877     0.060         5
   136.787     5.842     0.060         5
   136.948     5.811     0.060         5
   137.099     5.784     0.060         5
   137.263     5.756     0.060         5
   137.424     5.729     0.060         5
   137.575     5.691     0.060         5
   137.739     5.652     0.060         5
   137.900     5.609     0.060         5
   138.051     5.588     0.060         5
   138.215     5.539     0.060         5
   138.366     5.503     0.060         5
   138.527     5.474     0.060         5
   138.689     5.453     0.060         5
   138.853     5.420     0.060         5
   139.003     5.392     0.060         5
   139.168     5.357     0.060         5
   139.329     5.322     0.060         5
   139.490     5.292     0.060         5
   139.655     5.261     0.060         5
   139.805     5.223     0.060         5
   139.966     5.192     0.060         5
   140.128     5.165     0.060         5
   140.292     5.132     0.060         5
   140.453     5.102     0.060         5
   140.615     5.081     0.060         5
   140.776     5.052     0.060         5
   140.930     5.015     0.060         5
   141.091     4.986     0.060         5
   141.252     4.944     0.060         5
   141.416     4.900     0.060         5
   141.739     4.831     0.060         5
   142.379     4.709     0.060        10
   142.541     4.663     0.060        10
   142.702     4.630     0.060        10
   142.866     4.588     0.060        10
   143.017     4.549     0.060        10
   143.178     4.514     0.060        10
   143.339     4.475     0.060        10
   143.504     4.425     0.060        10
   143.665     4.368     0.060        10
   143.826     4.324     0.060        10
   143.987     4.276     0.060        10
   144.149     4.229     0.060        10
   144.310     4.177     0.060        10
   144.474     4.133     0.060        10
   144.625     4.091     0.060        10
     3.880    25.773     0.060        12
     5.369    25.570     0.060        12
     7.308    25.326     0.060        12
     9.103    25.102     0.060        12
    10.879    24.838     0.060        12
    13.027    24.530     0.060        12
    15.109    24.270     0.060        12
    16.738    24.086     0.060        12
    18.655    23.846     0.060        12
    21.319    23.475     0.060        12
    23.031    23.223     0.060        12
    24.290    23.063     0.060        12
    26.016    22.788     0.060        12
    13.505    23.265     0.060        13
    14.458    23.145     0.060        13
    15.435    23.025     0.060        13
    16.248    22.921     0.060        13
    16.573    22.881     0.060        13
    17.558    22.757     0.060        13
    19.129    22.545     0.060        13
    19.602    22.496     0.060        13
    20.531    22.369     0.060        13
    21.785    22.224     0.060        13
     6.028    25.208     0.060        14
     7.308    25.029     0.060        14
     8.115    24.909     0.060        14
     9.267    24.745     0.060        14
    10.386    24.565     0.060        14
    11.544    24.402     0.060        14
    12.704    24.214     0.060        14
    13.978    24.038     0.060        14
    15.270    23.874     0.060        14
    17.235    23.571     0.060        14
    18.182    23.372     0.060        14
    19.129    23.275     0.060        14
    20.692    23.000     0.060        14
    22.401    22.764     0.060        14
    23.505    22.609     0.060        14
    24.760    22.433     0.060        14
    26.016    22.253     0.060        14
    27.267    22.057     0.060        14
    28.858    21.822     0.060        14
    30.610    21.523     0.060        14
    32.031    21.323     0.060        14
    33.317    21.104     0.060        14
    33.643    21.044     0.060        14
    35.107    20.820     0.060        14
   101.081    11.259     0.060        14
   101.536    11.191     0.060        14
   102.147    11.094     0.060        14
   102.917    10.989     0.060        14
   103.372    10.921     0.060        14
   103.988    10.829     0.060        14
   104.153    10.808     0.060        14
   104.947    10.684     0.060        14
   105.574    10.577     0.060        14
   106.042    10.525     0.060        14
   106.368    10.478     0.060        14
   106.830    10.413     0.060        14
   107.457    10.322     0.060        14
   108.084    10.229     0.060        14
   108.396    10.188     0.060        14
   108.694    10.140     0.060        14
   109.168    10.076     0.060        14
   109.479    10.030     0.060        14
   110.103     9.931     0.060        14
   110.418     9.891     0.060        14
   110.730     9.839     0.060        14
   111.193     9.779     0.060        14
   111.354     9.762     0.060        14
   112.129     9.667     0.060        14
   112.441     9.643     0.060        14
   112.749     9.619     0.060        14
   113.201     9.559     0.060        14
   113.510     9.535     0.060        14
   113.833     9.511     0.060        14
   114.470     9.430     0.060        14
   114.796     9.406     0.060        14
   115.280     9.327     0.060        14
   115.764     9.258     0.060        14
   116.086     9.206     0.060        14
   116.557     9.132     0.060        14
   116.876     9.086     0.060        14
   117.658     8.959     0.060        14
   117.970     8.913     0.060        14
   118.605     8.798     0.060        14
   119.081     8.712     0.060        14
   119.568     8.626     0.060        14
   119.729     8.607     0.060        14
   119.890     8.584     0.060        14
   120.052     8.584     0.060        14
   120.213     8.561     0.060        14
   120.374     8.554     0.060        14
   120.535     8.542     0.060        14
   120.697     8.527     0.060        14
   120.858     8.527     0.060        14
   121.022     8.499     0.060        14
   121.183     8.478     0.060        14
   121.345     8.458     0.060        14
   121.509     8.450     0.060        14
   121.670     8.430     0.060        14
   121.832     8.418     0.060        14
   121.985     8.403     0.060        14
   122.147     8.389     0.060        14
   122.311     8.375     0.060        14
   122.472     8.369     0.060        14
   122.633     8.345     0.060        14
   122.798     8.321     0.060        14
   122.959     8.293     0.060        14
   123.110     8.269     0.060        14
   123.271     8.237     0.060        14
   123.422     8.211     0.060        14
   123.583     8.186     0.060        14
   123.733     8.156     0.060        14
   123.895     8.126     0.060        14
   124.045     8.104     0.060        14
   124.207     8.070     0.060        14
   124.368     8.042     0.060        14
   124.522     8.014     0.060        14
   124.686     7.986     0.060        14
   124.836     7.962     0.060        14
   124.998     7.930     0.060        14
   125.162     7.902     0.060        14
   125.313     7.878     0.060        14
   125.474     7.858     0.060        14
   125.635     7.826     0.060        14
   125.786     7.802     0.060        14
   125.947     7.778     0.060        14
   126.098     7.750     0.060        14
   126.248     7.722     0.060        14
   126.410     7.698     0.060        14
   126.560     7.674     0.060        14
   126.721     7.654     0.060        14
   126.872     7.618     0.060        14
   127.030     7.598     0.060        14
   127.181     7.567     0.060        14
   127.342     7.535     0.060        14
   127.493     7.516     0.060        14
   127.654     7.492     0.060        14
   127.805     7.477     0.060        14
   127.969     7.445     0.060        14
   128.120     7.422     0.060        14
   128.281     7.395     0.060        14
   128.445     7.367     0.060        14
   128.606     7.340     0.060        14
   128.771     7.309     0.060        14
   128.921     7.290     0.060        14
   129.086     7.255     0.060        14
   129.250     7.236     0.060        14
   129.411     7.205     0.060        14
   129.576     7.190     0.060        14
   129.737     7.155     0.060        14
   129.887     7.140     0.060        14
   130.052     7.105     0.060        14
   130.213     7.082     0.060        14
   130.377     7.055     0.060        14
   130.528     7.030     0.060        14
   130.692     7.010     0.060        14
   130.854     6.977     0.060        14
   131.018     6.965     0.060        14
   131.169     6.928     0.060        14
   131.330     6.908     0.060        14
   131.491     6.875     0.060        14
   131.655     6.875     0.060        14
   131.806     6.846     0.060        14
   131.970     6.826     0.060        14
   132.132     6.801     0.060        14
   132.296     6.776     0.060        14
   132.457     6.758     0.060        14
   132.621     6.744     0.060        14
   132.783     6.715     0.060        14
   132.947     6.709     0.060        14
   133.101     6.679     0.060        14
   133.262     6.661     0.060        14
   133.426     6.635     0.060        14
   133.587     6.610     0.060        14
   133.752     6.593     0.060        14
   133.913     6.564     0.060        14
   134.077     6.544     0.060        14
   134.239     6.515     0.060        14
   134.400     6.494     0.060        14
   134.564     6.473     0.060        14
   134.725     6.452     0.060        14
   134.890     6.419     0.060        14
   135.043     6.404     0.060        14
   135.205     6.386     0.060        14
   135.366     6.359     0.060        14
   135.530     6.341     0.060        14
   135.681     6.314     0.060        14
   135.842     6.296     0.060        14
   135.996     6.270     0.060        14
   136.157     6.248     0.060        14
   136.308     6.222     0.060        14
   136.472     6.196     0.060        14
   136.633     6.171     0.060        14
   136.787     6.145     0.060        14
   136.948     6.119     0.060        14
   137.099     6.101     0.060        14
   137.263     6.076     0.060        14
   137.424     6.046     0.060        14
   137.575     6.021     0.060        14
   137.739     5.992     0.060        14
   137.900     5.963     0.060        14
   138.051     5.947     0.060        14
   138.215     5.894     0.060        14
   138.366     5.846     0.060        14
   138.527     5.826     0.060        14
   138.689     5.791     0.060        14
   138.853     5.757     0.060        14
   139.003     5.723     0.060        14
   139.168     5.692     0.060        14
   139.329     5.662     0.060        14
   139.490     5.627     0.060        14
   139.655     5.598     0.060        14
   139.805     5.573     0.060        14
   139.966     5.543     0.060        14
   140.128     5.514     0.060        14
   140.292     5.476     0.060        14
   140.453     5.439     0.060        14
   140.615     5.406     0.060        14
   140.776     5.371     0.060        14
   140.930     5.336     0.060        14
   141.091     5.304     0.060        14
   141.252     5.281     0.060        14
   141.416     5.249     0.060        14
   141.578     5.202     0.060        14
    75.143    25.254     0.060        24
    76.057    25.026     0.060        24
    76.992    24.780     0.060        24
    77.608    24.638     0.060        24
    79.009    24.276     0.060        24
    79.620    24.115     0.060        24
    80.394    23.904     0.060        24
    81.628    23.596     0.060        24
    83.354    23.136     0.060        24
    84.285    22.904     0.060        24
    85.865    22.478     0.060        24
    86.807    22.256     0.060        24
    87.444    22.075     0.060        24
    88.071    21.894     0.060        24
    88.852    21.716     0.060        24
    89.164    21.649     0.060        24
    90.098    21.431     0.060        24
   103.684    17.847     0.060        24
   104.314    17.675     0.060        24
   105.892    17.253     0.060        24
   106.518    17.097     0.060        24
   107.457    16.861     0.060        24
   108.694    16.547     0.060        24
   109.791    16.265     0.060        24
   110.580    16.063     0.060        24
   111.193    15.929     0.060        24
   111.978    15.724     0.060        24
   112.290    15.641     0.060        24
   112.900    15.475     0.060        24
   113.833    15.236     0.060        24
   114.309    15.105     0.060        24
   114.470    15.061     0.060        24
   115.280    14.854     0.060        24
   115.764    14.753     0.060        24
   119.242    13.913     0.060        24
   119.890    13.735     0.060        24
   120.535    13.552     0.060        24
   121.022    13.404     0.060        24
   121.985    13.140     0.060        24
   122.959    12.867     0.060        24
   123.733    12.633     0.060        24
   124.686    12.352     0.060        24
   125.162    12.208     0.060        24
   125.635    12.047     0.060        24
   125.786    12.022     0.060        24
   125.947    11.974     0.060        24
   126.098    11.916     0.060        24
   126.248    11.867     0.060        24
   126.410    11.830     0.060        24
   126.560    11.775     0.060        24
   126.721    11.750     0.060        24
   126.872    11.723     0.060        24
   127.030    11.607     0.060        24
   127.181    11.580     0.060        24
   127.342    11.547     0.060        24
   127.493    11.500     0.060        24
   127.654    11.450     0.060        24
   127.805    11.411     0.060        24
   127.969    11.354     0.060        24
   128.120    11.322     0.060        24
   128.281    11.280     0.060        24
   128.445    11.235     0.060        24
   128.606    11.197     0.060        24
   128.771    11.156     0.060        24
   128.921    11.110     0.060        24
   129.086    11.065     0.060        24
   129.250    11.021     0.060        24
   129.411    10.969     0.060        24
   129.576    10.924     0.060        24
   129.737    10.851     0.060        24
   129.887    10.797     0.060        24
   130.854    10.555     0.060        24
   131.970    10.217     0.060        24
   132.947     9.958     0.060        24
   134.077     9.636     0.060        24
   135.043     9.377     0.060        24
   135.842     9.119     0.060        24
   138.366     6.722     0.060        29
   138.527     6.660     0.060        29
   138.689     6.609     0.060        29
   138.853     6.563     0.060        29
   139.003     6.526     0.060        29
   139.168     6.459     0.060        29
   139.329     6.370     0.060        29
   139.490     6.318     0.060        29
   139.655     6.262     0.060        29
   139.805     6.200     0.060        29
   139.966     6.134     0.060        29
   140.128     6.067     0.060        29
   140.292     6.009     0.060        29
   140.453     5.948     0.060        29
   140.615     5.876     0.060        29
   140.776     5.821     0.060        29
   140.930     5.780     0.060        29
   141.091     5.735     0.060        29
   137.424     6.690     0.060        30
   137.575     6.640     0.060        30
   137.739     6.528     0.060        30
   137.900     6.460     0.060        30
   138.051     6.409     0.060        30
   138.215     6.346     0.060        30
   138.366     6.292     0.060        30
   138.527     6.237     0.060        30
   138.689     6.178     0.060        30
   138.853     6.118     0.060        30
   139.003     6.062     0.060        30
   139.168     6.002     0.060        30
   139.329     5.951     0.060        30
   139.490     5.896     0.060        30
   139.655     5.841     0.060        30
   139.805     5.780     0.060        30
   139.966     5.722     0.060        30
   140.128     5.659     0.060        30
   140.292     5.596     0.060        30
   140.453     5.534     0.060        30
   140.615     5.474     0.060        30
   140.776     5.414     0.060        30
   140.930     5.360     0.060        30
   141.091     5.302     0.060        30
   141.252     5.253     0.060        30
   141.416     5.199     0.060        30
   141.578     5.150     0.060        30
   141.739     5.096     0.060        30
   150.731     1.000     0.000         0
   150.855     1.931     0.060         1
   151.005     1.946     0.060         1
   151.155     1.989     0.060         1
   151.309     2.013     0.060         1
   151.470     2.041     0.060         1
   151.623     2.065     0.060         1
   151.777     2.083     0.060         1
   151.930     2.130     0.060         1
   152.092     2.164     0.060         1
   152.245     2.209     0.060         1
   152.399     2.279     0.060         1
   152.553     2.367     0.060         1
   152.717     2.418     0.060         1
   152.871     2.472     0.060         1
   153.022     2.532     0.060         1
   153.175     2.600     0.060         1
   153.329     2.673     0.060         1
   216.585    13.066     0.060         5
   217.691    13.306     0.060         5
   218.455    13.490     0.060         5
   218.902    13.627     0.060         5
   219.591    13.799     0.060         5
   219.871    13.894     0.060         5
   220.414    14.020     0.060         5
   220.680    14.101     0.060         5
   221.096    14.210     0.060         5
   221.639    14.364     0.060         5
   221.927    14.468     0.060         5
   222.344    14.605     0.060         5
   222.774    14.789     0.060         5
   222.925    14.879     0.060         5
   223.355    15.063     0.060         5
   223.785    15.191     0.060         5
   224.366    15.353     0.060         5
   224.517    15.423     0.060         5
   225.238    15.609     0.060         5
   225.829    15.765     0.060         5
   226.123    15.822     0.060         5
   226.564    15.926     0.060         5
   227.145    16.060     0.060         5
   227.586    16.150     0.060         5
   227.876    16.217     0.060         5
   228.460    16.345     0.060         5
   228.887    16.423     0.060         5
   229.745    16.567     0.060         5
   230.575    16.716     0.060         5
   230.992    16.784     0.060         5
   231.850    16.906     0.060         5
   232.407    17.004     0.060         5
   233.124    17.138     0.060         5
   234.388    17.343     0.060         5
   235.378    17.482     0.060         5
   235.948    17.599     0.060         5
   237.099    17.743     0.060         5
   237.540    17.825     0.060         5
   250.162    19.736     0.060         5
   250.938    19.817     0.060         5
   251.881    19.922     0.060         5
   252.680    20.007     0.060         5
   253.327    20.057     0.060         5
   254.878    20.204     0.060         5
   255.498    20.254     0.060         5
   251.881    21.574     0.060         8
   252.198    21.573     0.060         8
   252.680    21.558     0.060         8
   253.173    21.574     0.060         8
   253.634    21.602     0.060         8
   254.257    21.613     0.060         8
   255.348    21.688     0.060         8
   255.498    21.685     0.060         8
   255.971    21.726     0.060         8
   256.896    21.816     0.060         8
   257.369    21.823     0.060         8
   257.519    21.824     0.060         8
   257.842    21.837     0.060         8
   258.328    21.835     0.060         8
   258.640    21.806     0.060         8
   258.801    21.802     0.060         8
   258.965    21.790     0.060         8
   259.438    21.827     0.060         8
   259.753    21.817     0.060         8
   260.068    21.816     0.060         8
   260.551    21.830     0.060         8
   260.863    21.816     0.060         8
   261.339    21.790     0.060         8
   261.490    21.788     0.060         8
   262.137    21.817     0.060         8
   263.272    21.893     0.060         8
   263.745    21.963     0.060         8
   264.400    22.025     0.060         8
   265.383    22.133     0.060         8
   266.537    22.240     0.060         8
   267.024    22.292     0.060         8
   267.346    22.292     0.060         8
   267.833    22.316     0.060         8
   268.637    22.396     0.060         8
   268.801    22.401     0.060         8
   269.119    22.411     0.060         8
   269.429    22.416     0.060         8
   269.917    22.468     0.060         8
   270.394    22.473     0.060         8
   270.712    22.469     0.060         8
   271.204    22.516     0.060         8
   271.837    22.517     0.060         8
   272.648    22.587     0.060         8
   273.293    22.592     0.060         8
   274.260    22.665     0.060         8
   274.747    22.694     0.060         8
   275.072    22.691     0.060         8
   275.573    22.717     0.060         8
   276.226    22.735     0.060         8
   276.886    22.777     0.060         8
   277.367    22.810     0.060         8
   277.679    22.806     0.060         8
   278.323    22.839     0.060         8
   278.974    22.882     0.060         8
   279.772    22.906     0.060         8
   280.413    22.944     0.060         8
   281.056    22.996     0.060         8
   281.381    23.005     0.060         8
   282.021    23.081     0.060         8
   282.812    23.148     0.060         8
   283.452    23.209     0.060         8
   284.089    23.276     0.060         8
   284.729    23.328     0.060         8
   285.530    23.413     0.060         8
   286.327    23.484     0.060         8
   286.813    23.526     0.060         8
   287.303    23.578     0.060         8
   287.940    23.639     0.060         8
   288.262    23.663     0.060         8
   289.065    23.725     0.060         8
   289.717    23.814     0.060         8
   289.879    23.814     0.060         8
   290.688    23.915     0.060         8
   291.343    23.972     0.060         8
   291.994    24.048     0.060         8
   292.784    24.144     0.060         8
   294.032    24.339     0.060         8
   295.428    24.579     0.060         8
   296.194    24.698     0.060         8
   296.963    24.810     0.060         8
   298.357    25.018     0.060         8
   300.024    25.250     0.060         8
   301.701    25.482     0.060         8
   303.128    25.693     0.060         8
   304.371    25.881     0.060         8
   306.094    26.101     0.060         8
   307.350    26.269     0.060         8
   309.074    26.481     0.060         8
   154.246     3.027     0.060        10
   154.543     3.116     0.060        10
   155.004     3.234     0.060        10
   155.158     3.299     0.060        10
   155.312     3.360     0.060        10
   155.466     3.393     0.060        10
   155.620     3.458     0.060        10
   155.770     3.491     0.060        10
   250.469    22.536     0.060        12
   250.785    22.500     0.060        12
   251.727    22.568     0.060        12
   252.198    22.560     0.060        12
   252.845    22.602     0.060        12
   253.327    22.638     0.060        12
   253.795    22.626     0.060        12
   254.257    22.662     0.060        12
   255.036    22.724     0.060        12
   255.348    22.732     0.060        12
   255.659    22.784     0.060        12
   255.971    22.770     0.060        12
   256.584    22.786     0.060        12
   257.369    22.848     0.060        12
   258.479    22.882     0.060        12
   258.640    22.840     0.060        12
   258.801    22.868     0.060        12
   259.753    22.896     0.060        12
   260.551    22.918     0.060        12
   260.863    22.904     0.060        12
   261.812    22.928     0.060        12
   262.299    22.924     0.060        12
   262.785    22.894     0.060        12
   263.583    22.916     0.060        12
   264.242    22.918     0.060        12
   264.561    22.926     0.060        12
   265.053    22.940     0.060        12
   265.713    22.986     0.060        12
   266.698    23.040     0.060        12
   267.185    23.054     0.060        12
   268.319    23.110     0.060        12
   268.801    23.106     0.060        12
   269.596    23.216     0.060        12
   270.558    23.288     0.060        12
   271.204    23.286     0.060        12
   272.162    23.336     0.060        12
   272.971    23.380     0.060        12
   273.777    23.428     0.060        12
   274.260    23.464     0.060        12
   274.747    23.390     0.060        12
   275.737    23.448     0.060        12
   276.728    23.546     0.060        12
   277.206    23.560     0.060        12
   277.840    23.620     0.060        12
   279.447    23.712     0.060        12
   279.611    23.718     0.060        12
   280.098    23.754     0.060        12
   281.381    23.860     0.060        12
   282.333    23.928     0.060        12
   283.928    24.042     0.060        12
   284.565    24.124     0.060        12
   286.012    24.170     0.060        12
   287.940    24.358     0.060        12
   288.743    24.402     0.060        12
   290.201    24.536     0.060        12
   290.688    24.620     0.060        12
   293.099    24.976     0.060        12
   293.567    25.052     0.060        12
   295.578    25.344     0.060        12
   296.662    25.590     0.060        12
   298.193    25.824     0.060        12
   299.268    26.004     0.060        12
   300.178    26.156     0.060        12
   300.934    26.280     0.060        12
   216.852    13.600     0.060        14
   217.691    13.778     0.060        14
   218.148    13.899     0.060        14
   218.762    14.040     0.060        14
   219.185    14.141     0.060        14
   219.731    14.274     0.060        14
   220.277    14.449     0.060        14
   220.680    14.570     0.060        14
   220.957    14.709     0.060        14
   221.500    14.929     0.060        14
   222.067    15.108     0.060        14
   222.494    15.250     0.060        14
   222.925    15.384     0.060        14
   223.495    15.566     0.060        14
   223.936    15.685     0.060        14
   224.366    15.806     0.060        14
   225.238    16.056     0.060        14
   225.972    16.226     0.060        14
   227.005    16.419     0.060        14
   227.876    16.596     0.060        14
   228.608    16.753     0.060        14
   229.178    16.845     0.060        14
   230.022    17.014     0.060        14
     0.000     0.000     0.000        -1
