   357.449    -1.000     0.000         0
   354.740     2.126     0.060         1
   354.901     2.032     0.060         1
   355.054     1.954     0.060         1
   355.215     1.877     0.060         1
   355.369     1.812     0.060         1
   355.530     1.726     0.060         1
   355.683     1.667     0.060         1
   355.834     1.637     0.060         1
   355.998     1.563     0.060         1
   356.149     1.516     0.060         1
   356.313     1.470     0.060         1
   356.463     1.413     0.060         1
   356.624     1.367     0.060         1
   356.788     1.336     0.060         1
   356.939     1.312     0.060         1
   357.103     1.297     0.060         1
   357.263     1.285     0.060         1
   357.417     1.283     0.060         1
   355.530     2.081     0.060         3
   355.683     2.044     0.060         3
   355.834     2.020     0.060         3
   355.998     1.972     0.060         3
   356.149     1.946     0.060         3
   356.463     1.903     0.060         3
   356.788     1.868     0.060         3
   357.103     1.849     0.060         3
   357.417     1.831     0.060         3
   305.632    10.683     0.060         5
   306.420    10.578     0.060         5
   307.046    10.487     0.060         5
   307.662    10.423     0.060         5
   308.598    10.293     0.060         5
   309.225    10.242     0.060         5
   310.482    10.073     0.060         5
   311.256     9.985     0.060         5
   312.505     9.817     0.060         5
   312.978     9.759     0.060         5
   313.293     9.724     0.060         5
   313.755     9.666     0.060         5
   314.070     9.619     0.060         5
   314.532     9.573     0.060         5
   314.693     9.557     0.060         5
   315.005     9.522     0.060         5
   315.155     9.522     0.060         5
   315.467     9.487     0.060         5
   315.929     9.429     0.060         5
   316.556     9.356     0.060         5
   316.878     9.310     0.060         5
   317.351     9.242     0.060         5
   317.834     9.153     0.060         5
   317.995     9.163     0.060         5
   318.482     9.100     0.060         5
   318.793     9.072     0.060         5
   319.277     9.015     0.060         5
   319.747     8.953     0.060         5
   320.220     8.898     0.060         5
   320.835     8.831     0.060         5
   321.139     8.791     0.060         5
   321.755     8.703     0.060         5
   322.370     8.628     0.060         5
   322.836     8.570     0.060         5
   323.150     8.537     0.060         5
   323.605     8.467     0.060         5
   323.755     8.455     0.060         5
   324.056     8.407     0.060         5
   324.672     8.320     0.060         5
   324.976     8.274     0.060         5
   325.599     8.170     0.060         5
   325.922     8.130     0.060         5
   326.384     8.060     0.060         5
   326.853     7.991     0.060         5
   327.165     7.939     0.060         5
   327.477     7.893     0.060         5
   327.799     7.874     0.060         5
   328.266     7.831     0.060         5
   328.424     7.817     0.060         5
   328.585     7.796     0.060         5
   328.732     7.784     0.060         5
   328.890     7.756     0.060         5
   329.048     7.732     0.060         5
   329.196     7.708     0.060         5
   329.357     7.682     0.060         5
   329.504     7.660     0.060         5
   329.669     7.628     0.060         5
   329.819     7.597     0.060         5
   329.970     7.575     0.060         5
   330.123     7.561     0.060         5
   330.284     7.539     0.060         5
   330.435     7.517     0.060         5
   330.588     7.493     0.060         5
   330.749     7.459     0.060         5
   330.903     7.453     0.060         5
   331.053     7.443     0.060         5
   331.207     7.428     0.060         5
   331.371     7.408     0.060         5
   331.525     7.378     0.060         5
   331.675     7.348     0.060         5
   331.829     7.338     0.060         5
   331.993     7.312     0.060         5
   332.146     7.304     0.060         5
   332.297     7.290     0.060         5
   332.450     7.264     0.060         5
   332.604     7.240     0.060         5
   332.768     7.240     0.060         5
   332.922     7.208     0.060         5
   333.072     7.172     0.060         5
   333.226     7.171     0.060         5
   333.369     7.141     0.060         5
   333.522     7.131     0.060         5
   333.676     7.107     0.060         5
   333.826     7.083     0.060         5
   333.980     7.061     0.060         5
   334.133     7.053     0.060         5
   334.284     7.017     0.060         5
   334.437     6.997     0.060         5
   334.591     6.963     0.060         5
   334.741     6.949     0.060         5
   334.905     6.921     0.060         5
   335.059     6.899     0.060         5
   335.223     6.881     0.060         5
   335.373     6.843     0.060         5
   335.535     6.833     0.060         5
   335.688     6.812     0.060         5
   335.852     6.788     0.060         5
   336.003     6.768     0.060         5
   336.167     6.744     0.060         5
   336.328     6.732     0.060         5
   336.492     6.704     0.060         5
   336.646     6.676     0.060         5
   336.807     6.656     0.060         5
   336.971     6.626     0.060         5
   337.135     6.583     0.060         5
   337.289     6.557     0.060         5
   337.453     6.536     0.060         5
   337.606     6.502     0.060         5
   337.770     6.480     0.060         5
   337.931     6.430     0.060         5
   338.096     6.401     0.060         5
   338.246     6.371     0.060         5
   338.407     6.337     0.060         5
   338.558     6.291     0.060         5
   338.719     6.269     0.060         5
   338.880     6.251     0.060         5
   339.041     6.205     0.060         5
   339.202     6.181     0.060         5
   339.353     6.142     0.060         5
   339.514     6.102     0.060         5
   339.675     6.066     0.060         5
   339.833     6.026     0.060         5
   339.984     5.988     0.060         5
   340.145     5.968     0.060         5
   340.306     5.944     0.060         5
   340.453     5.902     0.060         5
   340.615     5.868     0.060         5
   340.773     5.819     0.060         5
   340.934     5.780     0.060         5
   341.092     5.756     0.060         5
   341.253     5.728     0.060         5
   341.403     5.701     0.060         5
   341.568     5.670     0.060         5
   341.718     5.647     0.060         5
   341.882     5.625     0.060         5
   342.046     5.599     0.060         5
   342.197     5.577     0.060         5
   342.361     5.547     0.060         5
   342.522     5.515     0.060         5
   342.686     5.491     0.060         5
   342.840     5.459     0.060         5
   343.001     5.431     0.060         5
   343.165     5.407     0.060         5
   343.329     5.385     0.060         5
   343.490     5.361     0.060         5
   343.655     5.331     0.060         5
   343.819     5.317     0.060         5
   343.980     5.291     0.060         5
   344.133     5.284     0.060         5
   344.295     5.258     0.060         5
   344.459     5.228     0.060         5
   344.612     5.194     0.060         5
   344.773     5.165     0.060         5
   344.927     5.135     0.060         5
   345.091     5.105     0.060         5
   345.252     5.079     0.060         5
   345.403     5.049     0.060         5
   345.564     5.020     0.060         5
   345.728     4.999     0.060         5
   345.878     4.970     0.060         5
   346.039     4.941     0.060         5
   346.204     4.912     0.060         5
   346.354     4.887     0.060         5
   346.515     4.870     0.060         5
   346.679     4.845     0.060         5
   238.885    22.075     0.060         8
   239.504    21.975     0.060         8
   240.134    21.867     0.060         8
   241.055    21.715     0.060         8
   241.507    21.664     0.060         8
   242.273    21.560     0.060         8
   243.282    21.434     0.060         8
   244.162    21.286     0.060         8
   244.930    21.174     0.060         8
   245.239    21.134     0.060         8
   245.975    21.019     0.060         8
   246.734    20.899     0.060         8
   247.671    20.751     0.060         8
   248.147    20.671     0.060         8
   248.921    20.543     0.060         8
   249.708    20.411     0.060         8
   250.316    20.311     0.060         8
   251.103    20.163     0.060         8
   251.727    20.050     0.060         8
   252.680    19.878     0.060         8
   253.327    19.720     0.060         8
   254.096    19.568     0.060         8
   254.727    19.427     0.060         8
   255.348    19.290     0.060         8
   255.810    19.172     0.060         8
   256.584    19.011     0.060         8
   257.207    18.883     0.060         8
   257.681    18.770     0.060         8
   258.802    18.540     0.060         8
   259.116    18.480     0.060         8
   259.278    18.456     0.060         8
   259.592    18.371     0.060         8
   260.068    18.275     0.060         8
   260.552    18.195     0.060         8
   261.014    18.115     0.060         8
   261.977    18.012     0.060         8
   262.138    18.001     0.060         8
   262.947    17.877     0.060         8
   263.433    17.814     0.060         8
   264.242    17.702     0.060         8
   264.734    17.618     0.060         8
   265.552    17.491     0.060         8
   266.376    17.355     0.060         8
   266.863    17.283     0.060         8
   267.346    17.191     0.060         8
   268.158    17.059     0.060         8
   268.802    16.926     0.060         8
   269.276    16.838     0.060         8
   269.750    16.741     0.060         8
   270.712    16.540     0.060         8
   271.519    16.367     0.060         8
   271.998    16.254     0.060         8
   272.324    16.173     0.060         8
   272.810    16.076     0.060         8
   273.294    15.996     0.060         8
   273.777    15.916     0.060         8
   274.261    15.824     0.060         8
   274.422    15.792     0.060         8
   275.237    15.648     0.060         8
   276.063    15.508     0.060         8
   276.399    15.452     0.060         8
   277.048    15.344     0.060         8
   277.679    15.223     0.060         8
   278.488    15.079     0.060         8
   279.286    14.939     0.060         8
   279.934    14.831     0.060         8
   280.413    14.751     0.060         8
   281.217    14.619     0.060         8
   282.022    14.491     0.060         8
   282.812    14.359     0.060         8
   283.764    14.174     0.060         8
   284.891    13.961     0.060         8
   285.531    13.833     0.060         8
   286.174    13.716     0.060         8
   286.814    13.592     0.060         8
   287.139    13.540     0.060         8
   287.940    13.429     0.060         8
   288.743    13.313     0.060         8
   289.718    13.182     0.060         8
   290.527    13.091     0.060         8
   291.343    12.980     0.060         8
   292.309    12.899     0.060         8
   292.785    12.880     0.060         8
   293.414    12.838     0.060         8
   294.033    12.804     0.060         8
   294.498    12.766     0.060         8
   295.278    12.679     0.060         8
   296.044    12.609     0.060         8
   297.117    12.519     0.060         8
   297.736    12.473     0.060         8
   298.358    12.427     0.060         8
   299.268    12.324     0.060         8
   299.874    12.282     0.060         8
   300.332    12.264     0.060         8
   300.783    12.221     0.060         8
   301.382    12.170     0.060         8
   301.863    12.173     0.060         8
   302.333    12.179     0.060         8
   302.816    12.132     0.060         8
   303.437    12.078     0.060         8
   303.749    12.075     0.060         8
   304.060    12.064     0.060         8
   348.726     4.310     0.060        10
   348.891     4.245     0.060        10
   349.044     4.167     0.060        10
   349.208     4.108     0.060        10
   349.359     4.090     0.060        10
   349.520     4.021     0.060        10
   349.681     3.968     0.060        10
   349.842     3.899     0.060        10
   350.003     3.838     0.060        10
   350.164     3.785     0.060        10
   350.323     3.741     0.060        10
   350.484     3.688     0.060        10
   350.645     3.635     0.060        10
   350.792     3.590     0.060        10
   350.953     3.546     0.060        10
   351.115     3.464     0.060        10
   351.273     3.436     0.060        10
   351.434     3.379     0.060        10
   351.584     3.321     0.060        10
   351.745     3.257     0.060        10
   351.906     3.193     0.060        10
   352.068     3.129     0.060        10
   352.229     3.066     0.060        10
   352.393     3.011     0.060        10
   352.554     2.960     0.060        10
   352.704     2.902     0.060        10
   352.865     2.838     0.060        10
   353.016     2.802     0.060        10
   353.177     2.737     0.060        10
   353.331     2.676     0.060        10
   353.492     2.610     0.060        10
   353.642     2.553     0.060        10
   223.065    24.040     0.060        13
   224.076    23.921     0.060        13
   224.657    23.874     0.060        13
   225.389    23.784     0.060        13
   226.123    23.702     0.060        13
   226.855    23.573     0.060        13
   228.318    23.395     0.060        13
   229.746    23.208     0.060        13
   230.576    23.123     0.060        13
   231.560    23.003     0.060        13
   232.267    22.899     0.060        13
   233.125    22.793     0.060        13
   233.692    22.734     0.060        13
   234.389    22.630     0.060        13
   235.239    22.503     0.060        13
   235.669    22.468     0.060        13
   236.522    22.377     0.060        13
   236.812    22.329     0.060        13
   237.390    22.247     0.060        13
   238.423    22.123     0.060        13
   357.449     1.000     0.000         0
   357.579     1.294     0.060         1
   357.742     1.318     0.060         1
   357.896     1.338     0.060         1
   358.057     1.370     0.060         1
   358.210     1.410     0.060         1
   358.374     1.442     0.060         1
   358.535     1.503     0.060         1
   358.700     1.550     0.060         1
   358.861     1.605     0.060         1
   359.014     1.699     0.060         1
   359.178     1.769     0.060         1
   359.339     1.846     0.060         1
   359.504     1.927     0.060         1
   359.665     1.988     0.060         1
   359.818     2.078     0.060         1
   359.979     2.156     0.060         1
   357.742     1.868     0.060         3
   357.896     1.890     0.060         3
   358.210     1.953     0.060         3
   358.374     1.997     0.060         3
   358.535     2.053     0.060         3
   367.966     5.432     0.060         5
   368.130     5.472     0.060         5
   368.292     5.512     0.060         5
   368.445     5.556     0.060         5
   368.606     5.597     0.060         5
   368.760     5.647     0.060         5
   368.921     5.680     0.060         5
   369.071     5.722     0.060         5
   369.235     5.752     0.060         5
   369.386     5.793     0.060         5
   369.550     5.819     0.060         5
   369.711     5.845     0.060         5
   369.861     5.874     0.060         5
   370.023     5.904     0.060         5
   370.187     5.938     0.060         5
   370.337     5.976     0.060         5
   370.498     6.009     0.060         5
   370.659     6.043     0.060         5
   370.810     6.065     0.060         5
   370.971     6.095     0.060         5
   371.121     6.120     0.060         5
   371.283     6.145     0.060         5
   371.444     6.175     0.060         5
   371.594     6.199     0.060         5
   371.755     6.222     0.060         5
   371.906     6.246     0.060         5
   372.067     6.262     0.060         5
   372.217     6.286     0.060         5
   372.379     6.304     0.060         5
   372.529     6.322     0.060         5
   372.690     6.351     0.060         5
   372.851     6.374     0.060         5
   373.012     6.402     0.060         5
   373.174     6.415     0.060         5
   373.338     6.445     0.060         5
   373.488     6.455     0.060         5
   373.652     6.470     0.060         5
   373.813     6.478     0.060         5
   373.977     6.498     0.060         5
   374.139     6.519     0.060         5
   374.289     6.546     0.060         5
   374.453     6.576     0.060         5
   374.614     6.602     0.060         5
   374.778     6.615     0.060         5
   375.104     6.676     0.060         5
   375.418     6.721     0.060         5
   375.743     6.773     0.060         5
   376.069     6.827     0.060         5
   376.383     6.877     0.060         5
   376.705     6.925     0.060         5
   376.870     6.950     0.060         5
   377.356     7.026     0.060         5
   377.678     7.074     0.060         5
   377.842     7.110     0.060         5
   378.167     7.151     0.060         5
   378.500     7.188     0.060         5
   378.826     7.224     0.060         5
   379.140     7.246     0.060         5
   379.301     7.251     0.060         5
   379.465     7.263     0.060         5
   379.791     7.281     0.060         5
   379.952     7.279     0.060         5
   380.105     7.291     0.060         5
   380.430     7.290     0.060         5
   380.594     7.285     0.060         5
   380.909     7.305     0.060         5
   381.227     7.324     0.060         5
   381.866     7.346     0.060         5
   382.181     7.361     0.060         5
   382.495     7.379     0.060         5
   382.657     7.386     0.060         5
   382.810     7.388     0.060         5
   383.125     7.400     0.060         5
   383.436     7.426     0.060         5
   383.751     7.443     0.060         5
   383.904     7.449     0.060         5
   384.219     7.481     0.060         5
   384.684     7.526     0.060         5
   384.848     7.545     0.060         5
   385.466     7.601     0.060         5
   385.942     7.649     0.060         5
   386.396     7.700     0.060         5
   386.711     7.736     0.060         5
   387.162     7.792     0.060         5
   387.477     7.829     0.060         5
   387.630     7.848     0.060         5
   387.781     7.876     0.060         5
   387.942     7.892     0.060         5
   388.246     7.946     0.060         5
   388.396     7.972     0.060         5
   388.711     8.030     0.060         5
   388.872     8.082     0.060         5
   389.345     8.171     0.060         5
   389.659     8.240     0.060         5
   389.820     8.281     0.060         5
   390.135     8.342     0.060         5
   390.296     8.379     0.060         5
   390.446     8.411     0.060         5
   390.607     8.451     0.060         5
   390.922     8.520     0.060         5
   391.073     8.548     0.060         5
   391.384     8.609     0.060         5
   391.545     8.655     0.060         5
   391.699     8.699     0.060         5
   392.010     8.756     0.060         5
   392.171     8.792     0.060         5
   392.332     8.828     0.060         5
   392.658     8.889     0.060         5
   392.969     8.949     0.060         5
   362.043     3.306     0.060        10
   362.358     3.408     0.060        10
   362.519     3.481     0.060        10
   362.680     3.542     0.060        10
   362.841     3.611     0.060        10
   363.005     3.689     0.060        10
   363.166     3.770     0.060        10
   363.338     3.863     0.060        10
   363.499     3.924     0.060        10
   363.663     3.988     0.060        10
   363.825     4.043     0.060        10
   363.986     4.111     0.060        10
   364.147     4.179     0.060        10
   364.308     4.247     0.060        10
   364.469     4.304     0.060        10
   364.630     4.361     0.060        10
   364.794     4.414     0.060        10
   364.945     4.467     0.060        10
   365.109     4.518     0.060        10
   365.270     4.578     0.060        10
   365.424     4.643     0.060        10
   365.585     4.659     0.060        10
   365.749     4.737     0.060        10
   365.910     4.810     0.060        10
   366.063     4.893     0.060        10
   366.225     4.958     0.060        10
   366.386     5.019     0.060        10
   366.539     5.071     0.060        10
   366.700     5.121     0.060        10
   366.864     5.172     0.060        10
   367.015     5.224     0.060        10
   367.176     5.269     0.060        10
   367.340     5.313     0.060        10
   367.491     5.356     0.060        10
   367.655     5.698     0.060        14
   368.130     5.799     0.060        14
   368.445     5.884     0.060        14
   369.235     6.041     0.060        14
   369.711     6.129     0.060        14
   370.659     6.322     0.060        14
   370.971     6.358     0.060        14
   371.444     6.434     0.060        14
   371.906     6.514     0.060        14
   372.379     6.590     0.060        14
   373.174     6.684     0.060        14
   373.652     6.736     0.060        14
     0.000     0.000     0.000        -1
