   408.680    -1.000     0.000         0
   406.162     2.255     0.060         1
   406.322     2.145     0.060         1
   406.486     2.080     0.060         1
   406.647     2.014     0.060         1
   406.807     1.960     0.060         1
   406.967     1.905     0.060         1
   407.131     1.859     0.060         1
   407.291     1.811     0.060         1
   407.461     1.771     0.060         1
   407.624     1.739     0.060         1
   407.782     1.706     0.060         1
   407.939     1.673     0.060         1
   408.094     1.656     0.060         1
   408.244     1.638     0.060         1
   408.382     1.624     0.060         1
   408.482     1.621     0.060         1
   373.339     9.914     0.060         5
   373.653     9.832     0.060         5
   373.978     9.766     0.060         5
   374.290     9.704     0.060         5
   374.615     9.640     0.060         5
   374.943     9.575     0.060         5
   375.269     9.509     0.060         5
   375.583     9.445     0.060         5
   376.070     9.335     0.060         5
   376.384     9.280     0.060         5
   376.545     9.234     0.060         5
   377.032     9.114     0.060         5
   377.193     9.047     0.060         5
   377.679     8.934     0.060         5
   378.004     8.866     0.060         5
   378.329     8.804     0.060         5
   378.665     8.732     0.060         5
   378.987     8.635     0.060         5
   379.302     8.552     0.060         5
   379.627     8.476     0.060         5
   379.952     8.400     0.060         5
   380.270     8.324     0.060         5
   380.595     8.227     0.060         5
   381.074     8.121     0.060         5
   381.703     7.994     0.060         5
   382.182     7.878     0.060         5
   382.497     7.794     0.060         5
   382.972     7.696     0.060         5
   387.632     7.238     0.060         7
   388.097     7.162     0.060         7
   388.712     7.058     0.060         7
   389.346     6.954     0.060         7
   389.821     6.879     0.060         7
   390.297     6.808     0.060         7
   390.923     6.727     0.060         7
   391.385     6.665     0.060         7
   391.700     6.623     0.060         7
   392.011     6.575     0.060         7
   392.498     6.487     0.060         7
   392.809     6.444     0.060         7
   393.131     6.415     0.060         7
   393.617     6.358     0.060         7
   393.940     6.321     0.060         7
   394.262     6.292     0.060         7
   394.587     6.255     0.060         7
   395.070     6.202     0.060         7
   395.392     6.174     0.060         7
   395.717     6.136     0.060         7
   396.039     6.107     0.060         7
   396.364     6.074     0.060         7
   396.686     6.041     0.060         7
   396.847     6.027     0.060         7
   349.520    13.972     0.060         8
   350.165    13.835     0.060         8
   350.793    13.697     0.060         8
   351.434    13.576     0.060         8
   351.907    13.507     0.060         8
   352.393    13.423     0.060         8
   353.016    13.314     0.060         8
   353.643    13.201     0.060         8
   354.587    13.043     0.060         8
   355.055    12.983     0.060         8
   355.834    12.854     0.060         8
   356.313    12.787     0.060         8
   356.625    12.754     0.060         8
   357.103    12.727     0.060         8
   357.418    12.691     0.060         8
   357.579    12.692     0.060         8
   357.897    12.660     0.060         8
   358.211    12.637     0.060         8
   358.701    12.618     0.060         8
   359.180    12.570     0.060         8
   359.505    12.551     0.060         8
   359.981    12.508     0.060         8
   360.610    12.489     0.060         8
   360.935    12.488     0.060         8
   361.260    12.471     0.060         8
   361.583    12.489     0.060         8
   397.334     4.152     0.060        10
   397.484     4.110     0.060        10
   397.645     4.076     0.060        10
   397.809     4.037     0.060        10
   397.959     4.010     0.060        10
   398.120     3.979     0.060        10
   398.285     3.935     0.060        10
   398.446     3.899     0.060        10
   398.599     3.868     0.060        10
   398.763     3.836     0.060        10
   398.928     3.800     0.060        10
   399.089     3.759     0.060        10
   399.253     3.719     0.060        10
   399.406     3.687     0.060        10
   399.570     3.644     0.060        10
   399.735     3.608     0.060        10
   399.899     3.572     0.060        10
   400.063     3.537     0.060        10
   400.227     3.505     0.060        10
   400.391     3.467     0.060        10
   400.545     3.429     0.060        10
   400.709     3.393     0.060        10
   400.870     3.350     0.060        10
   401.034     3.320     0.060        10
   401.198     3.288     0.060        10
   401.359     3.256     0.060        10
   401.513     3.228     0.060        10
   401.677     3.193     0.060        10
   401.838     3.151     0.060        10
   401.992     3.115     0.060        10
   402.156     3.080     0.060        10
   402.317     3.052     0.060        10
   402.481     3.035     0.060        10
   402.645     3.007     0.060        10
   402.795     3.001     0.060        10
   402.960     2.977     0.060        10
   403.121     2.945     0.060        10
   403.435     2.892     0.060        10
   403.750     2.850     0.060        10
   403.911     2.799     0.060        10
   404.236     2.723     0.060        10
   404.547     2.650     0.060        10
   404.872     2.541     0.060        10
   405.033     2.502     0.060        10
   405.358     2.396     0.060        10
   405.680     2.325     0.060        10
   405.840     2.261     0.060        10
   408.680     1.000     0.000         0
   408.892     1.625     0.060         1
   408.989     1.639     0.060         1
   409.127     1.661     0.060         1
   409.268     1.682     0.060         1
   409.416     1.736     0.060         1
   409.560     1.772     0.060         1
   409.710     1.794     0.060         1
   409.846     1.836     0.060         1
   409.993     1.907     0.060         1
   410.129     1.944     0.060         1
   410.269     1.993     0.060         1
   410.398     2.040     0.060         1
     0.000     0.000     0.000        -1
