   381.407    -1.000     0.000         0
   378.168     2.459     0.060         1
   378.329     2.371     0.060         1
   378.501     2.283     0.060         1
   378.665     2.189     0.060         1
   378.826     2.086     0.060         1
   378.987     2.010     0.060         1
   379.141     1.934     0.060         1
   379.301     1.856     0.060         1
   379.466     1.792     0.060         1
   379.627     1.728     0.060         1
   379.791     1.675     0.060         1
   379.952     1.621     0.060         1
   380.105     1.557     0.060         1
   380.269     1.517     0.060         1
   380.430     1.469     0.060         1
   380.594     1.423     0.060         1
   380.744     1.411     0.060         1
   380.908     1.377     0.060         1
   381.072     1.373     0.060         1
   381.225     1.349     0.060         1
   381.368     1.346     0.060         1
   379.791     2.484     0.060         3
   380.105     2.419     0.060         3
   380.269     2.378     0.060         3
   380.430     2.354     0.060         3
   380.594     2.339     0.060         3
   380.744     2.296     0.060         3
   380.908     2.293     0.060         3
   381.072     2.291     0.060         3
   381.368     2.256     0.060         3
   335.374    10.639     0.060         5
   335.688    10.603     0.060         5
   336.003    10.559     0.060         5
   336.328    10.515     0.060         5
   336.646    10.471     0.060         5
   337.135    10.403     0.060         5
   337.453    10.362     0.060         5
   337.932    10.298     0.060         5
   338.408    10.214     0.060         5
   338.719    10.176     0.060         5
   339.042    10.125     0.060         5
   339.203    10.097     0.060         5
   339.353    10.073     0.060         5
   339.514    10.049     0.060         5
   339.675    10.021     0.060         5
   339.834     9.997     0.060         5
   339.984     9.969     0.060         5
   340.145     9.948     0.060         5
   340.306     9.920     0.060         5
   340.454     9.896     0.060         5
   340.615     9.870     0.060         5
   340.773     9.844     0.060         5
   340.934     9.824     0.060         5
   341.092     9.800     0.060         5
   341.253     9.764     0.060         5
   341.404     9.744     0.060         5
   341.568     9.724     0.060         5
   341.719     9.692     0.060         5
   341.883     9.664     0.060         5
   342.047     9.636     0.060         5
   342.197     9.615     0.060         5
   342.362     9.591     0.060         5
   342.523     9.567     0.060         5
   342.687     9.538     0.060         5
   342.840     9.504     0.060         5
   343.001     9.483     0.060         5
   343.166     9.466     0.060         5
   343.330     9.443     0.060         5
   343.491     9.419     0.060         5
   343.655     9.396     0.060         5
   343.819     9.372     0.060         5
   343.980     9.344     0.060         5
   344.134     9.295     0.060         5
   344.295     9.292     0.060         5
   344.459     9.264     0.060         5
   344.613     9.236     0.060         5
   344.774     9.213     0.060         5
   344.927     9.170     0.060         5
   345.091     9.160     0.060         5
   345.252     9.122     0.060         5
   345.403     9.112     0.060         5
   345.564     9.084     0.060         5
   345.728     9.068     0.060         5
   345.879     9.050     0.060         5
   346.040     9.029     0.060         5
   346.204     9.008     0.060         5
   346.354     8.995     0.060         5
   346.516     8.963     0.060         5
   346.680     8.954     0.060         5
   346.841     8.922     0.060         5
   346.991     8.905     0.060         5
   347.155     8.888     0.060         5
   347.309     8.865     0.060         5
   347.470     8.843     0.060         5
   347.624     8.824     0.060         5
   347.788     8.801     0.060         5
   347.938     8.801     0.060         5
   348.092     8.768     0.060         5
   348.256     8.736     0.060         5
   348.409     8.737     0.060         5
   348.573     8.691     0.060         5
   348.727     8.680     0.060         5
   348.891     8.657     0.060         5
   349.044     8.622     0.060         5
   349.209     8.616     0.060         5
   349.359     8.603     0.060         5
   349.520     8.571     0.060         5
   349.681     8.546     0.060         5
   350.004     8.522     0.060         5
   350.323     8.466     0.060         5
   350.484     8.418     0.060         5
   350.645     8.398     0.060         5
   350.793     8.373     0.060         5
   350.954     8.325     0.060         5
   351.115     8.297     0.060         5
   351.273     8.265     0.060         5
   351.434     8.220     0.060         5
   351.585     8.188     0.060         5
   351.746     8.157     0.060         5
   351.907     8.128     0.060         5
   352.068     8.089     0.060         5
   352.229     8.047     0.060         5
   352.393     8.007     0.060         5
   352.554     7.977     0.060         5
   352.705     7.942     0.060         5
   352.866     7.900     0.060         5
   353.017     7.864     0.060         5
   353.178     7.840     0.060         5
   353.331     7.809     0.060         5
   353.492     7.785     0.060         5
   353.643     7.747     0.060         5
   353.807     7.715     0.060         5
   353.957     7.670     0.060         5
   354.111     7.642     0.060         5
   354.272     7.616     0.060         5
   354.425     7.586     0.060         5
   354.587     7.555     0.060         5
   354.740     7.512     0.060         5
   354.901     7.474     0.060         5
   355.055     7.439     0.060         5
   355.216     7.429     0.060         5
   355.369     7.387     0.060         5
   355.530     7.365     0.060         5
   355.684     7.339     0.060         5
   355.834     7.307     0.060         5
   355.999     7.296     0.060         5
   356.149     7.283     0.060         5
   356.313     7.263     0.060         5
   356.464     7.239     0.060         5
   356.625     7.216     0.060         5
   356.789     7.200     0.060         5
   356.939     7.172     0.060         5
   357.103     7.153     0.060         5
   357.265     7.128     0.060         5
   357.418     7.122     0.060         5
   357.579     7.094     0.060         5
   357.743     7.078     0.060         5
   357.897     7.067     0.060         5
   358.058     7.061     0.060         5
   358.211     7.042     0.060         5
   358.376     7.045     0.060         5
   358.537     7.031     0.060         5
   358.701     7.011     0.060         5
   358.862     7.022     0.060         5
   359.015     7.014     0.060         5
   359.180     7.005     0.060         5
   359.341     6.991     0.060         5
   359.505     6.959     0.060         5
   359.666     6.943     0.060         5
   359.819     6.932     0.060         5
   359.980     6.927     0.060         5
   360.131     6.932     0.060         5
   360.295     6.918     0.060         5
   360.446     6.915     0.060         5
   360.610     6.888     0.060         5
   360.771     6.878     0.060         5
   360.935     6.875     0.060         5
   361.096     6.852     0.060         5
   361.260     6.869     0.060         5
   361.421     6.866     0.060         5
   361.582     6.872     0.060         5
   361.733     6.871     0.060         5
   361.894     6.880     0.060         5
   362.045     6.882     0.060         5
   362.359     6.859     0.060         5
   362.681     6.843     0.060         5
   363.007     6.812     0.060         5
   363.168     6.796     0.060         5
   363.501     6.771     0.060         5
   363.665     6.751     0.060         5
   363.826     6.731     0.060         5
   363.987     6.709     0.060         5
   364.148     6.689     0.060         5
   365.911     6.551     0.060         7
   366.065     6.513     0.060         7
   366.226     6.472     0.060         7
   366.387     6.426     0.060         7
   366.540     6.395     0.060         7
   366.702     6.346     0.060         7
   366.866     6.308     0.060         7
   367.016     6.266     0.060         7
   367.177     6.224     0.060         7
   367.341     6.182     0.060         7
   367.492     6.138     0.060         7
   367.656     6.102     0.060         7
   367.817     6.073     0.060         7
   367.968     6.032     0.060         7
   368.132     5.990     0.060         7
   368.293     5.950     0.060         7
   368.446     5.909     0.060         7
   368.607     5.839     0.060         7
   368.761     5.815     0.060         7
   368.922     5.784     0.060         7
   369.072     5.748     0.060         7
   369.237     5.724     0.060         7
   369.387     5.696     0.060         7
   369.551     5.654     0.060         7
   369.712     5.617     0.060         7
   369.863     5.570     0.060         7
   370.024     5.526     0.060         7
   370.188     5.507     0.060         7
   370.338     5.482     0.060         7
   370.500     5.431     0.060         7
   370.661     5.407     0.060         7
   370.811     5.379     0.060         7
   370.972     5.355     0.060         7
   371.123     5.331     0.060         7
   371.284     5.298     0.060         7
   371.445     5.244     0.060         7
   245.387    24.646     0.060         8
   246.430    24.503     0.060         8
   248.297    24.108     0.060         8
   249.547    23.900     0.060         8
   251.256    23.600     0.060         8
   252.045    23.451     0.060         8
   253.480    23.145     0.060         8
   254.416    22.940     0.060         8
   255.972    22.647     0.060         8
   257.047    22.405     0.060         8
   257.842    22.257     0.060         8
   258.966    22.019     0.060         8
   259.753    21.871     0.060         8
   260.229    21.791     0.060         8
   261.490    21.583     0.060         8
   262.786    21.367     0.060         8
   263.111    21.327     0.060         8
   264.242    21.172     0.060         8
   266.699    20.777     0.060         8
   267.511    20.645     0.060         8
   268.801    20.412     0.060         8
   270.074    20.184     0.060         8
   271.040    19.991     0.060         8
   272.488    19.730     0.060         8
   273.294    19.549     0.060         8
   274.912    19.244     0.060         8
   275.901    19.047     0.060         8
   277.529    18.725     0.060         8
   278.324    18.560     0.060         8
   279.286    18.351     0.060         8
   280.738    18.061     0.060         8
   282.334    17.777     0.060         8
   283.453    17.589     0.060         8
   286.174    17.137     0.060         8
   286.978    17.005     0.060         8
   288.102    16.817     0.060         8
   289.388    16.683     0.060         8
   291.183    16.454     0.060         8
   292.785    16.262     0.060         8
   294.964    16.036     0.060         8
   296.499    15.862     0.060         8
   297.583    15.764     0.060         8
   298.358    15.649     0.060         8
   300.483    15.412     0.060         8
   301.544    15.335     0.060         8
   302.967    15.161     0.060         8
   304.372    15.012     0.060         8
   304.999    14.957     0.060         8
   306.259    14.844     0.060         8
   307.977    14.667     0.060         8
   309.225    14.583     0.060         8
   310.945    14.411     0.060         8
   312.506    14.252     0.060         8
   313.444    14.181     0.060         8
   315.156    14.027     0.060         8
   316.241    13.940     0.060         8
   367.177     5.887     0.060        10
   367.492     5.790     0.060        10
   367.817     5.688     0.060        10
   368.293     5.553     0.060        10
   368.446     5.455     0.060        10
   368.922     5.280     0.060        10
   369.387     5.158     0.060        10
   369.551     5.076     0.060        10
   370.024     4.950     0.060        10
   370.188     4.889     0.060        10
   370.500     4.774     0.060        10
   370.811     4.685     0.060        10
   371.123     4.587     0.060        10
   371.595     4.461     0.060        10
   371.907     4.371     0.060        10
   372.380     4.245     0.060        10
   373.339     4.080     0.060        10
   373.814     3.966     0.060        10
   374.140     3.844     0.060        10
   374.615     3.685     0.060        10
   375.105     3.522     0.060        10
   375.744     3.335     0.060        10
   378.665     4.651     0.060        19
   378.826     4.621     0.060        19
   378.987     4.587     0.060        19
   379.141     4.539     0.060        19
   379.301     4.502     0.060        19
   379.466     4.458     0.060        19
   379.627     4.405     0.060        19
   379.791     4.393     0.060        19
   379.952     4.362     0.060        19
   380.105     4.323     0.060        19
   380.269     4.280     0.060        19
   380.430     4.260     0.060        19
   380.594     4.244     0.060        19
   380.744     4.191     0.060        19
   380.908     4.135     0.060        19
   381.072     4.110     0.060        19
   381.225     4.075     0.060        19
   381.368     4.014     0.060        19
   381.407     1.000     0.000         0
   381.555     1.359     0.060         1
   381.704     1.373     0.060         1
   381.867     1.400     0.060         1
   382.020     1.438     0.060         1
   382.182     1.472     0.060         1
   382.343     1.504     0.060         1
   382.496     1.570     0.060         1
   382.657     1.622     0.060         1
   382.810     1.671     0.060         1
   382.972     1.743     0.060         1
   383.125     1.778     0.060         1
   383.286     1.830     0.060         1
   383.437     1.893     0.060         1
   383.590     1.970     0.060         1
   383.751     2.038     0.060         1
   383.905     2.115     0.060         1
   384.066     2.199     0.060         1
   384.219     2.289     0.060         1
   384.370     2.385     0.060         1
   384.534     2.480     0.060         1
   384.684     2.572     0.060         1
   384.848     2.662     0.060         1
   381.555     2.298     0.060         3
   381.704     2.303     0.060         3
   381.867     2.331     0.060         3
   383.590     1.769     0.060         5
   383.905     1.809     0.060         5
   384.370     1.865     0.060         5
   384.848     1.925     0.060         5
   385.467     2.030     0.060         5
   386.096     2.122     0.060         5
   386.711     2.252     0.060         5
   387.163     2.366     0.060         5
   387.631     2.496     0.060         5
   388.096     2.647     0.060         5
   388.558     2.769     0.060         5
   389.345     2.918     0.060         5
   389.660     3.016     0.060         5
   390.135     3.134     0.060         5
   390.447     3.227     0.060         5
   390.758     3.342     0.060         5
   391.073     3.439     0.060         5
   391.546     3.615     0.060         5
   392.011     3.745     0.060         5
   392.333     3.859     0.060         5
   392.497     3.945     0.060         5
   392.658     4.006     0.060         5
   392.808     4.175     0.060         5
   393.131     4.273     0.060         5
   393.617     4.423     0.060         5
   394.261     4.594     0.060         5
   395.070     4.789     0.060         5
   395.717     4.960     0.060         5
   396.365     5.122     0.060         5
   397.173     5.288     0.060         5
   397.485     5.361     0.060         5
   398.286     5.502     0.060         5
   399.090     5.652     0.060         5
   399.735     5.769     0.060         5
   400.063     5.858     0.060         5
   400.709     6.054     0.060         5
   401.513     6.245     0.060         5
   401.838     6.384     0.060         5
   402.317     6.501     0.060         5
   402.959     6.705     0.060         5
   403.435     6.856     0.060         5
   394.261     5.019     0.060         7
   394.425     5.047     0.060         7
   394.587     5.059     0.060         7
   394.748     5.072     0.060         7
   394.909     5.098     0.060         7
   395.070     5.111     0.060         7
   395.231     5.132     0.060         7
   395.392     5.152     0.060         7
   395.556     5.176     0.060         7
   395.717     5.196     0.060         7
   395.878     5.232     0.060         7
   396.040     5.256     0.060         7
   396.201     5.278     0.060         7
   396.365     5.291     0.060         7
   396.526     5.302     0.060         7
   396.687     5.318     0.060         7
   396.848     5.331     0.060         7
   397.009     5.352     0.060         7
   397.173     5.366     0.060         7
   397.334     5.392     0.060         7
   397.485     5.403     0.060         7
   397.646     5.420     0.060         7
   397.810     5.449     0.060         7
   397.961     5.489     0.060         7
   398.122     5.501     0.060         7
   398.286     5.517     0.060         7
   398.447     5.557     0.060         7
   398.600     5.597     0.060         7
   398.764     5.621     0.060         7
   398.928     5.649     0.060         7
   399.090     5.687     0.060         7
   399.254     5.717     0.060         7
   399.407     5.746     0.060         7
   399.571     5.767     0.060         7
   399.735     5.817     0.060         7
   399.899     5.854     0.060         7
   400.063     5.882     0.060         7
   400.227     5.927     0.060         7
   400.392     5.963     0.060         7
   399.090     6.097     0.060        17
   399.254     6.102     0.060        17
   399.407     6.131     0.060        17
   399.571     6.130     0.060        17
   399.735     6.164     0.060        17
   399.899     6.175     0.060        17
   400.063     6.197     0.060        17
   400.227     6.215     0.060        17
   400.392     6.237     0.060        17
   400.545     6.265     0.060        17
   400.709     6.289     0.060        17
   400.870     6.317     0.060        17
   401.034     6.345     0.060        17
   401.198     6.373     0.060        17
   401.359     6.394     0.060        17
   401.513     6.419     0.060        17
   401.677     6.447     0.060        17
   401.838     6.471     0.060        17
   401.992     6.499     0.060        17
   402.156     6.529     0.060        17
   402.317     6.563     0.060        17
   402.481     6.598     0.060        17
   402.645     6.625     0.060        17
   381.555     3.994     0.060        19
   381.704     3.989     0.060        19
   381.867     3.950     0.060        19
   382.020     3.996     0.060        19
   382.182     3.969     0.060        19
   382.343     3.954     0.060        19
   382.496     3.956     0.060        19
   382.657     3.931     0.060        19
   382.810     3.912     0.060        19
   382.972     3.924     0.060        19
   383.125     3.970     0.060        19
   383.286     3.946     0.060        19
   383.437     3.961     0.060        19
   383.590     3.947     0.060        19
   383.751     3.957     0.060        19
   383.905     3.980     0.060        19
   384.066     4.026     0.060        19
   384.219     4.060     0.060        19
   384.370     4.059     0.060        19
   384.534     4.077     0.060        19
   384.684     4.089     0.060        19
   384.848     4.121     0.060        19
   385.002     4.149     0.060        19
   385.163     4.185     0.060        19
     0.000     0.000     0.000        -1
