   306.784    -1.000     0.000         0
   304.845     1.420     0.060         1
   304.998     1.351     0.060         1
   305.159     1.276     0.060         1
   305.321     1.185     0.060         1
   305.471     1.133     0.060         1
   305.632     1.056     0.060         1
   305.783     0.996     0.060         1
   305.944     0.949     0.060         1
   306.094     0.902     0.060         1
   306.258     0.869     0.060         1
   306.420     0.838     0.060         1
   306.570     0.811     0.060         1
   306.730     0.793     0.060         1
   306.094     1.497     0.060         2
   306.258     1.487     0.060         2
   306.420     1.493     0.060         2
   306.570     1.490     0.060         2
   306.730     1.508     0.060         2
    99.841    34.055     0.060         5
   100.927    33.911     0.060         5
   102.147    33.726     0.060         5
   102.917    33.605     0.060         5
   103.988    33.469     0.060         5
   105.727    33.245     0.060         5
   107.296    33.032     0.060         5
   108.694    32.856     0.060         5
   110.103    32.688     0.060         5
   111.193    32.552     0.060         5
   112.440    32.396     0.060         5
   113.050    32.329     0.060         5
   113.833    32.257     0.060         5
   114.957    32.130     0.060         5
   115.763    32.030     0.060         5
   116.715    31.906     0.060         5
   117.497    31.789     0.060         5
   118.604    31.645     0.060         5
   119.729    31.476     0.060         5
   121.183    31.296     0.060         5
   122.798    31.051     0.060         5
   124.045    30.878     0.060         5
   124.998    30.762     0.060         5
   126.248    30.598     0.060         5
   127.031    30.498     0.060         5
   128.120    30.354     0.060         5
   129.086    30.217     0.060         5
   129.888    30.101     0.060         5
   131.018    29.961     0.060         5
   132.783    29.729     0.060         5
   133.426    29.649     0.060         5
   134.400    29.529     0.060         5
   135.366    29.409     0.060         5
   136.308    29.297     0.060         5
   136.787    29.245     0.060         5
   138.215    29.077     0.060         5
   139.966    28.857     0.060         5
   141.252    28.689     0.060         5
   142.540    28.496     0.060         5
   143.665    28.327     0.060         5
   144.310    28.223     0.060         5
   145.273    28.086     0.060         5
   146.243    27.933     0.060         5
   147.354    27.785     0.060         5
   148.478    27.587     0.060         5
   149.745    27.386     0.060         5
   150.536    27.273     0.060         5
   151.470    27.079     0.060         5
   231.700    15.566     0.060         5
   232.268    15.484     0.060         5
   232.558    15.426     0.060         5
   232.985    15.352     0.060         5
   233.265    15.308     0.060         5
   233.553    15.272     0.060         5
   233.833    15.226     0.060         5
   234.112    15.172     0.060         5
   234.669    15.096     0.060         5
   235.099    15.008     0.060         5
   235.530    14.930     0.060         5
   235.809    14.871     0.060         5
   236.383    14.773     0.060         5
   236.673    14.710     0.060         5
   237.100    14.636     0.060         5
   237.391    14.596     0.060         5
   237.692    14.524     0.060         5
   237.982    14.471     0.060         5
   238.423    14.419     0.060         5
   238.886    14.341     0.060         5
   239.039    14.316     0.060         5
   239.505    14.239     0.060         5
   239.970    14.160     0.060         5
   240.295    14.111     0.060         5
   240.594    14.036     0.060         5
   241.056    13.975     0.060         5
   241.354    13.913     0.060         5
   241.819    13.862     0.060         5
   242.120    13.803     0.060         5
   242.554    13.725     0.060         5
   242.704    13.676     0.060         5
   243.132    13.615     0.060         5
   244.163    13.450     0.060         5
   244.931    13.322     0.060         5
   245.538    13.219     0.060         5
   246.129    13.112     0.060         5
   246.888    12.970     0.060         5
   247.203    12.914     0.060         5
   247.835    12.799     0.060         5
   247.986    12.764     0.060         5
   249.236    12.535     0.060         5
   249.709    12.437     0.060         5
   250.632    12.257     0.060         5
   251.410    12.104     0.060         5
   251.881    12.013     0.060         5
   252.681    11.842     0.060         5
   253.174    11.734     0.060         5
   253.946    11.581     0.060         5
   254.416    11.476     0.060         5
   254.728    11.410     0.060         5
   255.036    11.340     0.060         5
   255.499    11.246     0.060         5
   256.273    11.090     0.060         5
   256.585    11.016     0.060         5
   257.047    10.912     0.060         5
   257.369    10.845     0.060         5
   257.842    10.723     0.060         5
   258.641    10.556     0.060         5
   258.966    10.469     0.060         5
   260.068    10.248     0.060         5
   260.391    10.187     0.060         5
   261.178    10.033     0.060         5
   261.651     9.953     0.060         5
   262.138     9.873     0.060         5
   262.625     9.797     0.060         5
   262.947     9.750     0.060         5
   263.584     9.652     0.060         5
   263.745     9.620     0.060         5
   263.906     9.581     0.060         5
   264.081     9.565     0.060         5
   264.242     9.538     0.060         5
   264.401     9.506     0.060         5
   264.562     9.471     0.060         5
   264.734     9.427     0.060         5
   264.892     9.403     0.060         5
   265.053     9.388     0.060         5
   265.222     9.356     0.060         5
   265.383     9.321     0.060         5
   265.552     9.293     0.060         5
   265.713     9.278     0.060         5
   265.882     9.250     0.060         5
   266.043     9.230     0.060         5
   266.204     9.195     0.060         5
   266.376     9.179     0.060         5
   266.537     9.152     0.060         5
   266.699     9.120     0.060         5
   266.863     9.107     0.060         5
   267.024     9.074     0.060         5
   267.185     9.027     0.060         5
   267.346     9.008     0.060         5
   267.511     8.990     0.060         5
   267.672     8.947     0.060         5
   267.833     8.908     0.060         5
   267.994     8.893     0.060         5
   268.158     8.850     0.060         5
   268.319     8.811     0.060         5
   268.473     8.781     0.060         5
   268.637     8.730     0.060         5
   268.801     8.715     0.060         5
   268.955     8.677     0.060         5
   269.119     8.644     0.060         5
   269.276     8.608     0.060         5
   269.429     8.578     0.060         5
   269.596     8.545     0.060         5
   269.750     8.507     0.060         5
   269.917     8.474     0.060         5
   270.074     8.422     0.060         5
   270.238     8.384     0.060         5
   270.394     8.358     0.060         5
   270.559     8.325     0.060         5
   270.712     8.289     0.060         5
   270.876     8.244     0.060         5
   271.041     8.215     0.060         5
   271.205     8.191     0.060         5
   271.355     8.153     0.060         5
   271.519     8.120     0.060         5
   271.684     8.042     0.060         5
   271.837     8.047     0.060         5
   271.998     8.013     0.060         5
   272.163     7.981     0.060         5
   272.324     7.958     0.060         5
   272.488     7.916     0.060         5
   272.649     7.867     0.060         5
   272.810     7.839     0.060         5
   272.971     7.791     0.060         5
   273.133     7.758     0.060         5
   273.294     7.718     0.060         5
   273.455     7.686     0.060         5
   273.616     7.649     0.060         5
   273.777     7.605     0.060         5
   273.939     7.561     0.060         5
   274.100     7.524     0.060         5
   274.261     7.480     0.060         5
   274.422     7.436     0.060         5
   274.586     7.391     0.060         5
   274.748     7.351     0.060         5
   274.912     7.306     0.060         5
   275.073     7.270     0.060         5
   275.237     7.225     0.060         5
   275.412     7.196     0.060         5
   275.573     7.157     0.060         5
   275.737     7.130     0.060         5
   275.902     7.099     0.060         5
   276.063     7.080     0.060         5
   276.227     7.049     0.060         5
   276.399     7.022     0.060         5
   276.557     6.999     0.060         5
   276.729     6.980     0.060         5
   276.887     6.953     0.060         5
   277.048     6.922     0.060         5
   277.206     6.903     0.060         5
   277.368     6.880     0.060         5
   277.529     6.854     0.060         5
   277.679     6.815     0.060         5
   277.840     6.780     0.060         5
   278.002     6.749     0.060         5
   278.163     6.718     0.060         5
   278.324     6.675     0.060         5
   278.488     6.636     0.060         5
   278.649     6.605     0.060         5
   278.811     6.570     0.060         5
   278.975     6.545     0.060         5
   279.125     6.512     0.060         5
   279.286     6.483     0.060         5
   279.448     6.454     0.060         5
   279.612     6.421     0.060         5
   279.773     6.392     0.060         5
   279.934     6.363     0.060         5
   280.098     6.334     0.060         5
   280.263     6.305     0.060         5
   280.413     6.272     0.060         5
   280.577     6.243     0.060         5
   280.738     6.214     0.060         5
   280.892     6.177     0.060         5
   281.056     6.140     0.060         5
   281.217     6.103     0.060         5
   281.382     6.069     0.060         5
   281.543     6.040     0.060         5
   281.696     6.004     0.060         5
   281.857     5.963     0.060         5
   282.022     5.933     0.060         5
   282.172     5.901     0.060         5
   282.333     5.876     0.060         5
   282.498     5.850     0.060         5
   282.648     5.814     0.060         5
   282.812     5.781     0.060         5
   282.973     5.743     0.060         5
   283.127     5.711     0.060         5
   283.288     5.682     0.060         5
   283.452     5.651     0.060         5
   283.603     5.626     0.060         5
   283.764     5.604     0.060         5
   283.928     5.582     0.060         5
   284.089     5.540     0.060         5
   284.240     5.506     0.060         5
   284.404     5.472     0.060         5
   284.565     5.446     0.060         5
   284.729     5.412     0.060         5
   284.891     5.378     0.060         5
   285.044     5.344     0.060         5
   285.205     5.302     0.060         5
   285.369     5.276     0.060         5
   285.531     5.238     0.060         5
   285.684     5.200     0.060         5
   285.848     5.170     0.060         5
   286.013     5.128     0.060         5
   286.174     5.098     0.060         5
   286.327     5.064     0.060         5
   286.488     5.034     0.060         5
   286.653     5.016     0.060         5
   286.814     4.962     0.060         5
   286.978     4.920     0.060         5
   287.139     4.898     0.060         5
   287.303     4.864     0.060         5
   287.464     4.824     0.060         5
   287.626     4.795     0.060         5
   287.790     4.759     0.060         5
   287.940     4.730     0.060         5
   288.102     4.706     0.060         5
   288.263     4.665     0.060         5
   288.421     4.633     0.060         5
   288.582     4.600     0.060         5
   288.743     4.572     0.060         5
   288.904     4.544     0.060         5
   289.066     4.523     0.060         5
   289.227     4.499     0.060         5
   289.388     4.470     0.060         5
   289.557     4.450     0.060         5
   289.718     4.429     0.060         5
   289.879     4.397     0.060         5
   290.040     4.396     0.060         5
   290.201     4.352     0.060         5
   290.366     4.340     0.060         5
   290.527     4.315     0.060         5
   290.688     4.277     0.060         5
   290.849     4.236     0.060         5
   291.021     4.230     0.060         5
   291.182     4.208     0.060         5
   291.343     4.178     0.060         5
   291.504     4.161     0.060         5
   291.669     4.115     0.060         5
   291.830     4.093     0.060         5
   291.994     4.067     0.060         5
   292.144     4.053     0.060         5
   292.309     4.028     0.060         5
   292.470     4.002     0.060         5
   292.623     3.972     0.060         5
   292.785     3.938     0.060         5
   292.949     3.900     0.060         5
   293.099     3.901     0.060         5
   293.253     3.875     0.060         5
   293.414     3.836     0.060         5
   293.568     3.841     0.060         5
   293.718     3.805     0.060         5
   293.882     3.778     0.060         5
   294.033     3.779     0.060         5
   294.183     3.763     0.060         5
   294.347     3.748     0.060         5
   294.498     3.737     0.060         5
   294.648     3.721     0.060         5
   294.813     3.690     0.060         5
   294.963     3.663     0.060         5
   295.114     3.635     0.060         5
   295.278     3.612     0.060         5
   295.428     3.605     0.060         5
   295.579     3.581     0.060         5
   295.732     3.549     0.060         5
   295.883     3.550     0.060         5
   296.044     3.529     0.060         5
   296.195     3.489     0.060         5
   296.348     3.453     0.060         5
   296.499     3.453     0.060         5
   296.663     3.421     0.060         5
   296.813     3.373     0.060         5
   296.964     3.337     0.060         5
   297.117     3.313     0.060         5
   297.279     3.317     0.060         5
   297.432     3.277     0.060         5
   297.583     3.257     0.060         5
   297.736     3.257     0.060         5
   297.890     3.215     0.060         5
   298.040     3.198     0.060         5
   298.194     3.186     0.060         5
   298.358     3.155     0.060         5
   298.501     3.128     0.060         5
   298.654     3.100     0.060         5
   298.808     3.057     0.060         5
   298.961     3.035     0.060         5
   299.114     3.015     0.060         5
   299.268     2.983     0.060         5
   299.421     2.948     0.060         5
   299.575     2.925     0.060         5
   299.728     2.876     0.060         5
   299.873     2.833     0.060         5
   300.024     2.801     0.060         5
   300.177     2.774     0.060         5
   300.331     2.738     0.060         5
   300.481     2.703     0.060         5
   222.495    16.805     0.060         8
   222.926    16.787     0.060         8
   223.205    16.783     0.060         8
   223.646    16.756     0.060         8
   223.786    16.769     0.060         8
   224.077    16.766     0.060         8
   224.367    16.763     0.060         8
   224.948    16.708     0.060         8
   225.389    16.672     0.060         8
   225.973    16.613     0.060         8
   226.414    16.553     0.060         8
   226.715    16.517     0.060         8
   227.006    16.481     0.060         8
   227.296    16.445     0.060         8
   227.737    16.385     0.060         8
   228.028    16.357     0.060         8
   228.461    16.301     0.060         8
   228.888    16.253     0.060         8
   229.883    16.129     0.060         8
   230.440    16.061     0.060         8
   231.133    15.973     0.060         8
   231.851    15.881     0.060         8
   232.698    15.756     0.060         8
   233.265    15.672     0.060         8
   233.972    15.563     0.060         8
   234.529    15.479     0.060         8
   235.099    15.390     0.060         8
   235.809    15.286     0.060         8
   236.673    15.141     0.060         8
   237.100    15.043     0.060         8
   237.692    14.943     0.060         8
   238.122    14.878     0.060         8
   238.725    14.794     0.060         8
   239.505    14.673     0.060         8
   240.295    14.569     0.060         8
   240.744    14.505     0.060         8
   241.507    14.396     0.060         8
   242.414    14.276     0.060         8
   242.995    14.204     0.060         8
   243.717    14.116     0.060         8
   244.461    14.020     0.060         8
   245.240    13.933     0.060         8
   245.538    13.901     0.060         8
   301.231     2.537     0.060        10
   301.542     2.456     0.060        10
   301.701     2.403     0.060        10
   302.021     2.318     0.060        10
   302.171     2.261     0.060        10
   302.494     2.189     0.060        10
   302.655     2.141     0.060        10
   302.816     2.101     0.060        10
   302.966     2.062     0.060        10
   303.128     2.019     0.060        10
   303.286     1.987     0.060        10
   303.437     1.932     0.060        10
   303.598     1.877     0.060        10
   303.748     1.830     0.060        10
   303.910     1.779     0.060        10
   304.060     1.732     0.060        10
    97.515    33.869     0.060        13
    99.841    33.546     0.060        13
   101.994    33.294     0.060        13
   103.523    33.110     0.060        13
   106.042    32.786     0.060        13
   107.923    32.583     0.060        13
   108.543    32.466     0.060        13
   111.193    32.126     0.060        13
   113.510    31.854     0.060        13
   121.022    30.976     0.060        13
   122.472    30.789     0.060        13
   124.522    30.540     0.060        13
   126.248    30.309     0.060        13
   127.805    30.121     0.060        13
   129.888    29.900     0.060        13
   131.330    29.743     0.060        13
   133.426    29.515     0.060        13
   135.530    29.282     0.060        13
   251.257    12.665     0.060        14
   251.881    12.528     0.060        14
   252.845    12.330     0.060        14
   253.634    12.163     0.060        14
   253.946    12.092     0.060        14
   254.416    11.989     0.060        14
   254.878    11.886     0.060        14
   255.348    11.796     0.060        14
   255.810    11.687     0.060        14
   256.434    11.554     0.060        14
   257.047    11.413     0.060        14
   257.520    11.343     0.060        14
   258.168    11.200     0.060        14
   258.479    11.124     0.060        14
   259.116    10.989     0.060        14
   259.754    10.840     0.060        14
   260.068    10.797     0.060        14
   260.702    10.671     0.060        14
   261.490    10.561     0.060        14
   262.299    10.429     0.060        14
   263.111    10.313     0.060        14
   263.584    10.230     0.060        14
   264.242    10.115     0.060        14
   264.734    10.038     0.060        14
   265.552     9.894     0.060        14
   266.204     9.777     0.060        14
   266.699     9.667     0.060        14
   267.185     9.566     0.060        14
   267.346     9.536     0.060        14
   267.994     9.388     0.060        14
   268.473     9.315     0.060        14
   268.955     9.160     0.060        14
   269.429     9.059     0.060        14
   269.917     8.992     0.060        14
   270.559     8.853     0.060        14
   271.041     8.744     0.060        14
   271.684     8.597     0.060        14
   272.163     8.497     0.060        14
   272.649     8.387     0.060        14
   272.971     8.306     0.060        14
   273.455     8.223     0.060        14
   273.939     8.103     0.060        14
   274.422     8.002     0.060        14
   274.748     7.909     0.060        14
   275.073     7.819     0.060        14
   275.412     7.734     0.060        14
   275.902     7.629     0.060        14
   276.399     7.516     0.060        14
   276.729     7.427     0.060        14
   277.206     7.345     0.060        14
   277.529     7.268     0.060        14
   278.002     7.183     0.060        14
   278.324     7.114     0.060        14
   278.975     6.976     0.060        14
   279.286     6.917     0.060        14
   279.934     6.780     0.060        14
   280.577     6.661     0.060        14
   280.892     6.580     0.060        14
   281.382     6.486     0.060        14
   282.022     6.357     0.060        14
   282.498     6.281     0.060        14
   282.812     6.201     0.060        14
   283.452     6.082     0.060        14
   284.089     5.965     0.060        14
   284.565     5.859     0.060        14
   285.044     5.754     0.060        14
   285.369     5.683     0.060        14
   286.174     5.509     0.060        14
   286.978     5.346     0.060        14
   287.626     5.228     0.060        14
   287.940     5.163     0.060        14
   288.421     5.079     0.060        14
   288.743     5.030     0.060        14
   288.904     4.996     0.060        14
   289.388     4.907     0.060        14
   290.527     4.734     0.060        14
   291.021     4.639     0.060        14
   291.504     4.588     0.060        14
   292.144     4.483     0.060        14
   292.623     4.423     0.060        14
   293.414     4.317     0.060        14
   294.033     4.197     0.060        14
   294.813     4.085     0.060        14
   295.732     3.965     0.060        14
   296.499     3.838     0.060        14
   297.117     3.735     0.060        14
   297.736     3.653     0.060        14
   298.358     3.546     0.060        14
   299.114     3.402     0.060        14
   239.039    23.657     0.060        24
   239.343    23.569     0.060        24
   239.819    23.436     0.060        24
   240.295    23.298     0.060        24
   240.895    23.137     0.060        24
   246.584    21.155     0.060        24
   247.203    20.990     0.060        24
   247.835    20.787     0.060        24
   248.459    20.592     0.060        24
   249.236    20.371     0.060        24
   249.548    20.250     0.060        24
   250.013    20.107     0.060        24
   251.103    19.808     0.060        24
   251.574    19.635     0.060        24
   252.363    19.400     0.060        24
   252.681    19.298     0.060        24
   253.481    19.073     0.060        24
   254.258    18.901     0.060        24
   306.784     1.000     0.000         0
   306.887     0.818     0.060         1
   307.046     0.847     0.060         1
   307.196     0.881     0.060         1
   307.350     0.919     0.060         1
   307.511     0.982     0.060         1
   307.661     1.034     0.060         1
   307.815     1.088     0.060         1
   307.976     1.149     0.060         1
   308.130     1.219     0.060         1
   308.291     1.329     0.060         1
   306.887     1.517     0.060         2
   307.046     1.551     0.060         2
   307.196     1.595     0.060         2
   307.350     1.623     0.060         2
   307.511     1.666     0.060         2
   307.661     1.703     0.060         2
   311.416     2.500     0.060         5
   311.731     2.570     0.060         5
   312.042     2.626     0.060         5
   312.505     2.720     0.060         5
   312.666     2.758     0.060         5
   312.816     2.793     0.060         5
   312.977     2.832     0.060         5
   313.131     2.867     0.060         5
   313.292     2.913     0.060         5
   313.443     2.946     0.060         5
   313.604     2.975     0.060         5
   313.754     3.009     0.060         5
   313.905     3.031     0.060         5
   314.069     3.070     0.060         5
   314.219     3.097     0.060         5
   314.381     3.141     0.060         5
   314.692     3.209     0.060         5
   314.843     3.260     0.060         5
   315.004     3.296     0.060         5
   315.155     3.327     0.060         5
   315.316     3.366     0.060         5
   315.466     3.404     0.060         5
   315.627     3.447     0.060         5
   315.778     3.481     0.060         5
   315.928     3.507     0.060         5
   316.090     3.541     0.060         5
   316.240     3.567     0.060         5
   316.404     3.604     0.060         5
   316.555     3.633     0.060         5
   316.716     3.650     0.060         5
   316.877     3.681     0.060         5
   317.038     3.712     0.060         5
   317.199     3.735     0.060         5
   317.350     3.769     0.060         5
   317.511     3.805     0.060         5
   317.672     3.842     0.060         5
   317.834     3.884     0.060         5
   317.995     3.924     0.060         5
   318.159     3.951     0.060         5
   318.320     3.987     0.060         5
   318.481     4.028     0.060         5
   318.632     4.068     0.060         5
   318.793     4.108     0.060         5
   318.954     4.129     0.060         5
   319.115     4.156     0.060         5
   319.276     4.211     0.060         5
   319.427     4.226     0.060         5
   319.588     4.261     0.060         5
   319.746     4.296     0.060         5
   319.908     4.336     0.060         5
   320.058     4.371     0.060         5
   320.219     4.418     0.060         5
   320.370     4.449     0.060         5
   320.523     4.488     0.060         5
   320.684     4.535     0.060         5
   320.835     4.566     0.060         5
   320.988     4.593     0.060         5
   321.139     4.623     0.060         5
   321.300     4.667     0.060         5
   321.451     4.694     0.060         5
   321.604     4.730     0.060         5
   321.754     4.765     0.060         5
   321.905     4.796     0.060         5
   322.055     4.832     0.060         5
   322.206     4.865     0.060         5
   322.370     4.895     0.060         5
   322.521     4.932     0.060         5
   322.671     4.961     0.060         5
   322.835     5.007     0.060         5
   322.986     5.054     0.060         5
   323.150     5.086     0.060         5
   323.300     5.121     0.060         5
   323.451     5.125     0.060         5
   323.604     5.153     0.060         5
   323.755     5.188     0.060         5
   323.905     5.207     0.060         5
   324.056     5.235     0.060         5
   324.209     5.268     0.060         5
   324.360     5.305     0.060         5
   324.510     5.351     0.060         5
   324.671     5.370     0.060         5
   324.825     5.408     0.060         5
   324.975     5.439     0.060         5
   325.126     5.465     0.060         5
   325.287     5.501     0.060         5
   325.448     5.533     0.060         5
   325.599     5.561     0.060         5
   325.760     5.601     0.060         5
   325.921     5.629     0.060         5
   326.072     5.645     0.060         5
   326.233     5.677     0.060         5
   326.383     5.706     0.060         5
   326.853     5.778     0.060         5
   327.165     5.851     0.060         5
   327.326     5.904     0.060         5
   327.638     5.977     0.060         5
   327.946     6.038     0.060         5
   328.266     6.128     0.060         5
   328.424     6.148     0.060         5
   328.733     6.221     0.060         5
   329.050     6.302     0.060         5
   329.670     6.416     0.060         5
   330.124     6.497     0.060         5
   330.590     6.593     0.060         5
   331.055     6.673     0.060         5
   331.372     6.744     0.060         5
   331.829     6.844     0.060         5
   332.147     6.905     0.060         5
   332.604     6.961     0.060         5
   332.768     7.016     0.060         5
   333.226     7.097     0.060         5
   333.675     7.173     0.060         5
   333.826     7.213     0.060         5
   334.283     7.285     0.060         5
   334.590     7.350     0.060         5
   334.741     7.390     0.060         5
   335.222     7.480     0.060         5
   335.687     7.551     0.060         5
   336.002     7.622     0.060         5
   336.327     7.687     0.060         5
   336.806     7.777     0.060         5
   337.134     7.817     0.060         5
   337.288     7.862     0.060         5
   337.769     7.932     0.060         5
   338.245     8.007     0.060         5
   338.406     8.027     0.060         5
   338.879     8.097     0.060         5
   339.201     8.143     0.060         5
   339.513     8.178     0.060         5
   339.832     8.223     0.060         5
   340.305     8.298     0.060         5
   340.614     8.334     0.060         5
   340.933     8.384     0.060         5
   341.091     8.414     0.060         5
   341.403     8.459     0.060         5
   341.718     8.504     0.060         5
   342.046     8.559     0.060         5
   342.361     8.599     0.060         5
   342.686     8.624     0.060         5
   343.165     8.699     0.060         5
   343.490     8.729     0.060         5
   343.654     8.749     0.060         5
   343.979     8.804     0.060         5
   344.294     8.849     0.060         5
   344.611     8.894     0.060         5
   344.773     8.919     0.060         5
   345.251     8.989     0.060         5
   345.563     9.039     0.060         5
   346.039     9.104     0.060         5
   346.353     9.160     0.060         5
   346.679     9.215     0.060         5
   346.990     9.256     0.060         5
   347.469     9.326     0.060         5
   347.787     9.381     0.060         5
   348.255     9.451     0.060         5
   348.572     9.506     0.060         5
   348.890     9.556     0.060         5
   349.207     9.596     0.060         5
   349.680     9.671     0.060         5
   350.164     9.746     0.060         5
   350.644     9.822     0.060         5
   351.114     9.883     0.060         5
   351.433     9.953     0.060         5
   352.067    10.053     0.060         5
   309.385     1.862     0.060        10
   309.536     1.929     0.060        10
   309.697     1.985     0.060        10
   310.008     2.062     0.060        10
   310.159     2.123     0.060        10
   310.320     2.184     0.060        10
   310.632     2.261     0.060        10
   310.793     2.306     0.060        10
   311.104     2.403     0.060        10
   313.131     3.442     0.060        14
   313.754     3.564     0.060        14
   314.219     3.682     0.060        14
   315.316     3.950     0.060        14
   315.627     3.994     0.060        14
   316.090     4.103     0.060        14
   316.404     4.194     0.060        14
   316.877     4.278     0.060        14
   317.038     4.342     0.060        14
   317.350     4.429     0.060        14
   317.995     4.570     0.060        14
   318.320     4.640     0.060        14
   318.793     4.739     0.060        14
   319.276     4.846     0.060        14
   319.746     4.942     0.060        14
   320.370     5.060     0.060        14
   320.684     5.144     0.060        14
   321.300     5.285     0.060        14
   321.754     5.403     0.060        14
   322.206     5.519     0.060        14
   322.835     5.682     0.060        14
   323.451     5.806     0.060        14
   324.360     6.003     0.060        14
   324.671     6.066     0.060        14
   325.126     6.168     0.060        14
   325.599     6.248     0.060        14
   325.921     6.321     0.060        14
   326.383     6.412     0.060        14
   327.004     6.540     0.060        14
   327.326     6.619     0.060        14
   327.799     6.689     0.060        14
   328.108     6.758     0.060        14
   328.733     6.894     0.060        14
   329.197     6.997     0.060        14
   329.670     7.078     0.060        14
   330.286     7.207     0.060        14
   330.590     7.278     0.060        14
   331.055     7.369     0.060        14
   331.372     7.414     0.060        14
   331.676     7.510     0.060        14
   332.297     7.620     0.060        14
   332.604     7.680     0.060        14
   333.072     7.745     0.060        14
   333.226     7.794     0.060        14
   333.675     7.891     0.060        14
   333.979     7.954     0.060        14
   334.590     8.045     0.060        14
   335.222     8.162     0.060        14
   335.687     8.248     0.060        14
   336.327     8.331     0.060        14
   336.645     8.402     0.060        14
   337.134     8.468     0.060        14
   337.605     8.532     0.060        14
   338.095     8.622     0.060        14
   338.718     8.697     0.060        14
   339.201     8.780     0.060        14
   339.832     8.878     0.060        14
   340.305     8.940     0.060        14
   341.091     9.042     0.060        14
   341.403     9.062     0.060        14
   342.046     9.162     0.060        14
   342.361     9.205     0.060        14
   342.839     9.270     0.060        14
   343.165     9.286     0.060        14
   343.329     9.306     0.060        14
   343.818     9.382     0.060        14
   344.133     9.435     0.060        14
   344.611     9.540     0.060        14
   345.090     9.628     0.060        14
   345.727     9.738     0.060        14
   346.514     9.838     0.060        14
   346.840     9.911     0.060        14
   347.154     9.956     0.060        14
   347.787    10.043     0.060        14
   348.090    10.112     0.060        14
   348.890    10.224     0.060        14
   349.358    10.291     0.060        14
   350.002    10.397     0.060        14
   350.483    10.512     0.060        14
   350.792    10.559     0.060        14
   351.433    10.668     0.060        14
   331.055    11.155     0.060        24
   331.372    11.268     0.060        24
   331.676    11.393     0.060        24
   332.297    11.571     0.060        24
   333.072    11.771     0.060        24
   333.979    12.039     0.060        24
   334.283    12.105     0.060        24
   334.741    12.221     0.060        24
   335.373    12.426     0.060        24
   336.645    12.786     0.060        24
   337.288    12.985     0.060        24
   338.406    13.324     0.060        24
   339.513    13.630     0.060        24
   340.305    13.885     0.060        24
   340.772    14.031     0.060        24
   341.567    14.300     0.060        24
   343.000    14.729     0.060        24
   343.818    14.963     0.060        24
   344.926    15.288     0.060        24
   345.878    15.528     0.060        24
   346.679    15.748     0.060        24
   347.622    16.014     0.060        24
   348.408    16.190     0.060        24
   349.043    16.356     0.060        24
   349.841    16.546     0.060        24
   360.444    19.445     0.060        24
   361.581    19.798     0.060        24
   362.207    19.964     0.060        24
   363.005    20.223     0.060        24
   363.825    20.467     0.060        24
   364.308    20.646     0.060        24
   364.794    20.800     0.060        24
     0.000     0.000     0.000        -1
