   345.626    -1.000     0.000         0
   341.403     3.020     0.060         1
   341.567     2.897     0.060         1
   341.718     2.821     0.060         1
   341.882     2.733     0.060         1
   342.046     2.637     0.060         1
   342.197     2.566     0.060         1
   342.361     2.486     0.060         1
   342.522     2.394     0.060         1
   342.686     2.259     0.060         1
   342.840     2.181     0.060         1
   343.001     2.104     0.060         1
   343.165     1.985     0.060         1
   343.329     1.901     0.060         1
   343.490     1.818     0.060         1
   343.654     1.724     0.060         1
   343.819     1.652     0.060         1
   343.980     1.589     0.060         1
   344.133     1.529     0.060         1
   344.294     1.471     0.060         1
   344.459     1.422     0.060         1
   344.612     1.378     0.060         1
   344.773     1.344     0.060         1
   344.927     1.322     0.060         1
   345.091     1.286     0.060         1
   345.252     1.266     0.060         1
   345.402     1.271     0.060         1
   345.564     1.263     0.060         1
   344.294     2.125     0.060         2
   344.459     2.114     0.060         2
   344.612     2.083     0.060         2
   344.773     2.081     0.060         2
   344.927     2.035     0.060         2
   345.091     2.032     0.060         2
   345.252     2.028     0.060         2
   345.402     2.019     0.060         2
   345.564     2.024     0.060         2
   343.490     2.437     0.060         3
   343.654     2.400     0.060         3
   343.819     2.372     0.060         3
   343.980     2.348     0.060         3
   344.133     2.324     0.060         3
   344.294     2.300     0.060         3
   344.459     2.272     0.060         3
   344.612     2.273     0.060         3
   344.773     2.266     0.060         3
   344.927     2.250     0.060         3
   345.091     2.247     0.060         3
   345.252     2.231     0.060         3
   345.402     2.224     0.060         3
   345.564     2.204     0.060         3
   269.917    14.396     0.060         5
   270.238    14.322     0.060         5
   270.712    14.217     0.060         5
   271.040    14.132     0.060         5
   271.355    14.080     0.060         5
   271.837    13.998     0.060         5
   272.323    13.892     0.060         5
   272.810    13.806     0.060         5
   273.294    13.723     0.060         5
   273.616    13.672     0.060         5
   273.938    13.609     0.060         5
   274.422    13.515     0.060         5
   274.911    13.421     0.060         5
   275.237    13.392     0.060         5
   275.573    13.326     0.060         5
   276.062    13.229     0.060         5
   276.557    13.120     0.060         5
   277.048    13.019     0.060         5
   277.367    12.977     0.060         5
   277.679    12.898     0.060         5
   278.001    12.863     0.060         5
   278.324    12.800     0.060         5
   278.649    12.730     0.060         5
   279.286    12.624     0.060         5
   279.612    12.549     0.060         5
   280.098    12.444     0.060         5
   280.413    12.392     0.060         5
   280.892    12.299     0.060         5
   281.056    12.276     0.060         5
   281.696    12.176     0.060         5
   281.857    12.123     0.060         5
   282.333    12.051     0.060         5
   282.648    11.962     0.060         5
   283.127    11.894     0.060         5
   283.452    11.830     0.060         5
   283.928    11.738     0.060         5
   284.404    11.653     0.060         5
   284.729    11.604     0.060         5
   285.044    11.524     0.060         5
   285.684    11.408     0.060         5
   286.012    11.342     0.060         5
   286.488    11.255     0.060         5
   286.813    11.208     0.060         5
   287.139    11.131     0.060         5
   287.790    11.010     0.060         5
   288.101    10.946     0.060         5
   288.262    10.917     0.060         5
   288.743    10.820     0.060         5
   288.904    10.809     0.060         5
   289.388    10.734     0.060         5
   289.879    10.666     0.060         5
   290.365    10.595     0.060         5
   290.849    10.527     0.060         5
   291.669    10.433     0.060         5
   291.994    10.398     0.060         5
   292.623    10.296     0.060         5
   293.099    10.230     0.060         5
   293.414    10.199     0.060         5
   293.718    10.172     0.060         5
   293.882    10.157     0.060         5
   294.183    10.110     0.060         5
   294.347    10.118     0.060         5
   294.648    10.095     0.060         5
   294.963    10.068     0.060         5
   295.428    10.018     0.060         5
   295.579    10.001     0.060         5
   295.732     9.981     0.060         5
   295.883     9.960     0.060         5
   296.044     9.943     0.060         5
   296.194     9.922     0.060         5
   296.348     9.904     0.060         5
   296.498     9.883     0.060         5
   296.663     9.853     0.060         5
   296.813     9.828     0.060         5
   296.964     9.816     0.060         5
   297.117     9.792     0.060         5
   297.278     9.785     0.060         5
   297.432     9.756     0.060         5
   297.582     9.727     0.060         5
   297.736     9.694     0.060         5
   297.889     9.685     0.060         5
   298.040     9.664     0.060         5
   298.193     9.666     0.060         5
   298.358     9.661     0.060         5
   298.500     9.643     0.060         5
   298.654     9.617     0.060         5
   298.807     9.600     0.060         5
   298.961     9.579     0.060         5
   299.114     9.562     0.060         5
   299.268     9.549     0.060         5
   299.421     9.530     0.060         5
   299.575     9.510     0.060         5
   299.728     9.500     0.060         5
   299.874     9.461     0.060         5
   300.024     9.439     0.060         5
   300.178     9.425     0.060         5
   300.331     9.415     0.060         5
   300.482     9.385     0.060         5
   300.632     9.360     0.060         5
   300.783     9.339     0.060         5
   300.933     9.327     0.060         5
   301.084     9.316     0.060         5
   301.232     9.300     0.060         5
   301.382     9.288     0.060         5
   301.543     9.268     0.060         5
   301.701     9.260     0.060         5
   301.863     9.239     0.060         5
   302.021     9.226     0.060         5
   302.171     9.217     0.060         5
   302.333     9.201     0.060         5
   302.494     9.177     0.060         5
   302.655     9.152     0.060         5
   302.816     9.140     0.060         5
   302.967     9.115     0.060         5
   303.128     9.106     0.060         5
   303.286     9.080     0.060         5
   303.437     9.059     0.060         5
   303.598     9.031     0.060         5
   303.748     9.019     0.060         5
   303.909     9.003     0.060         5
   304.060     8.994     0.060         5
   304.221     8.981     0.060         5
   304.372     8.958     0.060         5
   304.533     8.945     0.060         5
   304.683     8.924     0.060         5
   304.845     8.902     0.060         5
   304.998     8.890     0.060         5
   305.159     8.871     0.060         5
   305.320     8.865     0.060         5
   305.471     8.846     0.060         5
   305.632     8.832     0.060         5
   305.783     8.801     0.060         5
   305.944     8.771     0.060         5
   306.094     8.760     0.060         5
   306.258     8.742     0.060         5
   306.420     8.732     0.060         5
   306.570     8.714     0.060         5
   306.731     8.695     0.060         5
   306.885     8.663     0.060         5
   307.046     8.642     0.060         5
   307.196     8.618     0.060         5
   307.350     8.600     0.060         5
   307.511     8.554     0.060         5
   307.662     8.515     0.060         5
   307.815     8.490     0.060         5
   307.976     8.461     0.060         5
   308.130     8.432     0.060         5
   308.291     8.411     0.060         5
   308.444     8.389     0.060         5
   308.598     8.365     0.060         5
   308.759     8.334     0.060         5
   308.913     8.310     0.060         5
   309.074     8.290     0.060         5
   309.224     8.265     0.060         5
   309.385     8.236     0.060         5
   309.536     8.219     0.060         5
   309.697     8.203     0.060         5
   309.848     8.198     0.060         5
   310.009     8.185     0.060         5
   310.159     8.160     0.060         5
   310.320     8.139     0.060         5
   310.482     8.121     0.060         5
   310.632     8.100     0.060         5
   310.793     8.082     0.060         5
   310.944     8.044     0.060         5
   311.105     8.027     0.060         5
   311.256     7.997     0.060         5
   311.417     7.968     0.060         5
   311.567     7.942     0.060         5
   311.731     7.921     0.060         5
   311.882     7.886     0.060         5
   312.043     7.856     0.060         5
   312.204     7.852     0.060         5
   312.355     7.831     0.060         5
   312.505     7.816     0.060         5
   312.666     7.798     0.060         5
   312.817     7.782     0.060         5
   312.978     7.760     0.060         5
   313.132     7.745     0.060         5
   313.293     7.729     0.060         5
   313.443     7.711     0.060         5
   313.604     7.686     0.060         5
   313.755     7.668     0.060         5
   313.905     7.648     0.060         5
   314.070     7.618     0.060         5
   314.220     7.597     0.060         5
   314.381     7.588     0.060         5
   314.532     7.553     0.060         5
   314.693     7.523     0.060         5
   314.843     7.500     0.060         5
   315.005     7.478     0.060         5
   315.155     7.463     0.060         5
   315.316     7.465     0.060         5
   315.467     7.431     0.060         5
   315.628     7.401     0.060         5
   315.779     7.386     0.060         5
   315.929     7.376     0.060         5
   316.090     7.366     0.060         5
   316.241     7.344     0.060         5
   316.405     7.322     0.060         5
   316.555     7.288     0.060         5
   316.717     7.273     0.060         5
   316.878     7.255     0.060         5
   317.039     7.240     0.060         5
   317.200     7.214     0.060         5
   317.350     7.168     0.060         5
   317.512     7.153     0.060         5
   317.673     7.127     0.060         5
   317.834     7.102     0.060         5
   317.995     7.085     0.060         5
   318.159     7.068     0.060         5
   318.320     7.075     0.060         5
   318.482     7.046     0.060         5
   318.632     7.008     0.060         5
   318.793     6.987     0.060         5
   318.954     6.971     0.060         5
   319.116     6.979     0.060         5
   319.277     6.962     0.060         5
   319.427     6.912     0.060         5
   319.588     6.914     0.060         5
   319.747     6.900     0.060         5
   319.908     6.890     0.060         5
   320.058     6.851     0.060         5
   320.219     6.845     0.060         5
   320.370     6.819     0.060         5
   320.523     6.809     0.060         5
   320.685     6.780     0.060         5
   320.835     6.754     0.060         5
   320.989     6.728     0.060         5
   321.139     6.722     0.060         5
   321.300     6.685     0.060         5
   321.451     6.655     0.060         5
   321.604     6.640     0.060         5
   321.755     6.637     0.060         5
   321.905     6.609     0.060         5
   322.056     6.594     0.060         5
   322.206     6.579     0.060         5
   322.370     6.556     0.060         5
   322.521     6.541     0.060         5
   322.671     6.515     0.060         5
   322.836     6.502     0.060         5
   322.986     6.465     0.060         5
   323.150     6.447     0.060         5
   323.301     6.434     0.060         5
   323.451     6.412     0.060         5
   323.605     6.383     0.060         5
   323.755     6.373     0.060         5
   323.906     6.332     0.060         5
   324.056     6.310     0.060         5
   324.210     6.279     0.060         5
   324.360     6.265     0.060         5
   324.511     6.250     0.060         5
   324.672     6.223     0.060         5
   324.825     6.204     0.060         5
   324.976     6.174     0.060         5
   325.126     6.159     0.060         5
   325.287     6.124     0.060         5
   325.449     6.102     0.060         5
   325.599     6.075     0.060         5
   325.760     6.052     0.060         5
   325.921     6.026     0.060         5
   326.072     6.005     0.060         5
   326.233     5.971     0.060         5
   326.384     5.943     0.060         5
   326.545     5.906     0.060         5
   326.692     5.883     0.060         5
   326.853     5.868     0.060         5
   327.004     5.833     0.060         5
   327.165     5.811     0.060         5
   327.326     5.792     0.060         5
   327.477     5.765     0.060         5
   327.638     5.750     0.060         5
   327.799     5.715     0.060         5
   327.946     5.683     0.060         5
   328.107     5.655     0.060         5
   328.265     5.631     0.060         5
   328.424     5.595     0.060         5
   328.585     5.587     0.060         5
   328.732     5.559     0.060         5
   328.890     5.517     0.060         5
   329.048     5.509     0.060         5
   329.196     5.478     0.060         5
   329.357     5.444     0.060         5
   329.504     5.434     0.060         5
   329.668     5.405     0.060         5
   329.819     5.391     0.060         5
   329.969     5.356     0.060         5
   330.123     5.338     0.060         5
   330.284     5.313     0.060         5
   330.434     5.295     0.060         5
   330.588     5.277     0.060         5
   330.749     5.245     0.060         5
   330.903     5.220     0.060         5
   331.053     5.200     0.060         5
   331.207     5.173     0.060         5
   331.371     5.152     0.060         5
   331.524     5.126     0.060         5
   331.675     5.106     0.060         5
   331.828     5.084     0.060         5
   331.993     5.056     0.060         5
   332.146     5.048     0.060         5
   332.297     5.024     0.060         5
   332.450     5.013     0.060         5
   332.604     4.989     0.060         5
   332.768     4.965     0.060         5
   332.921     4.937     0.060         5
   333.072     4.909     0.060         5
   229.595    21.723     0.060         8
   230.159    21.631     0.060         8
   230.576    21.584     0.060         8
   230.993    21.520     0.060         8
   231.283    21.485     0.060         8
   231.987    21.386     0.060         8
   232.127    21.366     0.060         8
   232.697    21.261     0.060         8
   233.125    21.202     0.060         8
   233.692    21.081     0.060         8
   233.972    21.041     0.060         8
   234.252    20.997     0.060         8
   234.528    20.953     0.060         8
   234.668    20.925     0.060         8
   234.948    20.885     0.060         8
   235.809    20.750     0.060         8
   236.522    20.621     0.060         8
   237.390    20.469     0.060         8
   237.982    20.369     0.060         8
   238.423    20.288     0.060         8
   239.039    20.189     0.060         8
   239.504    20.142     0.060         8
   240.295    20.014     0.060         8
   240.593    19.975     0.060         8
   241.055    19.903     0.060         8
   241.668    19.794     0.060         8
   241.969    19.755     0.060         8
   242.120    19.739     0.060         8
   242.704    19.652     0.060         8
   243.281    19.556     0.060         8
   243.569    19.512     0.060         8
   243.856    19.464     0.060         8
   244.313    19.388     0.060         8
   244.930    19.288     0.060         8
   245.078    19.276     0.060         8
   245.537    19.188     0.060         8
   246.129    19.096     0.060         8
   246.584    19.016     0.060         8
   246.888    18.960     0.060         8
   247.520    18.835     0.060         8
   247.835    18.791     0.060         8
   248.770    18.631     0.060         8
   249.547    18.458     0.060         8
   250.013    18.369     0.060         8
   250.163    18.321     0.060         8
   250.785    18.237     0.060         8
   251.256    18.148     0.060         8
   251.881    18.015     0.060         8
   252.363    17.923     0.060         8
   252.845    17.834     0.060         8
   253.173    17.770     0.060         8
   253.946    17.613     0.060         8
   254.096    17.582     0.060         8
   254.878    17.440     0.060         8
   255.660    17.291     0.060         8
   256.584    17.102     0.060         8
   257.519    16.917     0.060         8
   258.006    16.820     0.060         8
   258.167    16.799     0.060         8
   258.966    16.631     0.060         8
   259.439    16.543     0.060         8
   260.229    16.398     0.060         8
   260.390    16.386     0.060         8
   260.552    16.346     0.060         8
   261.812    16.134     0.060         8
   262.299    16.054     0.060         8
   262.785    15.974     0.060         8
   263.272    15.881     0.060         8
   263.745    15.814     0.060         8
   264.400    15.702     0.060         8
   264.734    15.637     0.060         8
   265.713    15.486     0.060         8
   266.043    15.430     0.060         8
   267.024    15.266     0.060         8
   267.672    15.158     0.060         8
   267.833    15.121     0.060         8
   268.473    15.014     0.060         8
   269.429    14.850     0.060         8
   270.394    14.685     0.060         8
   270.876    14.588     0.060         8
   271.355    14.500     0.060         8
   271.998    14.380     0.060         8
   272.323    14.311     0.060         8
   272.649    14.255     0.060         8
   273.132    14.175     0.060         8
   273.294    14.147     0.060         8
   273.616    14.091     0.060         8
   273.938    14.031     0.060         8
   274.261    13.966     0.060         8
   274.586    13.906     0.060         8
   275.073    13.814     0.060         8
   275.737    13.706     0.060         8
   276.227    13.622     0.060         8
   276.729    13.522     0.060         8
   277.048    13.482     0.060         8
   277.367    13.430     0.060         8
   277.840    13.337     0.060         8
   278.001    13.305     0.060         8
   278.488    13.217     0.060         8
   278.810    13.153     0.060         8
   278.975    13.137     0.060         8
   279.447    13.048     0.060         8
   280.738    12.832     0.060         8
   281.381    12.708     0.060         8
   282.172    12.592     0.060         8
   282.648    12.512     0.060         8
   283.127    12.440     0.060         8
   283.603    12.365     0.060         8
   283.764    12.345     0.060         8
   284.404    12.237     0.060         8
   284.729    12.181     0.060         8
   287.303    11.757     0.060         8
   288.101    11.625     0.060         8
   289.388    11.417     0.060         8
   336.003     4.382     0.060        10
   336.167     4.354     0.060        10
   336.328     4.321     0.060        10
   336.492     4.284     0.060        10
   336.645     4.279     0.060        10
   336.807     4.241     0.060        10
   336.971     4.200     0.060        10
   337.135     4.173     0.060        10
   337.288     4.131     0.060        10
   337.452     4.092     0.060        10
   337.606     4.050     0.060        10
   337.770     4.034     0.060        10
   337.931     3.988     0.060        10
   338.095     3.944     0.060        10
   338.246     3.899     0.060        10
   338.407     3.848     0.060        10
   338.557     3.807     0.060        10
   338.719     3.760     0.060        10
   338.880     3.718     0.060        10
   339.041     3.710     0.060        10
   339.202     3.645     0.060        10
   339.353     3.608     0.060        10
   339.514     3.570     0.060        10
   339.675     3.526     0.060        10
   339.833     3.481     0.060        10
   339.984     3.441     0.060        10
   340.145     3.388     0.060        10
   340.306     3.337     0.060        10
   121.022    35.838     0.060        13
   121.670    35.754     0.060        13
   122.472    35.654     0.060        13
   123.271    35.565     0.060        13
   123.894    35.500     0.060        13
   124.998    35.371     0.060        13
   125.635    35.302     0.060        13
   126.721    35.189     0.060        13
   127.181    35.144     0.060        13
   127.805    35.079     0.060        13
   128.281    35.030     0.060        13
   129.086    34.941     0.060        13
   129.575    34.883     0.060        13
   130.528    34.774     0.060        13
   131.491    34.659     0.060        13
   132.296    34.559     0.060        13
   133.426    34.425     0.060        13
   135.043    34.254     0.060        13
   136.948    34.040     0.060        13
   275.573    14.145     0.060        14
   275.901    14.089     0.060        14
   276.557    13.964     0.060        14
   277.048    13.880     0.060        14
   277.679    13.750     0.060        14
   278.649    13.600     0.060        14
   279.125    13.529     0.060        14
   279.773    13.395     0.060        14
   280.892    13.191     0.060        14
   281.857    13.014     0.060        14
   282.333    12.947     0.060        14
   282.812    12.854     0.060        14
   283.603    12.673     0.060        14
   284.240    12.552     0.060        14
   285.044    12.416     0.060        14
   285.684    12.312     0.060        14
   286.488    12.158     0.060        14
   287.139    12.067     0.060        14
   287.790    11.961     0.060        14
   288.262    11.853     0.060        14
   288.904    11.726     0.060        14
   289.388    11.634     0.060        14
   289.879    11.552     0.060        14
   290.849    11.421     0.060        14
   291.343    11.352     0.060        14
   292.144    11.257     0.060        14
   292.470    11.212     0.060        14
   292.784    11.177     0.060        14
   293.567    11.065     0.060        14
   293.882    11.036     0.060        14
   294.498    10.932     0.060        14
   294.963    10.889     0.060        14
   295.278    10.870     0.060        14
   295.579    10.851     0.060        14
   295.883    10.828     0.060        14
   296.498    10.773     0.060        14
   297.117    10.694     0.060        14
   297.582    10.634     0.060        14
   298.040    10.591     0.060        14
   298.358    10.527     0.060        14
   298.961    10.444     0.060        14
   299.421    10.384     0.060        14
   300.024    10.292     0.060        14
   300.482    10.241     0.060        14
   301.232    10.134     0.060        14
   301.701    10.095     0.060        14
   302.333    10.032     0.060        14
   302.967     9.957     0.060        14
   303.748     9.837     0.060        14
   304.372     9.758     0.060        14
   304.998     9.679     0.060        14
   305.471     9.632     0.060        14
   306.258     9.541     0.060        14
   306.885     9.470     0.060        14
   307.662     9.342     0.060        14
   308.291     9.252     0.060        14
   308.759     9.192     0.060        14
   309.385     9.101     0.060        14
   310.009     9.020     0.060        14
   310.632     8.941     0.060        14
   311.417     8.841     0.060        14
   311.882     8.781     0.060        14
   312.505     8.705     0.060        14
   313.132     8.625     0.060        14
   313.905     8.537     0.060        14
   314.220     8.489     0.060        14
   315.005     8.401     0.060        14
   315.628     8.305     0.060        14
   316.090     8.224     0.060        14
   317.039     8.104     0.060        14
   317.834     8.004     0.060        14
   318.320     7.963     0.060        14
   318.793     7.901     0.060        14
   319.277     7.827     0.060        14
   319.747     7.776     0.060        14
   320.370     7.707     0.060        14
   321.300     7.580     0.060        14
   321.905     7.515     0.060        14
   322.206     7.427     0.060        14
   322.671     7.351     0.060        14
   323.150     7.277     0.060        14
   323.906     7.218     0.060        14
   324.672     7.078     0.060        14
   325.126     7.000     0.060        14
   251.728    30.518     0.060        24
   252.045    30.443     0.060        24
   252.845    30.191     0.060        24
   253.480    30.016     0.060        24
   254.096    29.861     0.060        24
   254.727    29.682     0.060        24
   255.348    29.507     0.060        24
   255.810    29.374     0.060        24
   256.584    29.146     0.060        24
   257.208    28.960     0.060        24
   258.006    28.718     0.060        24
   258.801    28.446     0.060        24
   260.552    27.852     0.060        24
   261.178    27.676     0.060        24
   262.138    27.402     0.060        24
   345.626     1.000     0.000         0
   345.727     1.267     0.060         1
   345.877     1.285     0.060         1
   346.038     1.307     0.060         1
   346.202     1.347     0.060         1
   346.353     1.381     0.060         1
   346.514     1.420     0.060         1
   346.678     1.489     0.060         1
   346.839     1.526     0.060         1
   346.990     1.574     0.060         1
   347.154     1.656     0.060         1
   347.308     1.716     0.060         1
   347.469     1.782     0.060         1
   347.622     1.870     0.060         1
   347.786     1.958     0.060         1
   347.937     2.040     0.060         1
   348.090     2.150     0.060         1
   348.255     2.257     0.060         1
   348.408     2.347     0.060         1
   348.572     2.430     0.060         1
   348.726     2.510     0.060         1
   348.890     2.625     0.060         1
   349.044     2.708     0.060         1
   349.208     2.804     0.060         1
   345.727     2.032     0.060         2
   345.877     2.044     0.060         2
   346.038     2.056     0.060         2
   346.202     2.079     0.060         2
   346.353     2.103     0.060         2
   346.514     2.126     0.060         2
   345.727     2.213     0.060         3
   345.877     2.216     0.060         3
   346.038     2.229     0.060         3
   346.202     2.236     0.060         3
   346.353     2.255     0.060         3
   346.514     2.275     0.060         3
   346.678     2.306     0.060         3
   346.839     2.330     0.060         3
   346.990     2.350     0.060         3
   347.154     2.403     0.060         3
   347.308     2.427     0.060         3
   347.469     2.471     0.060         3
   347.622     2.511     0.060         3
   347.786     2.544     0.060         3
   353.491     4.180     0.060         5
   353.641     4.209     0.060         5
   353.806     4.235     0.060         5
   353.956     4.264     0.060         5
   354.109     4.295     0.060         5
   354.271     4.319     0.060         5
   354.424     4.357     0.060         5
   354.585     4.388     0.060         5
   354.739     4.426     0.060         5
   354.900     4.455     0.060         5
   355.053     4.479     0.060         5
   355.214     4.504     0.060         5
   355.368     4.538     0.060         5
   355.529     4.563     0.060         5
   355.683     4.596     0.060         5
   355.833     4.628     0.060         5
   355.997     4.673     0.060         5
   356.148     4.701     0.060         5
   356.312     4.729     0.060         5
   356.462     4.759     0.060         5
   356.623     4.794     0.060         5
   356.787     4.823     0.060         5
   356.938     4.855     0.060         5
   357.102     4.887     0.060         5
   357.263     4.920     0.060         5
   357.417     4.964     0.060         5
   357.578     4.996     0.060         5
   357.742     5.035     0.060         5
   357.895     5.070     0.060         5
   358.057     5.142     0.060         5
   358.210     5.174     0.060         5
   358.374     5.212     0.060         5
   358.535     5.247     0.060         5
   358.699     5.289     0.060         5
   358.861     5.330     0.060         5
   359.014     5.370     0.060         5
   359.178     5.399     0.060         5
   359.339     5.436     0.060         5
   359.503     5.485     0.060         5
   359.665     5.526     0.060         5
   359.818     5.568     0.060         5
   359.979     5.602     0.060         5
   360.130     5.644     0.060         5
   360.294     5.679     0.060         5
   360.444     5.725     0.060         5
   360.608     5.759     0.060         5
   360.769     5.810     0.060         5
   360.934     5.850     0.060         5
   361.095     5.893     0.060         5
   361.259     5.929     0.060         5
   361.420     5.964     0.060         5
   361.581     5.996     0.060         5
   361.732     6.035     0.060         5
   361.893     6.075     0.060         5
   362.043     6.111     0.060         5
   362.207     6.143     0.060         5
   362.358     6.166     0.060         5
   362.519     6.202     0.060         5
   362.680     6.244     0.060         5
   362.841     6.290     0.060         5
   363.005     6.336     0.060         5
   363.166     6.378     0.060         5
   363.338     6.412     0.060         5
   363.499     6.450     0.060         5
   363.663     6.491     0.060         5
   363.824     6.541     0.060         5
   363.986     6.589     0.060         5
   364.147     6.672     0.060         5
   364.308     6.700     0.060         5
   364.469     6.767     0.060         5
   364.630     6.819     0.060         5
   364.794     6.867     0.060         5
   364.945     6.905     0.060         5
   365.109     6.961     0.060         5
   365.270     7.016     0.060         5
   365.423     7.074     0.060         5
   365.585     7.114     0.060         5
   365.749     7.171     0.060         5
   365.910     7.227     0.060         5
   366.063     7.263     0.060         5
   366.224     7.303     0.060         5
   366.386     7.346     0.060         5
   366.539     7.389     0.060         5
   366.700     7.424     0.060         5
   366.864     7.455     0.060         5
   367.015     7.506     0.060         5
   367.176     7.541     0.060         5
   367.340     7.568     0.060         5
   367.490     7.596     0.060         5
   367.655     7.625     0.060         5
   367.816     7.658     0.060         5
   367.966     7.700     0.060         5
   368.130     7.739     0.060         5
   368.291     7.785     0.060         5
   368.445     7.820     0.060         5
   368.606     7.846     0.060         5
   368.759     7.873     0.060         5
   368.921     7.895     0.060         5
   369.071     7.921     0.060         5
   369.235     7.952     0.060         5
   369.386     7.970     0.060         5
   369.550     8.001     0.060         5
   369.711     8.032     0.060         5
   369.861     8.075     0.060         5
   370.022     8.095     0.060         5
   370.187     8.126     0.060         5
   370.337     8.145     0.060         5
   370.498     8.172     0.060         5
   370.659     8.204     0.060         5
   370.810     8.223     0.060         5
   370.971     8.247     0.060         5
   371.121     8.281     0.060         5
   371.282     8.298     0.060         5
   371.444     8.325     0.060         5
   371.594     8.353     0.060         5
   371.755     8.360     0.060         5
   371.906     8.395     0.060         5
   372.067     8.416     0.060         5
   372.217     8.417     0.060         5
   372.378     8.440     0.060         5
   372.529     8.455     0.060         5
   372.690     8.473     0.060         5
   372.851     8.507     0.060         5
   373.012     8.516     0.060         5
   373.173     8.522     0.060         5
   373.337     8.546     0.060         5
   373.488     8.570     0.060         5
   373.652     8.588     0.060         5
   373.813     8.602     0.060         5
   373.977     8.612     0.060         5
   374.138     8.638     0.060         5
   374.289     8.661     0.060         5
   374.453     8.683     0.060         5
   374.614     8.705     0.060         5
   374.778     8.729     0.060         5
   374.942     8.738     0.060         5
   375.103     8.785     0.060         5
   375.267     8.826     0.060         5
   375.418     8.855     0.060         5
   375.582     8.881     0.060         5
   375.743     8.925     0.060         5
   375.907     8.971     0.060         5
   376.068     8.985     0.060         5
   376.219     8.994     0.060         5
   376.383     9.008     0.060         5
   376.544     9.018     0.060         5
   376.705     9.061     0.060         5
   376.869     9.079     0.060         5
   377.030     9.094     0.060         5
   377.192     9.089     0.060         5
   377.356     9.099     0.060         5
   377.517     9.118     0.060         5
   377.678     9.125     0.060         5
   377.842     9.161     0.060         5
   378.003     9.180     0.060         5
   378.167     9.183     0.060         5
   378.328     9.194     0.060         5
   378.500     9.205     0.060         5
   378.664     9.210     0.060         5
   378.825     9.195     0.060         5
   378.986     9.207     0.060         5
   379.140     9.217     0.060         5
   379.301     9.229     0.060         5
   379.465     9.225     0.060         5
   379.790     9.217     0.060         5
   380.269     9.219     0.060         5
   380.745     9.225     0.060         5
   381.387     9.223     0.060         5
   381.866     9.200     0.060         5
   382.342     9.194     0.060         5
   382.810     9.205     0.060         5
   383.286     9.232     0.060         5
   383.751     9.230     0.060         5
   384.533     9.289     0.060         5
   385.316     9.360     0.060         5
   386.246     9.509     0.060         5
   386.861     9.647     0.060         5
   387.326     9.777     0.060         5
   387.942     9.886     0.060         5
   388.396    10.004     0.060         5
   389.022    10.124     0.060         5
   389.659    10.237     0.060         5
   390.296    10.405     0.060         5
   390.922    10.525     0.060         5
   391.860    10.711     0.060         5
   392.332    10.815     0.060         5
   392.808    10.882     0.060         5
   393.455    11.022     0.060         5
   394.100    11.168     0.060         5
   349.358     2.896     0.060        10
   349.519     2.954     0.060        10
   349.680     2.995     0.060        10
   349.842     3.057     0.060        10
   350.003     3.122     0.060        10
   350.164     3.188     0.060        10
   350.322     3.244     0.060        10
   350.483     3.301     0.060        10
   350.644     3.357     0.060        10
   350.791     3.442     0.060        10
   350.952     3.494     0.060        10
   351.113     3.547     0.060        10
   351.272     3.611     0.060        10
   351.433     3.653     0.060        10
   351.583     3.731     0.060        10
   351.744     3.802     0.060        10
   351.906     3.848     0.060        10
   352.067     3.918     0.060        10
   352.228     3.975     0.060        10
   353.330     5.086     0.060        14
   353.956     5.193     0.060        14
   354.585     5.306     0.060        14
   354.900     5.365     0.060        14
   355.683     5.483     0.060        14
   355.833     5.528     0.060        14
   356.462     5.643     0.060        14
   357.102     5.787     0.060        14
   357.578     5.928     0.060        14
   358.535     6.095     0.060        14
   358.861     6.196     0.060        14
   359.178     6.293     0.060        14
   359.503     6.367     0.060        14
   359.979     6.464     0.060        14
   360.294     6.554     0.060        14
   360.769     6.658     0.060        14
   361.420     6.838     0.060        14
   361.732     6.915     0.060        14
   361.893     6.985     0.060        14
   362.207     7.085     0.060        14
   362.519     7.164     0.060        14
   362.841     7.270     0.060        14
   363.338     7.396     0.060        14
   363.499     7.497     0.060        14
   364.147     7.657     0.060        14
   364.469     7.763     0.060        14
   364.630     7.851     0.060        14
   365.270     8.011     0.060        14
   365.585     8.125     0.060        14
   365.749     8.206     0.060        14
   366.539     8.349     0.060        14
   366.700     8.422     0.060        14
   367.340     8.576     0.060        14
   367.816     8.660     0.060        14
   368.445     8.778     0.060        14
   369.071     8.867     0.060        14
   370.022     9.018     0.060        14
   370.659     9.112     0.060        14
   371.282     9.209     0.060        14
   371.906     9.293     0.060        14
   372.217     9.344     0.060        14
   373.012     9.408     0.060        14
   374.138     9.534     0.060        14
   374.614     9.542     0.060        14
   375.582     9.637     0.060        14
   376.219     9.712     0.060        14
   377.030     9.776     0.060        14
   377.842     9.864     0.060        14
   378.328     9.926     0.060        14
   378.986     9.971     0.060        14
   379.626     9.993     0.060        14
   379.951    10.015     0.060        14
   380.430    10.014     0.060        14
   381.226    10.006     0.060        14
   381.866    10.034     0.060        14
   382.342    10.061     0.060        14
   382.971    10.110     0.060        14
   383.436    10.126     0.060        14
   384.065    10.147     0.060        14
   385.001    10.261     0.060        14
   385.942    10.383     0.060        14
   386.557    10.481     0.060        14
   387.162    10.557     0.060        14
   387.630    10.645     0.060        14
   388.095    10.764     0.060        14
   388.872    10.896     0.060        14
   389.509    11.047     0.060        14
   390.296    11.142     0.060        14
   391.384    11.344     0.060        14
   392.171    11.460     0.060        14
     0.000     0.000     0.000        -1
