   264.830    -1.000     0.000         0
   262.460     2.098     0.060         1
   262.624     2.025     0.060         1
   262.785     1.939     0.060         1
   262.946     1.849     0.060         1
   263.110     1.800     0.060         1
   263.271     1.752     0.060         1
   263.432     1.683     0.060         1
   263.583     1.640     0.060         1
   263.744     1.605     0.060         1
   263.905     1.574     0.060         1
   264.079     1.542     0.060         1
   264.240     1.518     0.060         1
   264.399     1.498     0.060         1
   264.560     1.486     0.060         1
   264.729     1.485     0.060         1
   264.766     1.492     0.060         1
   261.976     2.672     0.060         3
   262.137     2.640     0.060         3
   262.298     2.594     0.060         3
   262.460     2.547     0.060         3
   262.624     2.506     0.060         3
   262.785     2.470     0.060         3
   262.946     2.438     0.060         3
   263.110     2.418     0.060         3
   263.271     2.386     0.060         3
   263.432     2.364     0.060         3
   263.583     2.341     0.060         3
   263.744     2.314     0.060         3
   263.905     2.302     0.060         3
   264.079     2.291     0.060         3
   264.240     2.276     0.060         3
   264.399     2.268     0.060         3
   264.560     2.281     0.060         3
   264.729     2.269     0.060         3
   264.766     2.259     0.060         3
    91.508    30.180     0.060         5
    92.289    30.051     0.060         5
    92.765    29.958     0.060         5
    93.400    29.837     0.060         5
    94.037    29.707     0.060         5
    94.664    29.590     0.060         5
    95.302    29.452     0.060         5
    95.617    29.363     0.060         5
    96.251    29.233     0.060         5
    97.042    29.079     0.060         5
    97.516    28.978     0.060         5
    97.989    28.885     0.060         5
    98.919    28.720     0.060         5
    99.540    28.598     0.060         5
   100.002    28.493     0.060         5
   100.615    28.384     0.060         5
   101.232    28.275     0.060         5
   101.843    28.187     0.060         5
   102.462    28.111     0.060         5
   102.764    28.066     0.060         5
   103.523    27.946     0.060         5
   104.314    27.837     0.060         5
   105.108    27.737     0.060         5
   105.892    27.608     0.060         5
   106.368    27.548     0.060         5
   107.457    27.388     0.060         5
   108.544    27.235     0.060         5
   109.315    27.106     0.060         5
   109.953    27.026     0.060         5
   110.580    26.946     0.060         5
   111.193    26.854     0.060         5
   112.129    26.738     0.060         5
   113.201    26.606     0.060         5
   113.997    26.506     0.060         5
   114.309    26.466     0.060         5
   115.280    26.346     0.060         5
   115.764    26.282     0.060         5
   117.188    26.107     0.060         5
   118.293    25.991     0.060         5
   119.568    25.841     0.060         5
   121.184    25.627     0.060         5
   123.583    25.268     0.060         5
   125.474    24.993     0.060         5
   128.120    24.606     0.060         5
   130.854    24.252     0.060         5
   132.783    24.032     0.060         5
   134.239    23.866     0.060         5
   134.726    23.822     0.060         5
   135.205    23.770     0.060         5
   135.842    23.707     0.060         5
   136.308    23.659     0.060         5
   137.099    23.576     0.060         5
   137.575    23.516     0.060         5
   137.901    23.493     0.060         5
   138.527    23.391     0.060         5
   139.490    23.259     0.060         5
   139.966    23.170     0.060         5
   140.776    23.058     0.060         5
   141.252    22.974     0.060         5
   141.578    22.950     0.060         5
   142.064    22.858     0.060         5
   142.379    22.792     0.060         5
   142.866    22.699     0.060         5
   143.178    22.671     0.060         5
   143.665    22.574     0.060         5
   143.987    22.526     0.060         5
   144.474    22.458     0.060         5
   145.112    22.333     0.060         5
   146.082    22.215     0.060         5
   224.658    10.569     0.060         5
   224.809    10.560     0.060         5
   224.948    10.562     0.060         5
   225.099    10.549     0.060         5
   225.239    10.543     0.060         5
   225.389    10.510     0.060         5
   225.529    10.497     0.060         5
   225.680    10.491     0.060         5
   225.830    10.474     0.060         5
   225.973    10.409     0.060         5
   226.124    10.432     0.060         5
   226.274    10.392     0.060         5
   226.414    10.372     0.060         5
   226.565    10.360     0.060         5
   226.715    10.255     0.060         5
   226.855    10.255     0.060         5
   227.006    10.219     0.060         5
   227.146    10.242     0.060         5
   227.296    10.226     0.060         5
   227.436    10.194     0.060         5
   227.587    10.174     0.060         5
   227.737    10.134     0.060         5
   227.877    10.102     0.060         5
   228.028    10.098     0.060         5
   228.168    10.126     0.060         5
   228.318    10.018     0.060         5
   228.461    10.034     0.060         5
   228.609    10.026     0.060         5
   228.749     9.994     0.060         5
   228.889     9.997     0.060         5
   229.028     9.941     0.060         5
   229.179     9.952     0.060         5
   229.319     9.907     0.060         5
   229.459     9.899     0.060         5
   229.596     9.886     0.060         5
   229.746     9.849     0.060         5
   229.883     9.840     0.060         5
   230.023     9.812     0.060         5
   230.160     9.804     0.060         5
   230.300     9.748     0.060         5
   230.440     9.732     0.060         5
   230.577     9.716     0.060         5
   230.717     9.696     0.060         5
   230.857     9.659     0.060         5
   230.993     9.653     0.060         5
   231.133     9.636     0.060         5
   231.284     9.603     0.060         5
   231.424     9.586     0.060         5
   231.561     9.569     0.060         5
   231.701     9.552     0.060         5
   231.851     9.528     0.060         5
   231.988     9.516     0.060         5
   232.128     9.480     0.060         5
   232.268     9.468     0.060         5
   232.408     9.436     0.060         5
   232.558     9.428     0.060         5
   232.698     9.380     0.060         5
   232.846     9.368     0.060         5
   232.986     9.356     0.060         5
   233.126     9.332     0.060         5
   233.266     9.296     0.060         5
   233.416     9.268     0.060         5
   233.553     9.256     0.060         5
   233.693     9.240     0.060         5
   233.833     9.192     0.060         5
   233.973     9.176     0.060         5
   234.113     9.148     0.060         5
   234.252     9.128     0.060         5
   234.389     9.084     0.060         5
   234.529     9.084     0.060         5
   234.669     9.104     0.060         5
   234.809     9.032     0.060         5
   234.949     9.012     0.060         5
   235.099     9.016     0.060         5
   235.239     8.968     0.060         5
   235.379     8.964     0.060         5
   235.530     8.924     0.060         5
   235.670     8.892     0.060         5
   235.810     8.874     0.060         5
   235.949     8.836     0.060         5
   236.100     8.802     0.060         5
   236.240     8.772     0.060         5
   236.383     8.742     0.060         5
   236.523     8.739     0.060         5
   236.673     8.701     0.060         5
   236.813     8.650     0.060         5
   236.964     8.630     0.060         5
   237.101     8.586     0.060         5
   237.251     8.570     0.060         5
   237.391     8.519     0.060         5
   237.542     8.490     0.060         5
   237.692     8.422     0.060         5
   237.832     8.422     0.060         5
   237.983     8.374     0.060         5
   238.122     8.394     0.060         5
   238.273     8.367     0.060         5
   238.424     8.352     0.060         5
   238.574     8.328     0.060         5
   238.725     8.304     0.060         5
   238.886     8.288     0.060         5
   239.039     8.272     0.060         5
   239.190     8.224     0.060         5
   239.344     8.212     0.060         5
   239.505     8.184     0.060         5
   239.658     8.164     0.060         5
   239.819     8.136     0.060         5
   239.970     8.100     0.060         5
   240.134     8.068     0.060         5
   240.295     8.040     0.060         5
   240.443     8.012     0.060         5
   240.594     7.980     0.060         5
   240.744     7.960     0.060         5
   240.895     7.944     0.060         5
   241.056     7.912     0.060         5
   241.206     7.888     0.060         5
   241.354     7.856     0.060         5
   241.508     7.836     0.060         5
   241.669     7.812     0.060         5
   241.819     7.784     0.060         5
   241.970     7.760     0.060         5
   242.120     7.736     0.060         5
   242.274     7.712     0.060         5
   242.414     7.684     0.060         5
   242.554     7.664     0.060         5
   242.704     7.636     0.060         5
   242.844     7.636     0.060         5
   242.995     7.604     0.060         5
   243.132     7.584     0.060         5
   243.282     7.552     0.060         5
   243.419     7.524     0.060         5
   243.570     7.496     0.060         5
   243.717     7.473     0.060         5
   243.857     7.446     0.060         5
   244.015     7.419     0.060         5
   244.163     7.407     0.060         5
   244.314     7.368     0.060         5
   244.461     7.345     0.060         5
   244.622     7.305     0.060         5
   244.770     7.278     0.060         5
   244.931     7.239     0.060         5
   245.079     7.211     0.060         5
   245.240     7.172     0.060         5
   245.388     7.140     0.060         5
   245.538     7.109     0.060         5
   245.689     7.077     0.060         5
   245.826     7.042     0.060         5
   245.976     6.993     0.060         5
   246.130     6.957     0.060         5
   246.270     6.926     0.060         5
   246.431     6.895     0.060         5
   246.584     6.860     0.060         5
   246.735     6.830     0.060         5
   246.888     6.798     0.060         5
   247.053     6.757     0.060         5
   247.203     6.725     0.060         5
   247.367     6.700     0.060         5
   247.521     6.663     0.060         5
   247.671     6.619     0.060         5
   247.836     6.586     0.060         5
   247.986     6.555     0.060         5
   248.147     6.520     0.060         5
   248.298     6.465     0.060         5
   248.459     6.437     0.060         5
   248.610     6.398     0.060         5
   248.771     6.358     0.060         5
   248.921     6.327     0.060         5
   249.086     6.291     0.060         5
   249.236     6.256     0.060         5
   249.397     6.229     0.060         5
   249.548     6.193     0.060         5
   249.709     6.165     0.060         5
   249.860     6.121     0.060         5
   250.013     6.084     0.060         5
   250.164     6.040     0.060         5
   250.317     6.012     0.060         5
   250.471     5.948     0.060         5
   250.632     5.907     0.060         5
   250.785     5.886     0.060         5
   250.939     5.846     0.060         5
   251.103     5.788     0.060         5
   251.257     5.771     0.060         5
   251.410     5.736     0.060         5
   251.574     5.688     0.060         5
   251.728     5.684     0.060         5
   251.881     5.609     0.060         5
   252.045     5.577     0.060         5
   252.199     5.542     0.060         5
   252.363     5.490     0.060         5
   252.527     5.458     0.060         5
   252.680     5.403     0.060         5
   252.845     5.382     0.060         5
   253.009     5.330     0.060         5
   253.173     5.279     0.060         5
   253.326     5.229     0.060         5
   253.480     5.187     0.060         5
   253.633     5.137     0.060         5
   253.794     5.084     0.060         5
   253.945     5.036     0.060         5
   254.095     4.988     0.060         5
   254.256     4.934     0.060         5
   254.415     4.882     0.060         5
   254.565     4.839     0.060         5
   254.727     4.795     0.060         5
   254.877     4.749     0.060         5
   255.036     4.694     0.060         5
   255.186     4.640     0.060         5
   255.347     4.577     0.060         5
   255.498     4.528     0.060         5
   255.659     4.491     0.060         5
   255.810     4.450     0.060         5
   255.971     4.409     0.060         5
   256.122     4.363     0.060         5
   256.272     4.314     0.060         5
   256.433     4.259     0.060         5
   256.584     4.213     0.060         5
   256.734     4.152     0.060         5
   256.896     4.105     0.060         5
   257.046     4.052     0.060         5
   257.207     3.997     0.060         5
   257.369     3.943     0.060         5
   257.519     3.895     0.060         5
   257.681     3.841     0.060         5
   257.842     3.770     0.060         5
   258.006     3.716     0.060         5
   258.167     3.659     0.060         5
   258.328     3.618     0.060         5
   258.479     3.574     0.060         5
   258.640     3.529     0.060         5
   258.801     3.480     0.060         5
   258.965     3.443     0.060         5
   259.116     3.400     0.060         5
   259.277     3.358     0.060         5
   259.438     3.325     0.060         5
   259.592     3.280     0.060         5
    71.110    33.023     0.060         8
    71.892    32.930     0.060         8
    72.988    32.801     0.060         8
    74.393    32.625     0.060         8
    75.907    32.437     0.060         8
    77.296    32.265     0.060         8
    79.318    32.009     0.060         8
    80.854    31.810     0.060         8
    82.723    31.571     0.060         8
    84.450    31.341     0.060         8
    85.399    31.213     0.060         8
    86.177    31.117     0.060         8
    87.595    30.925     0.060         8
    89.013    30.732     0.060         8
    90.098    30.593     0.060         8
    90.878    30.500     0.060         8
    91.508    30.415     0.060         8
    92.604    30.251     0.060         8
    94.037    30.060     0.060         8
    94.979    29.882     0.060         8
    96.416    29.623     0.060         8
    97.516    29.422     0.060         8
    98.919    29.153     0.060         8
   100.153    28.954     0.060         8
   101.536    28.746     0.060         8
   118.766    26.515     0.060         8
   120.052    26.371     0.060         8
   121.509    26.222     0.060         8
   122.634    26.117     0.060         8
   124.046    25.934     0.060         8
   125.313    25.781     0.060         8
   126.249    25.658     0.060         8
   127.031    25.580     0.060         8
   128.281    25.402     0.060         8
   129.086    25.331     0.060         8
   131.169    25.057     0.060         8
   132.296    24.902     0.060         8
   133.101    24.809     0.060         8
   135.044    24.587     0.060         8
   136.157    24.482     0.060         8
   137.575    24.321     0.060         8
   138.689    24.187     0.060         8
   139.490    24.081     0.060         8
   141.252    23.846     0.060         8
   225.830    11.123     0.060        14
   225.973    11.103     0.060        14
   226.274    11.059     0.060        14
   226.414    11.048     0.060        14
   226.565    11.028     0.060        14
   227.006    10.960     0.060        14
   227.146    10.944     0.060        14
   227.296    10.924     0.060        14
   227.587    10.889     0.060        14
   227.877    10.849     0.060        14
   228.168    10.809     0.060        14
   228.609    10.746     0.060        14
   228.889    10.710     0.060        14
   229.028    10.694     0.060        14
   229.319    10.650     0.060        14
   229.746    10.578     0.060        14
   229.883    10.558     0.060        14
   230.160    10.519     0.060        14
   230.577    10.472     0.060        14
   230.857    10.433     0.060        14
   231.284    10.355     0.060        14
   231.561    10.313     0.060        14
   232.408    10.184     0.060        14
   232.986    10.088     0.060        14
   233.266    10.029     0.060        14
   233.833     9.936     0.060        14
   234.252     9.865     0.060        14
   234.949     9.736     0.060        14
   235.379     9.655     0.060        14
   236.100     9.519     0.060        14
   236.673     9.398     0.060        14
   237.101     9.293     0.060        14
   237.542     9.196     0.060        14
   237.983     9.066     0.060        14
   238.574     8.933     0.060        14
   239.344     8.780     0.060        14
   239.819     8.688     0.060        14
   240.134     8.632     0.060        14
   241.056     8.467     0.060        14
   241.508     8.391     0.060        14
   241.970     8.320     0.060        14
   242.120     8.304     0.060        14
   242.274     8.276     0.060        14
   242.554     8.244     0.060        14
   242.844     8.205     0.060        14
   243.132     8.161     0.060        14
   243.419     8.108     0.060        14
   244.163     7.944     0.060        14
   244.622     7.860     0.060        14
   245.079     7.779     0.060        14
   245.388     7.723     0.060        14
   245.689     7.675     0.060        14
   246.130     7.578     0.060        14
   246.431     7.514     0.060        14
   247.053     7.381     0.060        14
   247.521     7.260     0.060        14
   247.836     7.191     0.060        14
   248.147     7.118     0.060        14
   248.459     7.050     0.060        14
   248.771     6.965     0.060        14
   248.921     6.941     0.060        14
   249.397     6.840     0.060        14
   249.709     6.755     0.060        14
   250.013     6.683     0.060        14
   250.317     6.589     0.060        14
   250.632     6.500     0.060        14
   250.785     6.472     0.060        14
   250.939     6.407     0.060        14
   251.257     6.347     0.060        14
   251.574     6.258     0.060        14
   251.881     6.175     0.060        14
   252.199     6.071     0.060        14
   252.527     5.975     0.060        14
   252.845     5.901     0.060        14
   253.009     5.848     0.060        14
   253.326     5.748     0.060        14
   253.794     5.626     0.060        14
   254.256     5.525     0.060        14
   254.565     5.430     0.060        14
   255.036     5.306     0.060        14
   255.186     5.258     0.060        14
   255.347     5.209     0.060        14
   255.810     5.100     0.060        14
   255.971     5.035     0.060        14
   256.272     4.966     0.060        14
   256.433     4.905     0.060        14
   256.734     4.800     0.060        14
    32.196    38.089     0.060        16
    33.808    37.847     0.060        16
    35.444    37.569     0.060        16
    39.170    37.027     0.060        16
    41.448    36.712     0.060        16
    44.288    36.293     0.060        16
    46.963    35.897     0.060        16
    49.159    35.663     0.060        16
    51.518    35.441     0.060        16
    53.975    35.190     0.060        16
    57.183    34.828     0.060        16
    59.332    34.581     0.060        16
    63.143    34.190     0.060        16
    65.858    33.881     0.060        16
    68.770    33.581     0.060        16
    70.483    33.358     0.060        16
    72.207    33.153     0.060        16
    73.139    33.047     0.060        16
    74.845    32.863     0.060        16
   228.889    15.744     0.060        24
   229.179    15.680     0.060        24
   229.746    15.543     0.060        24
   230.160    15.442     0.060        24
   230.717    15.308     0.060        24
   231.424    15.136     0.060        24
   231.851    15.050     0.060        24
   232.128    14.997     0.060        24
   232.846    14.837     0.060        24
   233.553    14.688     0.060        24
   234.113    14.526     0.060        24
   234.949    14.336     0.060        24
   235.530    14.191     0.060        24
   235.949    14.065     0.060        24
   236.523    13.936     0.060        24
   237.101    13.774     0.060        24
   237.542    13.665     0.060        24
   237.983    13.560     0.060        24
   238.424    13.447     0.060        24
   238.886    13.309     0.060        24
   239.344    13.192     0.060        24
   239.819    13.087     0.060        24
   240.134    13.002     0.060        24
   240.594    12.877     0.060        24
   241.056    12.735     0.060        24
   241.508    12.576     0.060        24
   241.970    12.443     0.060        24
   242.414    12.317     0.060        24
   242.554    12.228     0.060        24
   243.132    12.057     0.060        24
   243.419    11.947     0.060        24
   244.015    11.781     0.060        24
   244.163    11.709     0.060        24
   244.622    11.561     0.060        24
   244.931    11.421     0.060        24
   245.538    11.253     0.060        24
   245.976    11.090     0.060        24
   246.431    10.922     0.060        24
   246.888    10.773     0.060        24
   247.203    10.646     0.060        24
   247.367    10.552     0.060        24
   247.986    10.349     0.060        24
   248.459    10.162     0.060        24
   248.771    10.028     0.060        24
   264.830     1.000     0.000         0
   265.053     1.524     0.060         1
   265.221     1.539     0.060         1
   265.383     1.582     0.060         1
   265.552     1.624     0.060         1
   265.713     1.666     0.060         1
   265.883     1.717     0.060         1
   266.044     1.766     0.060         1
   266.205     1.827     0.060         1
   266.377     1.894     0.060         1
   266.538     1.957     0.060         1
   266.699     2.016     0.060         1
   266.863     2.084     0.060         1
   267.025     2.178     0.060         1
   265.053     2.249     0.060         3
   265.221     2.256     0.060         3
   265.383     2.276     0.060         3
   265.552     2.306     0.060         3
   265.713     2.344     0.060         3
   265.883     2.368     0.060         3
   266.044     2.382     0.060         3
   266.205     2.408     0.060         3
   266.377     2.451     0.060         3
   266.538     2.497     0.060         3
   270.712     3.398     0.060         5
   271.041     3.458     0.060         5
   271.355     3.520     0.060         5
   271.520     3.544     0.060         5
   271.838     3.594     0.060         5
   272.163     3.638     0.060         5
   272.324     3.659     0.060         5
   272.811     3.737     0.060         5
   272.972     3.774     0.060         5
   273.294     3.836     0.060         5
   273.455     3.874     0.060         5
   273.616     3.904     0.060         5
   273.777     3.934     0.060         5
   273.938     3.956     0.060         5
   274.100     3.974     0.060         5
   274.261     3.996     0.060         5
   274.422     4.014     0.060         5
   274.586     4.023     0.060         5
   274.747     4.037     0.060         5
   274.912     4.047     0.060         5
   275.073     4.061     0.060         5
   275.237     4.075     0.060         5
   275.412     4.093     0.060         5
   275.573     4.112     0.060         5
   275.737     4.131     0.060         5
   275.901     4.145     0.060         5
   276.063     4.168     0.060         5
   276.227     4.195     0.060         5
   276.399     4.217     0.060         5
   276.557     4.252     0.060         5
   276.728     4.274     0.060         5
   276.887     4.297     0.060         5
   277.048     4.320     0.060         5
   277.206     4.339     0.060         5
   277.367     4.354     0.060         5
   277.528     4.381     0.060         5
   277.679     4.404     0.060         5
   277.840     4.419     0.060         5
   278.001     4.442     0.060         5
   278.162     4.465     0.060         5
   278.323     4.488     0.060         5
   278.488     4.516     0.060         5
   278.649     4.548     0.060         5
   278.810     4.576     0.060         5
   278.974     4.604     0.060         5
   279.125     4.628     0.060         5
   279.286     4.648     0.060         5
   279.447     4.662     0.060         5
   279.611     4.688     0.060         5
   279.772     4.714     0.060         5
   279.934     4.736     0.060         5
   280.098     4.754     0.060         5
   280.262     4.771     0.060         5
   280.413     4.792     0.060         5
   280.577     4.809     0.060         5
   280.738     4.830     0.060         5
   280.891     4.847     0.060         5
   281.056     4.876     0.060         5
   281.217     4.893     0.060         5
   281.381     4.917     0.060         5
   281.542     4.934     0.060         5
   281.696     4.951     0.060         5
   281.857     4.963     0.060         5
   282.021     4.983     0.060         5
   282.172     5.008     0.060         5
   282.333     5.025     0.060         5
   282.497     5.045     0.060         5
   282.647     5.061     0.060         5
   282.812     5.084     0.060         5
   282.973     5.099     0.060         5
   283.126     5.110     0.060         5
   283.288     5.129     0.060         5
   283.452     5.140     0.060         5
   283.602     5.160     0.060         5
   283.763     5.187     0.060         5
   283.928     5.206     0.060         5
   284.089     5.228     0.060         5
   284.239     5.243     0.060         5
   284.404     5.261     0.060         5
   284.565     5.276     0.060         5
   284.729     5.294     0.060         5
   284.890     5.321     0.060         5
   285.044     5.343     0.060         5
   285.205     5.370     0.060         5
   285.369     5.396     0.060         5
   285.530     5.417     0.060         5
   285.684     5.438     0.060         5
   285.848     5.454     0.060         5
   286.012     5.475     0.060         5
   286.173     5.491     0.060         5
   286.327     5.511     0.060         5
   286.488     5.531     0.060         5
   286.652     5.551     0.060         5
   286.813     5.567     0.060         5
   286.978     5.580     0.060         5
   287.139     5.593     0.060         5
   287.303     5.615     0.060         5
   287.464     5.645     0.060         5
   287.625     5.666     0.060         5
   287.789     5.688     0.060         5
   287.940     5.706     0.060         5
   288.101     5.724     0.060         5
   288.262     5.742     0.060         5
   288.420     5.756     0.060         5
   288.582     5.769     0.060         5
   288.743     5.775     0.060         5
   288.904     5.792     0.060         5
   289.065     5.814     0.060         5
   289.226     5.832     0.060         5
   289.387     5.856     0.060         5
   289.556     5.894     0.060         5
   289.717     5.916     0.060         5
   289.879     5.941     0.060         5
   290.040     5.965     0.060         5
   290.201     5.993     0.060         5
   290.365     6.004     0.060         5
   290.526     6.036     0.060         5
   290.687     6.052     0.060         5
   290.849     6.083     0.060         5
   291.020     6.099     0.060         5
   291.182     6.113     0.060         5
   291.343     6.136     0.060         5
   291.504     6.162     0.060         5
   291.668     6.190     0.060         5
   291.829     6.210     0.060         5
   291.994     6.236     0.060         5
   292.144     6.269     0.060         5
   292.308     6.289     0.060         5
   292.469     6.309     0.060         5
   292.623     6.329     0.060         5
   292.784     6.353     0.060         5
   292.948     6.377     0.060         5
   293.099     6.408     0.060         5
   293.252     6.440     0.060         5
   293.413     6.473     0.060         5
   293.567     6.500     0.060         5
   293.718     6.520     0.060         5
   293.882     6.550     0.060         5
   294.032     6.576     0.060         5
   294.183     6.613     0.060         5
   294.347     6.647     0.060         5
   294.497     6.693     0.060         5
   294.648     6.703     0.060         5
   294.812     6.751     0.060         5
   294.963     6.767     0.060         5
   295.113     6.791     0.060         5
   295.277     6.820     0.060         5
   295.428     6.852     0.060         5
   295.578     6.885     0.060         5
   295.732     6.917     0.060         5
   295.882     6.949     0.060         5
   296.044     6.986     0.060         5
   296.194     7.022     0.060         5
   296.348     7.057     0.060         5
   296.498     7.087     0.060         5
   296.662     7.118     0.060         5
   296.813     7.149     0.060         5
   296.963     7.179     0.060         5
   297.117     7.214     0.060         5
   297.278     7.244     0.060         5
   297.432     7.270     0.060         5
   297.582     7.300     0.060         5
   297.736     7.326     0.060         5
   297.889     7.356     0.060         5
   298.040     7.385     0.060         5
   298.193     7.407     0.060         5
   298.357     7.440     0.060         5
   298.500     7.466     0.060         5
   298.654     7.487     0.060         5
   298.807     7.517     0.060         5
   298.961     7.542     0.060         5
   299.114     7.570     0.060         5
   299.268     7.598     0.060         5
   299.421     7.626     0.060         5
   299.575     7.650     0.060         5
   299.729     7.678     0.060         5
   299.875     7.698     0.060         5
   300.025     7.722     0.060         5
   300.179     7.742     0.060         5
   300.332     7.758     0.060         5
   300.483     7.774     0.060         5
   300.633     7.800     0.060         5
   300.784     7.822     0.060         5
   300.934     7.846     0.060         5
   301.085     7.858     0.060         5
   301.232     7.874     0.060         5
   301.383     7.898     0.060         5
   301.544     7.921     0.060         5
   301.702     7.950     0.060         5
   301.863     7.978     0.060         5
   302.021     8.006     0.060         5
   302.172     8.033     0.060         5
   302.333     8.063     0.060         5
   302.494     8.096     0.060         5
   302.655     8.132     0.060         5
   302.816     8.162     0.060         5
   302.967     8.186     0.060         5
   303.128     8.214     0.060         5
   303.286     8.246     0.060         5
   303.437     8.272     0.060         5
   303.598     8.306     0.060         5
   303.748     8.330     0.060         5
   303.909     8.362     0.060         5
   304.060     8.384     0.060         5
   304.221     8.412     0.060         5
   304.372     8.434     0.060         5
   304.533     8.466     0.060         5
   304.683     8.482     0.060         5
   304.844     8.522     0.060         5
   304.998     8.546     0.060         5
   305.159     8.562     0.060         5
   305.320     8.588     0.060         5
   305.471     8.610     0.060         5
   305.632     8.644     0.060         5
   305.782     8.682     0.060         5
   305.944     8.715     0.060         5
   306.094     8.734     0.060         5
   306.258     8.766     0.060         5
   306.419     8.770     0.060         5
   306.570     8.792     0.060         5
   306.731     8.814     0.060         5
   306.885     8.830     0.060         5
   307.046     8.856     0.060         5
   307.196     8.877     0.060         5
   307.350     8.906     0.060         5
   307.511     8.932     0.060         5
   307.661     8.956     0.060         5
   307.815     8.986     0.060         5
   307.976     9.022     0.060         5
   308.130     9.058     0.060         5
   308.291     9.078     0.060         5
   308.444     9.118     0.060         5
   308.598     9.150     0.060         5
   308.759     9.175     0.060         5
   308.913     9.213     0.060         5
   309.074     9.231     0.060         5
   309.224     9.256     0.060         5
   309.385     9.281     0.060         5
   309.536     9.290     0.060         5
   309.697     9.306     0.060         5
   309.848     9.338     0.060         5
   310.009     9.364     0.060         5
   310.159     9.369     0.060         5
   310.320     9.389     0.060         5
   310.482     9.419     0.060         5
   310.632     9.458     0.060         5
   310.793     9.484     0.060         5
   310.944     9.512     0.060         5
   311.105     9.548     0.060         5
   311.255     9.568     0.060         5
   311.417     9.588     0.060         5
   311.567     9.608     0.060         5
   311.731     9.640     0.060         5
   311.882     9.651     0.060         5
   312.043     9.673     0.060         5
   312.204     9.701     0.060         5
   312.505     9.757     0.060         5
   312.666     9.792     0.060         5
   312.817     9.824     0.060         5
   312.978     9.852     0.060         5
   313.131     9.876     0.060         5
   313.293     9.904     0.060         5
   313.443     9.916     0.060         5
   313.604     9.936     0.060         5
   313.755     9.961     0.060         5
   313.905     9.979     0.060         5
   314.069    10.003     0.060         5
   314.220    10.020     0.060         5
   314.381    10.057     0.060         5
   314.532    10.091     0.060         5
   314.693    10.132     0.060         5
   314.843    10.160     0.060         5
   315.004    10.196     0.060         5
   315.155    10.224     0.060         5
   315.316    10.244     0.060         5
   315.466    10.272     0.060         5
   315.628    10.296     0.060         5
   315.778    10.316     0.060         5
   315.929    10.340     0.060         5
   316.090    10.356     0.060         5
   316.240    10.372     0.060         5
   316.404    10.396     0.060         5
   316.555    10.424     0.060         5
   316.716    10.444     0.060         5
   316.877    10.468     0.060         5
   317.038    10.499     0.060         5
   317.200    10.536     0.060         5
   317.350    10.568     0.060         5
   317.511    10.584     0.060         5
   317.672    10.624     0.060         5
   317.834    10.652     0.060         5
   317.995    10.672     0.060         5
   318.159    10.712     0.060         5
   318.320    10.747     0.060         5
   318.481    10.774     0.060         5
   318.632    10.792     0.060         5
   318.793    10.815     0.060         5
   318.954    10.848     0.060         5
   319.115    10.878     0.060         5
   319.276    10.902     0.060         5
   319.427    10.932     0.060         5
   319.588    10.956     0.060         5
   319.746    10.984     0.060         5
   319.907    11.012     0.060         5
   320.058    11.046     0.060         5
   320.219    11.072     0.060         5
   320.370    11.094     0.060         5
   320.523    11.118     0.060         5
   320.684    11.161     0.060         5
   320.835    11.187     0.060         5
   320.988    11.221     0.060         5
   321.139    11.245     0.060         5
   321.300    11.271     0.060         5
   321.450    11.300     0.060         5
   321.604    11.330     0.060         5
   321.754    11.360     0.060         5
   321.905    11.390     0.060         5
   322.055    11.419     0.060         5
   322.206    11.450     0.060         5
   322.370    11.469     0.060         5
   322.521    11.500     0.060         5
   322.671    11.537     0.060         5
   322.835    11.551     0.060         5
   322.986    11.585     0.060         5
   323.150    11.612     0.060         5
   323.300    11.638     0.060         5
   323.451    11.660     0.060         5
   323.604    11.698     0.060         5
   323.755    11.720     0.060         5
   323.905    11.739     0.060         5
   324.056    11.773     0.060         5
   324.209    11.799     0.060         5
   324.360    11.830     0.060         5
   324.510    11.853     0.060         5
   324.671    11.901     0.060         5
   324.825    11.928     0.060         5
   324.975    11.964     0.060         5
   325.126    11.979     0.060         5
   325.287    11.998     0.060         5
   325.448    12.038     0.060         5
   325.599    12.061     0.060         5
   325.760    12.083     0.060         5
   325.921    12.109     0.060         5
   326.072    12.139     0.060         5
   326.233    12.175     0.060         5
   326.544    12.229     0.060         5
   326.692    12.262     0.060         5
   326.853    12.285     0.060         5
   327.004    12.318     0.060         5
   327.165    12.353     0.060         5
   327.326    12.396     0.060         5
   327.476    12.416     0.060         5
   327.638    12.435     0.060         5
   327.799    12.478     0.060         5
   327.946    12.501     0.060         5
   328.107    12.515     0.060         5
   328.266    12.566     0.060         5
   328.424    12.593     0.060         5
   328.585    12.632     0.060         5
   328.732    12.654     0.060         5
   328.891    12.685     0.060         5
   329.049    12.696     0.060         5
   329.196    12.721     0.060         5
   329.358    12.751     0.060         5
   329.505    12.773     0.060         5
   329.820    12.823     0.060         5
   330.124    12.862     0.060         5
   330.435    12.904     0.060         5
   330.750    12.956     0.060         5
   331.054    13.008     0.060         5
   331.525    13.090     0.060         5
   331.829    13.142     0.060         5
   332.146    13.198     0.060         5
   332.604    13.285     0.060         5
   332.922    13.341     0.060         5
   333.368    13.423     0.060         5
   333.826    13.507     0.060         5
   333.979    13.546     0.060         5
   334.283    13.604     0.060         5
   335.058    13.752     0.060         5
   335.373    13.796     0.060         5
   335.688    13.852     0.060         5
   336.002    13.904     0.060         5
   336.327    13.960     0.060         5
   336.645    14.006     0.060         5
   336.970    14.056     0.060         5
   337.288    14.118     0.060         5
   337.606    14.174     0.060         5
   337.770    14.211     0.060         5
   338.095    14.265     0.060         5
   338.557    14.345     0.060         5
   339.041    14.414     0.060         5
   339.202    14.432     0.060         5
   339.675    14.502     0.060         5
   340.144    14.557     0.060         5
   340.453    14.599     0.060         5
   340.933    14.660     0.060         5
   341.403    14.714     0.060         5
   342.046    14.793     0.060         5
   342.686    14.880     0.060         5
   343.001    14.922     0.060         5
   343.329    14.963     0.060         5
   343.818    15.039     0.060         5
   344.133    15.087     0.060         5
   344.612    15.161     0.060         5
   345.090    15.233     0.060         5
   345.402    15.283     0.060         5
   345.727    15.330     0.060         5
   346.515    15.452     0.060         5
   346.990    15.524     0.060         5
   347.623    15.620     0.060         5
   348.255    15.721     0.060         5
   348.890    15.825     0.060         5
   349.358    15.905     0.060         5
   349.680    15.964     0.060         5
   350.003    16.028     0.060         5
   350.644    16.142     0.060         5
   350.953    16.202     0.060         5
   351.272    16.254     0.060         5
   351.745    16.334     0.060         5
   352.067    16.390     0.060         5
   352.865    16.511     0.060         5
   353.642    16.624     0.060         5
   354.110    16.708     0.060         5
   355.054    16.866     0.060         5
   355.530    16.942     0.060         5
   356.148    17.051     0.060         5
   356.938    17.184     0.060         5
   358.057    17.374     0.060         5
   358.536    17.483     0.060         5
   359.340    17.633     0.060         5
   360.445    17.847     0.060         5
   361.095    18.001     0.060         5
   361.582    18.152     0.060         5
   362.208    18.273     0.060         5
   362.842    18.390     0.060         5
   363.167    18.500     0.060         5
   363.825    18.646     0.060         5
   364.147    18.760     0.060         5
   364.631    18.903     0.060         5
   365.271    19.057     0.060         5
   365.911    19.283     0.060         5
   366.540    19.438     0.060         5
   367.655    19.618     0.060         5
   368.760    19.810     0.060         5
   369.862    19.986     0.060         5
   370.972    20.126     0.060         5
   372.068    20.222     0.060         5
   372.530    20.199     0.060         5
   373.338    20.303     0.060         5
   304.221     9.490     0.060         8
   305.159     9.633     0.060         8
   306.570     9.869     0.060         8
   307.350     9.977     0.060         8
   308.759    10.178     0.060         8
   309.385    10.258     0.060         8
   310.482    10.419     0.060         8
   311.417    10.572     0.060         8
   312.204    10.684     0.060         8
   313.293    10.845     0.060         8
   314.069    10.941     0.060         8
   315.155    11.093     0.060         8
   315.929    11.210     0.060         8
   316.555    11.311     0.060         8
   316.877    11.359     0.060         8
   317.350    11.419     0.060         8
   317.834    11.495     0.060         8
   318.632    11.612     0.060         8
   319.276    11.708     0.060         8
   319.907    11.788     0.060         8
   320.370    11.861     0.060         8
   321.139    11.973     0.060         8
   321.905    12.086     0.060         8
   322.370    12.154     0.060         8
   323.150    12.283     0.060         8
   324.209    12.440     0.060         8
   324.360    12.468     0.060         8
   325.599    12.665     0.060         8
   326.072    12.742     0.060         8
   327.004    12.874     0.060         8
   327.326    12.914     0.060         8
   327.799    12.987     0.060         8
   328.424    13.075     0.060         8
   329.049    13.155     0.060         8
   329.505    13.211     0.060         8
   329.970    13.284     0.060         8
   330.750    13.408     0.060         8
   331.207    13.489     0.060         8
   331.993    13.589     0.060         8
   332.146    13.613     0.060         8
   332.297    13.642     0.060         8
   332.604    13.698     0.060         8
   333.072    13.787     0.060         8
   333.522    13.843     0.060         8
   334.283    13.980     0.060         8
   334.741    14.061     0.060         8
   335.058    14.118     0.060         8
   335.688    14.222     0.060         8
   336.492    14.347     0.060         8
   336.806    14.412     0.060         8
   337.606    14.537     0.060         8
   337.931    14.577     0.060         8
   338.557    14.657     0.060         8
   339.352    14.773     0.060         8
   340.144    14.877     0.060         8
   341.403    15.037     0.060         8
   342.197    15.133     0.060         8
   342.839    15.213     0.060         8
   343.490    15.297     0.060         8
   344.294    15.397     0.060         8
   345.090    15.514     0.060         8
   345.563    15.574     0.060         8
   346.039    15.646     0.060         8
   346.515    15.715     0.060         8
   347.155    15.803     0.060         8
   347.623    15.871     0.060         8
   348.890    16.048     0.060         8
   349.680    16.160     0.060         8
   350.322    16.265     0.060         8
   350.953    16.353     0.060         8
   351.745    16.478     0.060         8
   352.704    16.631     0.060         8
   353.330    16.740     0.060         8
   397.335    22.720     0.060        13
   397.961    22.849     0.060        13
   398.601    22.942     0.060        13
   399.571    23.106     0.060        13
   400.228    23.212     0.060        13
   401.199    23.310     0.060        13
   402.317    23.367     0.060        13
   403.435    23.401     0.060        13
   404.236    23.488     0.060        13
   405.034    23.522     0.060        13
   271.999     4.185     0.060        14
   273.294     4.401     0.060        14
   274.261     4.528     0.060        14
   275.412     4.688     0.060        14
   276.063     4.773     0.060        14
   277.048     4.908     0.060        14
   278.001     5.038     0.060        14
   278.649     5.114     0.060        14
   279.447     5.221     0.060        14
   280.262     5.333     0.060        14
   280.891     5.404     0.060        14
   281.696     5.508     0.060        14
   282.497     5.614     0.060        14
   283.452     5.751     0.060        14
   284.239     5.848     0.060        14
   285.205     5.991     0.060        14
   286.173     6.116     0.060        14
   286.652     6.170     0.060        14
   287.139     6.205     0.060        14
   288.262     6.343     0.060        14
   288.904     6.416     0.060        14
   289.717     6.503     0.060        14
   290.687     6.649     0.060        14
   291.182     6.731     0.060        14
   292.308     6.910     0.060        14
   293.567     7.127     0.060        14
   294.497     7.297     0.060        14
   295.578     7.511     0.060        14
   296.044     7.620     0.060        14
   296.813     7.768     0.060        14
   297.582     7.928     0.060        14
   298.500     8.097     0.060        14
   299.268     8.243     0.060        14
   300.025     8.402     0.060        14
   300.934     8.582     0.060        14
   301.863     8.761     0.060        14
   302.333     8.834     0.060        14
   302.967     8.945     0.060        14
   304.060     9.139     0.060        14
   305.159     9.321     0.060        14
   306.094     9.475     0.060        14
   307.196     9.649     0.060        14
   307.815     9.779     0.060        14
   308.913     9.966     0.060        14
   309.536    10.067     0.060        14
   310.793    10.275     0.060        14
   312.043    10.483     0.060        14
   312.817    10.615     0.060        14
   313.905    10.804     0.060        14
   314.381    10.884     0.060        14
   315.155    11.003     0.060        14
   316.240    11.192     0.060        14
   317.038    11.315     0.060        14
   317.995    11.478     0.060        14
   318.954    11.644     0.060        14
   319.746    11.767     0.060        14
   320.684    11.938     0.060        14
   320.988    11.995     0.060        14
   321.754    12.123     0.060        14
   322.206    12.195     0.060        14
   323.150    12.361     0.060        14
   323.604    12.443     0.060        14
   324.209    12.549     0.060        14
   324.671    12.619     0.060        14
   325.448    12.768     0.060        14
   325.921    12.844     0.060        14
   326.853    13.023     0.060        14
   327.326    13.096     0.060        14
   328.266    13.271     0.060        14
   329.049    13.416     0.060        14
   330.124    13.629     0.060        14
   330.903    13.757     0.060        14
   331.993    13.937     0.060        14
   332.768    14.069     0.060        14
   333.522    14.222     0.060        14
   334.437    14.385     0.060        14
   334.590    14.436     0.060        14
   335.222    14.558     0.060        14
   335.852    14.650     0.060        14
   336.492    14.770     0.060        14
   337.288    14.918     0.060        14
   338.246    15.073     0.060        14
   339.041    15.210     0.060        14
   340.144    15.349     0.060        14
   340.614    15.409     0.060        14
   341.567    15.527     0.060        14
   342.197    15.625     0.060        14
   343.165    15.761     0.060        14
   344.458    15.959     0.060        14
   345.563    16.136     0.060        14
   346.679    16.298     0.060        14
   347.937    16.499     0.060        14
   349.358    16.735     0.060        14
   350.644    16.934     0.060        14
   351.584    17.091     0.060        14
   352.704    17.285     0.060        14
   353.806    17.459     0.060        14
   355.054    17.671     0.060        14
   355.834    17.798     0.060        14
   356.463    17.903     0.060        14
   357.578    18.091     0.060        14
   358.375    18.245     0.060        14
   359.014    18.360     0.060        14
   360.609    18.644     0.060        14
   361.259    18.800     0.060        14
   362.208    19.019     0.060        14
   363.167    19.254     0.060        14
   364.147    19.510     0.060        14
   364.470    19.641     0.060        14
   365.110    19.837     0.060        14
   366.540    20.135     0.060        14
   298.807    13.143     0.060        24
   299.421    13.301     0.060        24
   300.332    13.534     0.060        24
   301.383    13.821     0.060        24
   302.494    14.125     0.060        24
   303.437    14.389     0.060        24
   304.060    14.561     0.060        24
   304.683    14.740     0.060        24
   305.320    14.922     0.060        24
   306.094    15.148     0.060        24
   307.196    15.480     0.060        24
   308.598    15.884     0.060        24
   309.697    16.215     0.060        24
   310.159    16.376     0.060        24
   311.255    16.708     0.060        24
   312.204    16.989     0.060        24
   312.666    17.133     0.060        24
   313.755    17.461     0.060        24
   314.532    17.697     0.060        24
   315.466    17.950     0.060        24
   316.404    18.210     0.060        24
   317.038    18.381     0.060        24
   318.320    18.740     0.060        24
   319.115    18.980     0.060        24
   319.588    19.118     0.060        24
   320.523    19.382     0.060        24
   321.604    19.706     0.060        24
   322.521    19.977     0.060        24
   323.300    20.191     0.060        24
   323.905    20.355     0.060        24
   324.975    20.656     0.060        24
   325.760    20.874     0.060        24
   326.692    21.157     0.060        24
   327.476    21.397     0.060        24
   328.424    21.699     0.060        24
   337.135    24.278     0.060        24
   338.407    24.642     0.060        24
   339.352    24.906     0.060        24
   339.833    25.043     0.060        24
   340.933    25.326     0.060        24
   341.567    25.503     0.060        24
   342.839    25.851     0.060        24
   345.090    26.411     0.060        24
   346.203    26.691     0.060        24
   347.308    26.984     0.060        24
   348.408    27.265     0.060        24
   349.044    27.449     0.060        24
   349.358    27.589     0.060        24
   349.680    27.626     0.060        24
   350.164    27.757     0.060        24
   350.644    27.877     0.060        24
   351.433    28.139     0.060        24
     0.000     0.000     0.000        -1
