   294.793    -1.000     0.000         0
   293.099     1.088     0.060         1
   293.253     1.014     0.060         1
   293.414     0.938     0.060         1
   293.568     0.842     0.060         1
   293.718     0.769     0.060         1
   293.883     0.682     0.060         1
   294.033     0.611     0.060         1
   294.184     0.558     0.060         1
   294.348     0.520     0.060         1
   294.498     0.485     0.060         1
   294.649     0.475     0.060         1
   294.774     0.473     0.060         1
   293.414     1.442     0.060         3
   293.568     1.414     0.060         3
   293.718     1.390     0.060         3
   293.883     1.366     0.060         3
   294.033     1.338     0.060         3
   294.184     1.334     0.060         3
   294.348     1.325     0.060         3
   294.498     1.320     0.060         3
   294.649     1.339     0.060         3
   294.774     1.350     0.060         3
   100.615    32.534     0.060         5
   102.462    32.255     0.060         5
   103.523    32.104     0.060         5
   105.108    31.904     0.060         5
   106.203    31.743     0.060         5
   107.769    31.531     0.060         5
   109.006    31.358     0.060         5
   110.579    31.162     0.060         5
   111.817    31.010     0.060         5
   113.671    30.795     0.060         5
   115.441    30.579     0.060         5
   117.188    30.326     0.060         5
   118.930    30.053     0.060         5
   119.890    29.905     0.060         5
   121.022    29.775     0.060         5
   121.832    29.696     0.060         5
   122.959    29.569     0.060         5
   124.368    29.387     0.060         5
   125.947    29.145     0.060         5
   127.343    28.904     0.060         5
   128.446    28.741     0.060         5
   129.250    28.642     0.060         5
   131.018    28.458     0.060         5
   132.457    28.323     0.060         5
   133.262    28.245     0.060         5
   135.366    27.996     0.060         5
   137.099    27.820     0.060         5
   138.689    27.609     0.060         5
   139.966    27.428     0.060         5
   142.064    27.136     0.060         5
   143.826    26.877     0.060         5
   145.434    26.658     0.060         5
   146.881    26.431     0.060         5
   148.478    26.171     0.060         5
   149.581    25.992     0.060         5
   151.156    25.727     0.060         5
   152.400    25.529     0.060         5
   223.647    14.976     0.060         5
   223.937    14.965     0.060         5
   224.518    14.909     0.060         5
   224.948    14.862     0.060         5
   225.680    14.778     0.060         5
   226.274    14.714     0.060         5
   227.436    14.587     0.060         5
   228.318    14.442     0.060         5
   228.749    14.365     0.060         5
   229.319    14.279     0.060         5
   230.023    14.154     0.060         5
   230.577    14.062     0.060         5
   231.284    13.946     0.060         5
   231.851    13.850     0.060         5
   232.128    13.806     0.060         5
   232.558    13.734     0.060         5
   232.846    13.686     0.060         5
   233.265    13.614     0.060         5
   233.833    13.522     0.060         5
   234.389    13.430     0.060         5
   234.809    13.353     0.060         5
   235.670    13.190     0.060         5
   236.383    13.060     0.060         5
   236.964    12.959     0.060         5
   237.542    12.863     0.060         5
   237.983    12.782     0.060         5
   238.574    12.682     0.060         5
   239.344    12.559     0.060         5
   239.658    12.507     0.060         5
   240.134    12.427     0.060         5
   240.443    12.389     0.060         5
   241.056    12.294     0.060         5
   241.207    12.271     0.060         5
   241.819    12.171     0.060         5
   242.414    12.076     0.060         5
   242.995    11.984     0.060         5
   243.282    11.934     0.060         5
   243.419    11.883     0.060         5
   243.570    11.877     0.060         5
   243.717    11.846     0.060         5
   243.857    11.826     0.060         5
   244.015    11.794     0.060         5
   244.163    11.770     0.060         5
   244.314    11.746     0.060         5
   244.461    11.716     0.060         5
   244.622    11.679     0.060         5
   244.770    11.646     0.060         5
   244.931    11.628     0.060         5
   245.079    11.603     0.060         5
   245.240    11.585     0.060         5
   245.387    11.548     0.060         5
   245.538    11.531     0.060         5
   245.689    11.491     0.060         5
   245.825    11.476     0.060         5
   245.976    11.448     0.060         5
   246.129    11.420     0.060         5
   246.269    11.393     0.060         5
   246.431    11.361     0.060         5
   246.584    11.342     0.060         5
   246.735    11.311     0.060         5
   246.888    11.292     0.060         5
   247.052    11.256     0.060         5
   247.203    11.209     0.060         5
   247.367    11.182     0.060         5
   247.521    11.155     0.060         5
   247.671    11.128     0.060         5
   248.147    11.044     0.060         5
   248.298    10.999     0.060         5
   248.459    10.994     0.060         5
   248.610    10.973     0.060         5
   248.771    10.945     0.060         5
   248.921    10.884     0.060         5
   249.085    10.852     0.060         5
   249.236    10.817     0.060         5
   249.397    10.785     0.060         5
   249.548    10.757     0.060         5
   249.709    10.734     0.060         5
   249.860    10.706     0.060         5
   250.013    10.662     0.060         5
   250.164    10.639     0.060         5
   250.317    10.615     0.060         5
   250.471    10.587     0.060         5
   250.632    10.560     0.060         5
   250.785    10.532     0.060         5
   250.939    10.497     0.060         5
   251.103    10.466     0.060         5
   251.257    10.436     0.060         5
   251.410    10.417     0.060         5
   251.574    10.375     0.060         5
   251.728    10.354     0.060         5
   251.881    10.325     0.060         5
   252.046    10.287     0.060         5
   252.199    10.269     0.060         5
   252.363    10.218     0.060         5
   252.528    10.196     0.060         5
   252.681    10.153     0.060         5
   252.845    10.119     0.060         5
   253.009    10.088     0.060         5
   253.174    10.053     0.060         5
   253.327    10.006     0.060         5
   253.481     9.975     0.060         5
   253.634     9.948     0.060         5
   253.795     9.921     0.060         5
   253.946     9.882     0.060         5
   254.096     9.848     0.060         5
   254.258     9.817     0.060         5
   254.416     9.770     0.060         5
   254.566     9.735     0.060         5
   254.728     9.708     0.060         5
   254.878     9.685     0.060         5
   255.036     9.642     0.060         5
   255.187     9.618     0.060         5
   255.348     9.568     0.060         5
   255.499     9.524     0.060         5
   255.660     9.498     0.060         5
   255.811     9.465     0.060         5
   255.972     9.431     0.060         5
   256.122     9.398     0.060         5
   256.273     9.367     0.060         5
   256.434     9.336     0.060         5
   256.585     9.309     0.060         5
   256.735     9.270     0.060         5
   256.896     9.240     0.060         5
   257.047     9.199     0.060         5
   257.208     9.173     0.060         5
   257.369     9.132     0.060         5
   257.520     9.103     0.060         5
   257.681     9.077     0.060         5
   257.842     9.034     0.060         5
   258.006     8.988     0.060         5
   258.168     8.953     0.060         5
   258.329     8.916     0.060         5
   258.479     8.880     0.060         5
   258.641     8.847     0.060         5
   258.802     8.810     0.060         5
   258.966     8.777     0.060         5
   259.117     8.740     0.060         5
   259.278     8.703     0.060         5
   259.439     8.669     0.060         5
   259.593     8.632     0.060         5
   259.754     8.591     0.060         5
   259.915     8.562     0.060         5
   260.068     8.530     0.060         5
   260.230     8.505     0.060         5
   260.391     8.461     0.060         5
   260.552     8.425     0.060         5
   260.703     8.413     0.060         5
   260.864     8.381     0.060         5
   261.014     8.353     0.060         5
   261.179     8.317     0.060         5
   261.340     8.293     0.060         5
   261.490     8.257     0.060         5
   261.651     8.233     0.060         5
   261.813     8.205     0.060         5
   261.977     8.185     0.060         5
   262.138     8.149     0.060         5
   262.299     8.133     0.060         5
   262.460     8.102     0.060         5
   262.625     8.067     0.060         5
   262.786     8.036     0.060         5
   262.947     8.014     0.060         5
   263.111     7.986     0.060         5
   263.272     7.958     0.060         5
   263.434     7.934     0.060         5
   263.584     7.902     0.060         5
   263.745     7.874     0.060         5
   263.907     7.850     0.060         5
   264.081     7.818     0.060         5
   264.243     7.798     0.060         5
   264.401     7.770     0.060         5
   264.562     7.746     0.060         5
   264.734     7.717     0.060         5
   264.892     7.688     0.060         5
   265.053     7.659     0.060         5
   265.222     7.630     0.060         5
   265.383     7.605     0.060         5
   265.552     7.572     0.060         5
   265.713     7.538     0.060         5
   265.882     7.516     0.060         5
   266.043     7.487     0.060         5
   266.205     7.461     0.060         5
   266.376     7.424     0.060         5
   266.538     7.386     0.060         5
   266.699     7.357     0.060         5
   266.863     7.331     0.060         5
   267.024     7.298     0.060         5
   267.185     7.260     0.060         5
   267.347     7.227     0.060         5
   267.511     7.192     0.060         5
   267.672     7.169     0.060         5
   267.833     7.138     0.060         5
   267.994     7.091     0.060         5
   268.159     7.059     0.060         5
   268.320     7.019     0.060         5
   268.473     6.978     0.060         5
   268.637     6.945     0.060         5
   268.802     6.916     0.060         5
   268.955     6.872     0.060         5
   269.119     6.839     0.060         5
   269.276     6.806     0.060         5
   269.430     6.774     0.060         5
   269.597     6.734     0.060         5
   269.750     6.696     0.060         5
   269.917     6.665     0.060         5
   270.074     6.626     0.060         5
   270.238     6.579     0.060         5
   270.395     6.548     0.060         5
   270.559     6.517     0.060         5
   270.712     6.470     0.060         5
   270.876     6.435     0.060         5
   271.041     6.397     0.060         5
   271.205     6.364     0.060         5
   271.355     6.327     0.060         5
   271.519     6.294     0.060         5
   271.684     6.256     0.060         5
   271.837     6.216     0.060         5
   271.998     6.185     0.060         5
   272.163     6.151     0.060         5
   272.324     6.104     0.060         5
   272.488     6.098     0.060         5
   272.649     6.047     0.060         5
   272.810     6.009     0.060         5
   272.971     5.970     0.060         5
   273.133     5.928     0.060         5
   273.294     5.889     0.060         5
   273.455     5.843     0.060         5
   273.616     5.800     0.060         5
   273.778     5.749     0.060         5
   273.939     5.703     0.060         5
   274.100     5.656     0.060         5
   274.261     5.613     0.060         5
   274.422     5.570     0.060         5
   274.587     5.547     0.060         5
   274.748     5.516     0.060         5
   274.912     5.461     0.060         5
   275.073     5.431     0.060         5
   275.237     5.392     0.060         5
   275.412     5.357     0.060         5
   275.573     5.323     0.060         5
   275.737     5.292     0.060         5
   275.902     5.260     0.060         5
   276.063     5.227     0.060         5
   276.227     5.203     0.060         5
   276.399     5.166     0.060         5
   276.557     5.133     0.060         5
   276.729     5.101     0.060         5
   276.887     5.073     0.060         5
   277.048     5.040     0.060         5
   277.207     5.008     0.060         5
   277.368     4.976     0.060         5
   277.529     4.939     0.060         5
   277.679     4.899     0.060         5
   277.841     4.859     0.060         5
   278.002     4.823     0.060         5
   278.163     4.787     0.060         5
   278.324     4.743     0.060         5
   278.488     4.704     0.060         5
   278.650     4.664     0.060         5
   278.811     4.636     0.060         5
   278.975     4.601     0.060         5
   279.126     4.578     0.060         5
   279.287     4.546     0.060         5
   279.448     4.511     0.060         5
   279.612     4.475     0.060         5
   279.773     4.440     0.060         5
   279.934     4.409     0.060         5
   280.099     4.377     0.060         5
   280.263     4.338     0.060         5
   280.413     4.311     0.060         5
   280.577     4.279     0.060         5
   280.739     4.248     0.060         5
   280.892     4.209     0.060         5
   281.056     4.173     0.060         5
   281.218     4.138     0.060         5
   281.382     4.105     0.060         5
   281.543     4.077     0.060         5
   281.696     4.037     0.060         5
   281.858     4.001     0.060         5
   282.022     3.968     0.060         5
   282.172     3.928     0.060         5
   282.334     3.892     0.060         5
   282.498     3.864     0.060         5
   282.648     3.824     0.060         5
   282.812     3.787     0.060         5
   282.974     3.751     0.060         5
   283.127     3.719     0.060         5
   283.288     3.687     0.060         5
   283.452     3.647     0.060         5
   283.603     3.615     0.060         5
   283.764     3.571     0.060         5
   283.928     3.526     0.060         5
   284.090     3.482     0.060         5
   284.240     3.447     0.060         5
   284.404     3.402     0.060         5
   284.565     3.372     0.060         5
   284.730     3.309     0.060         5
   284.891     3.287     0.060         5
   285.044     3.230     0.060         5
   285.205     3.196     0.060         5
   285.370     3.145     0.060         5
   285.531     3.087     0.060         5
   285.684     3.040     0.060         5
   285.848     3.011     0.060         5
   286.013     2.941     0.060         5
   286.174     2.897     0.060         5
   231.851    14.447     0.060         8
   232.558    14.359     0.060         8
   233.553    14.231     0.060         8
   234.669    14.095     0.060         8
   234.949    14.043     0.060         8
   235.530    13.968     0.060         8
   235.949    13.924     0.060         8
   236.100    13.896     0.060         8
   236.673    13.820     0.060         8
   237.251    13.731     0.060         8
   237.692    13.650     0.060         8
   238.424    13.525     0.060         8
   239.190    13.396     0.060         8
   239.658    13.328     0.060         8
   240.134    13.260     0.060         8
   241.056    13.148     0.060         8
   286.653     2.789     0.060        10
   287.139     2.672     0.060        10
   287.626     2.567     0.060        10
   287.790     2.527     0.060        10
   288.263     2.410     0.060        10
   288.743     2.276     0.060        10
   289.066     2.174     0.060        10
   289.557     2.066     0.060        10
   289.879     1.977     0.060        10
   290.527     1.803     0.060        10
   291.343     1.592     0.060        10
   291.830     1.471     0.060        10
    96.415    32.698     0.060        13
    97.204    32.593     0.060        13
    99.841    32.197     0.060        13
   101.081    32.005     0.060        13
   101.689    31.936     0.060        13
   103.838    31.697     0.060        13
   105.259    31.547     0.060        13
   106.368    31.427     0.060        13
   107.769    31.288     0.060        13
   109.006    31.113     0.060        13
   110.579    30.943     0.060        13
   111.817    30.803     0.060        13
   113.201    30.648     0.060        13
   114.470    30.506     0.060        13
   116.556    30.239     0.060        13
   118.605    29.955     0.060        13
   119.890    29.775     0.060        13
   121.345    29.570     0.060        13
   122.634    29.396     0.060        13
   138.366    28.284     0.060        14
   139.966    28.068     0.060        14
   141.416    27.855     0.060        14
   142.541    27.682     0.060        14
   143.503    27.508     0.060        14
   144.149    27.404     0.060        14
   145.434    27.211     0.060        14
   146.566    27.054     0.060        14
   147.841    26.861     0.060        14
   148.955    26.705     0.060        14
   227.877    15.142     0.060        14
   228.609    15.075     0.060        14
   229.596    14.928     0.060        14
   230.160    14.865     0.060        14
   231.424    14.673     0.060        14
   232.268    14.533     0.060        14
   243.717    12.493     0.060        14
   243.857    12.484     0.060        14
   244.015    12.451     0.060        14
   244.163    12.415     0.060        14
   244.314    12.387     0.060        14
   244.461    12.355     0.060        14
   244.622    12.323     0.060        14
   244.770    12.319     0.060        14
   244.931    12.303     0.060        14
   245.079    12.271     0.060        14
   245.240    12.261     0.060        14
   245.387    12.235     0.060        14
   245.538    12.199     0.060        14
   245.689    12.187     0.060        14
   245.825    12.147     0.060        14
   245.976    12.130     0.060        14
   246.129    12.109     0.060        14
   246.269    12.079     0.060        14
   246.431    12.058     0.060        14
   246.584    12.017     0.060        14
   246.735    11.986     0.060        14
   246.888    11.947     0.060        14
   247.052    11.936     0.060        14
   247.203    11.937     0.060        14
   247.367    11.890     0.060        14
   247.521    11.863     0.060        14
   247.671    11.820     0.060        14
   247.835    11.786     0.060        14
   247.986    11.752     0.060        14
   248.147    11.717     0.060        14
   248.298    11.690     0.060        14
   248.459    11.662     0.060        14
   248.610    11.639     0.060        14
   248.771    11.603     0.060        14
   248.921    11.568     0.060        14
   249.085    11.534     0.060        14
   249.236    11.500     0.060        14
   249.397    11.476     0.060        14
   249.548    11.446     0.060        14
   249.709    11.452     0.060        14
   249.860    11.395     0.060        14
   250.013    11.390     0.060        14
   250.164    11.321     0.060        14
   250.317    11.292     0.060        14
   250.471    11.303     0.060        14
   250.632    11.222     0.060        14
   250.785    11.231     0.060        14
   250.939    11.157     0.060        14
   251.103    11.130     0.060        14
   251.257    11.108     0.060        14
   251.410    11.065     0.060        14
   251.574    11.034     0.060        14
   251.728    10.980     0.060        14
   251.881    10.958     0.060        14
   252.046    10.914     0.060        14
   252.199    10.893     0.060        14
   252.363    10.859     0.060        14
   252.528    10.810     0.060        14
   252.681    10.796     0.060        14
   252.845    10.772     0.060        14
   253.009    10.711     0.060        14
   253.174    10.659     0.060        14
   253.327    10.647     0.060        14
   253.481    10.627     0.060        14
   253.634    10.587     0.060        14
   253.795    10.555     0.060        14
   253.946    10.527     0.060        14
   254.096    10.511     0.060        14
   254.258    10.479     0.060        14
   254.416    10.443     0.060        14
   254.566    10.407     0.060        14
   254.728    10.346     0.060        14
   254.878    10.334     0.060        14
   255.036    10.298     0.060        14
   255.187    10.265     0.060        14
   255.348    10.232     0.060        14
   255.499    10.188     0.060        14
   255.660    10.139     0.060        14
   255.811    10.127     0.060        14
   255.972    10.106     0.060        14
   256.122    10.058     0.060        14
   256.273    10.010     0.060        14
   256.434     9.993     0.060        14
   256.585     9.945     0.060        14
   256.735     9.920     0.060        14
   256.896     9.868     0.060        14
   257.047     9.835     0.060        14
   257.208     9.787     0.060        14
   257.369     9.770     0.060        14
   257.520     9.742     0.060        14
   257.681     9.701     0.060        14
   257.842     9.640     0.060        14
   258.006     9.624     0.060        14
   258.168     9.595     0.060        14
   258.329     9.550     0.060        14
   258.479     9.518     0.060        14
   258.641     9.487     0.060        14
   258.802     9.449     0.060        14
   258.966     9.414     0.060        14
   259.117     9.376     0.060        14
   259.278     9.349     0.060        14
   259.439     9.307     0.060        14
   259.593     9.268     0.060        14
   259.754     9.227     0.060        14
   259.915     9.193     0.060        14
   260.068     9.161     0.060        14
   260.230     9.103     0.060        14
   260.391     9.072     0.060        14
   260.552     9.042     0.060        14
   260.703     8.995     0.060        14
   260.864     8.962     0.060        14
   261.014     8.974     0.060        14
   261.179     8.933     0.060        14
   261.340     8.896     0.060        14
   261.490     8.887     0.060        14
   261.651     8.831     0.060        14
   261.813     8.830     0.060        14
   261.977     8.797     0.060        14
   262.138     8.760     0.060        14
   262.299     8.743     0.060        14
   262.460     8.722     0.060        14
   262.625     8.705     0.060        14
   262.786     8.644     0.060        14
   262.947     8.619     0.060        14
   263.111     8.606     0.060        14
   263.272     8.577     0.060        14
   263.434     8.544     0.060        14
   263.584     8.519     0.060        14
   263.745     8.494     0.060        14
   263.907     8.469     0.060        14
   264.081     8.435     0.060        14
   264.243     8.410     0.060        14
   264.401     8.381     0.060        14
   264.562     8.355     0.060        14
   264.734     8.322     0.060        14
   264.892     8.293     0.060        14
   265.053     8.260     0.060        14
   265.222     8.242     0.060        14
   265.383     8.209     0.060        14
   265.552     8.180     0.060        14
   265.713     8.150     0.060        14
   265.882     8.121     0.060        14
   266.043     8.096     0.060        14
   266.205     8.066     0.060        14
   266.376     8.037     0.060        14
   266.538     8.006     0.060        14
   266.699     7.987     0.060        14
   266.863     7.960     0.060        14
   267.024     7.926     0.060        14
   267.185     7.895     0.060        14
   267.347     7.864     0.060        14
   267.511     7.829     0.060        14
   267.672     7.792     0.060        14
   267.833     7.755     0.060        14
   267.994     7.714     0.060        14
   268.159     7.664     0.060        14
   268.320     7.627     0.060        14
   268.473     7.591     0.060        14
   268.637     7.542     0.060        14
   268.802     7.521     0.060        14
   268.955     7.477     0.060        14
   269.119     7.444     0.060        14
   269.276     7.412     0.060        14
   269.430     7.379     0.060        14
   269.597     7.338     0.060        14
   269.750     7.298     0.060        14
   269.917     7.273     0.060        14
   270.074     7.234     0.060        14
   270.238     7.194     0.060        14
   270.395     7.150     0.060        14
   270.559     7.122     0.060        14
   270.712     7.087     0.060        14
   270.876     7.055     0.060        14
   271.041     7.027     0.060        14
   271.205     6.987     0.060        14
   271.355     6.951     0.060        14
   271.519     6.928     0.060        14
   271.684     6.896     0.060        14
   271.837     6.872     0.060        14
   271.998     6.831     0.060        14
   272.163     6.794     0.060        14
   272.324     6.758     0.060        14
   272.488     6.721     0.060        14
   272.649     6.668     0.060        14
   272.810     6.624     0.060        14
   272.971     6.575     0.060        14
   273.133     6.547     0.060        14
   273.294     6.502     0.060        14
   273.455     6.461     0.060        14
   273.616     6.425     0.060        14
   273.778     6.380     0.060        14
   273.939     6.339     0.060        14
   274.100     6.302     0.060        14
   274.261     6.219     0.060        14
   274.422     6.165     0.060        14
   274.587     6.123     0.060        14
   274.748     6.079     0.060        14
   274.912     6.041     0.060        14
   275.073     5.985     0.060        14
   275.237     5.952     0.060        14
   275.412     5.917     0.060        14
   275.573     5.885     0.060        14
   275.737     5.843     0.060        14
   275.902     5.829     0.060        14
   276.063     5.791     0.060        14
   276.227     5.765     0.060        14
   276.399     5.751     0.060        14
   276.557     5.709     0.060        14
   276.729     5.679     0.060        14
   276.887     5.650     0.060        14
   277.048     5.621     0.060        14
   277.207     5.588     0.060        14
   277.368     5.550     0.060        14
   277.529     5.517     0.060        14
   277.679     5.480     0.060        14
   277.841     5.446     0.060        14
   278.002     5.412     0.060        14
   278.163     5.378     0.060        14
   278.324     5.336     0.060        14
   278.488     5.298     0.060        14
   278.650     5.262     0.060        14
   278.811     5.226     0.060        14
   278.975     5.193     0.060        14
   279.126     5.158     0.060        14
   279.287     5.126     0.060        14
   279.448     5.090     0.060        14
   279.612     5.067     0.060        14
   279.773     5.027     0.060        14
   279.934     4.991     0.060        14
   280.099     4.960     0.060        14
   280.263     4.924     0.060        14
   280.413     4.893     0.060        14
   280.577     4.861     0.060        14
   280.739     4.821     0.060        14
   280.892     4.778     0.060        14
   281.056     4.746     0.060        14
   281.218     4.711     0.060        14
   281.382     4.679     0.060        14
   281.543     4.649     0.060        14
   281.696     4.611     0.060        14
   281.858     4.573     0.060        14
   282.022     4.530     0.060        14
   282.172     4.497     0.060        14
   282.334     4.458     0.060        14
   282.498     4.420     0.060        14
   282.648     4.382     0.060        14
   282.812     4.348     0.060        14
   282.974     4.313     0.060        14
   283.127     4.276     0.060        14
   283.288     4.241     0.060        14
   283.452     4.203     0.060        14
   283.603     4.163     0.060        14
   283.764     4.123     0.060        14
   283.928     4.078     0.060        14
   284.090     4.045     0.060        14
   284.240     4.010     0.060        14
   284.404     3.977     0.060        14
   284.565     3.937     0.060        14
   284.730     3.896     0.060        14
   284.891     3.859     0.060        14
   285.044     3.819     0.060        14
   285.205     3.779     0.060        14
   285.370     3.738     0.060        14
   285.531     3.706     0.060        14
   285.684     3.662     0.060        14
   285.848     3.621     0.060        14
   286.013     3.576     0.060        14
   286.174     3.536     0.060        14
   286.327     3.497     0.060        14
   286.488     3.454     0.060        14
   286.653     3.419     0.060        14
   286.814     3.376     0.060        14
   286.978     3.341     0.060        14
   287.139     3.302     0.060        14
   287.303     3.266     0.060        14
   287.464     3.231     0.060        14
   287.626     3.192     0.060        14
   287.790     3.161     0.060        14
   287.940     3.123     0.060        14
   288.101     3.084     0.060        14
   248.921    16.593     0.060        24
   249.709    16.345     0.060        24
   250.164    16.208     0.060        24
   250.471    16.096     0.060        24
   250.785    16.010     0.060        24
   251.103    15.914     0.060        24
   251.881    15.664     0.060        24
   252.528    15.489     0.060        24
   253.009    15.372     0.060        24
   253.481    15.258     0.060        24
   253.946    15.148     0.060        24
   254.258    15.051     0.060        24
   254.416    14.981     0.060        24
   254.878    14.876     0.060        24
   255.187    14.761     0.060        24
   255.348    14.675     0.060        24
   255.811    14.562     0.060        24
   256.434    14.424     0.060        24
   257.047    14.244     0.060        24
   257.520    14.097     0.060        24
   257.842    14.003     0.060        24
   258.479    13.831     0.060        24
   259.117    13.630     0.060        24
   259.593    13.474     0.060        24
   260.068    13.314     0.060        24
   260.552    13.166     0.060        24
   261.014    13.017     0.060        24
   261.651    12.871     0.060        24
   262.138    12.749     0.060        24
   262.625    12.626     0.060        24
   262.947    12.545     0.060        24
   263.434    12.441     0.060        24
   263.907    12.294     0.060        24
   264.734    12.100     0.060        24
   265.222    11.959     0.060        24
   265.552    11.865     0.060        24
   265.882    11.776     0.060        24
   266.376    11.608     0.060        24
   266.699    11.515     0.060        24
   267.024    11.430     0.060        24
   267.185    11.339     0.060        24
   267.347    11.269     0.060        24
   267.833    11.118     0.060        24
   267.994    11.091     0.060        24
   268.320    10.941     0.060        24
   268.802    10.765     0.060        24
   269.119    10.658     0.060        24
   269.597    10.491     0.060        24
   269.917    10.370     0.060        24
   270.559    10.153     0.060        24
   271.837     9.770     0.060        24
   272.163     9.650     0.060        24
   272.810     9.448     0.060        24
   273.294     9.271     0.060        24
   273.778     9.121     0.060        24
   274.422     8.915     0.060        24
   275.412     8.573     0.060        24
   294.793     1.000     0.000         0
   294.962     0.508     0.060         1
   295.113     0.557     0.060         1
   295.277     0.610     0.060         1
   295.428     0.695     0.060         1
   295.578     0.745     0.060         1
   295.732     0.819     0.060         1
   295.882     0.911     0.060         1
   296.043     1.004     0.060         1
   296.194     1.103     0.060         1
   294.962     1.374     0.060         3
   295.277     1.426     0.060         3
   295.428     1.450     0.060         3
   295.578     1.493     0.060         3
   302.656     3.207     0.060         5
   302.817     3.245     0.060         5
   302.967     3.285     0.060         5
   303.128     3.328     0.060         5
   303.286     3.361     0.060         5
   303.437     3.394     0.060         5
   303.598     3.455     0.060         5
   303.748     3.480     0.060         5
   303.910     3.509     0.060         5
   304.060     3.539     0.060         5
   304.221     3.573     0.060         5
   304.372     3.602     0.060         5
   304.533     3.648     0.060         5
   304.683     3.666     0.060         5
   304.844     3.704     0.060         5
   304.998     3.730     0.060         5
   305.159     3.753     0.060         5
   305.320     3.787     0.060         5
   305.471     3.821     0.060         5
   305.632     3.868     0.060         5
   305.782     3.916     0.060         5
   305.944     3.953     0.060         5
   306.094     3.982     0.060         5
   306.258     4.007     0.060         5
   306.419     4.036     0.060         5
   306.570     4.072     0.060         5
   306.731     4.099     0.060         5
   306.885     4.123     0.060         5
   307.046     4.110     0.060         5
   307.196     4.146     0.060         5
   307.350     4.177     0.060         5
   307.511     4.216     0.060         5
   307.661     4.231     0.060         5
   307.815     4.277     0.060         5
   307.976     4.296     0.060         5
   308.130     4.339     0.060         5
   308.291     4.378     0.060         5
   308.444     4.421     0.060         5
   308.598     4.455     0.060         5
   308.759     4.498     0.060         5
   308.913     4.537     0.060         5
   309.074     4.584     0.060         5
   309.224     4.628     0.060         5
   309.385     4.660     0.060         5
   309.536     4.676     0.060         5
   309.697     4.704     0.060         5
   309.848     4.732     0.060         5
   310.009     4.764     0.060         5
   310.159     4.796     0.060         5
   310.320     4.832     0.060         5
   310.481     4.832     0.060         5
   310.632     4.884     0.060         5
   310.793     4.856     0.060         5
   310.944     4.916     0.060         5
   311.105     4.928     0.060         5
   311.255     4.948     0.060         5
   311.416     4.981     0.060         5
   311.567     4.987     0.060         5
   311.731     5.021     0.060         5
   311.882     5.039     0.060         5
   312.043     5.084     0.060         5
   312.204     5.110     0.060         5
   312.354     5.144     0.060         5
   312.505     5.157     0.060         5
   312.666     5.191     0.060         5
   312.817     5.229     0.060         5
   312.978     5.250     0.060         5
   313.131     5.268     0.060         5
   313.292     5.306     0.060         5
   313.443     5.323     0.060         5
   313.604     5.365     0.060         5
   313.755     5.387     0.060         5
   313.905     5.416     0.060         5
   314.069     5.457     0.060         5
   314.220     5.489     0.060         5
   314.693     5.580     0.060         5
   314.843     5.581     0.060         5
   315.004     5.625     0.060         5
   315.155     5.657     0.060         5
   315.316     5.671     0.060         5
   315.466     5.692     0.060         5
   315.628     5.749     0.060         5
   315.778     5.770     0.060         5
   315.929     5.791     0.060         5
   316.090     5.836     0.060         5
   316.240     5.853     0.060         5
   316.404     5.874     0.060         5
   316.555     5.872     0.060         5
   316.716     5.882     0.060         5
   316.877     5.949     0.060         5
   317.350     6.018     0.060         5
   317.511     6.056     0.060         5
   317.672     6.092     0.060         5
   317.834     6.111     0.060         5
   317.995     6.137     0.060         5
   318.159     6.167     0.060         5
   318.320     6.213     0.060         5
   318.481     6.239     0.060         5
   318.632     6.297     0.060         5
   318.793     6.303     0.060         5
   318.954     6.346     0.060         5
   319.115     6.377     0.060         5
   319.276     6.401     0.060         5
   319.427     6.440     0.060         5
   319.588     6.463     0.060         5
   319.746     6.491     0.060         5
   319.907     6.524     0.060         5
   320.058     6.545     0.060         5
   320.219     6.581     0.060         5
   320.370     6.600     0.060         5
   320.523     6.657     0.060         5
   321.139     6.808     0.060         5
   321.300     6.830     0.060         5
   321.450     6.859     0.060         5
   321.604     6.884     0.060         5
   321.754     6.916     0.060         5
   321.905     6.953     0.060         5
   322.055     6.978     0.060         5
   322.206     7.023     0.060         5
   322.370     7.032     0.060         5
   322.520     7.085     0.060         5
   322.671     7.114     0.060         5
   322.835     7.159     0.060         5
   322.986     7.168     0.060         5
   323.150     7.187     0.060         5
   323.300     7.222     0.060         5
   323.451     7.245     0.060         5
   323.604     7.252     0.060         5
   323.755     7.295     0.060         5
   324.056     7.350     0.060         5
   324.209     7.385     0.060         5
   324.360     7.451     0.060         5
   324.510     7.426     0.060         5
   324.671     7.456     0.060         5
   324.825     7.474     0.060         5
   324.975     7.507     0.060         5
   325.126     7.542     0.060         5
   325.287     7.573     0.060         5
   325.448     7.609     0.060         5
   325.599     7.664     0.060         5
   325.760     7.692     0.060         5
   325.921     7.725     0.060         5
   326.071     7.753     0.060         5
   326.233     7.786     0.060         5
   326.383     7.810     0.060         5
   326.544     7.838     0.060         5
   326.692     7.858     0.060         5
   326.853     7.874     0.060         5
   327.004     7.930     0.060         5
   327.165     7.950     0.060         5
   327.326     7.954     0.060         5
   327.476     7.990     0.060         5
   327.638     8.014     0.060         5
   327.799     8.054     0.060         5
   327.946     8.082     0.060         5
   328.107     8.098     0.060         5
   328.266     8.115     0.060         5
   328.424     8.144     0.060         5
   328.585     8.185     0.060         5
   328.733     8.210     0.060         5
   328.891     8.239     0.060         5
   329.049     8.264     0.060         5
   329.197     8.301     0.060         5
   329.358     8.314     0.060         5
   329.505     8.343     0.060         5
   329.669     8.365     0.060         5
   329.820     8.390     0.060         5
   329.970     8.419     0.060         5
   330.124     8.448     0.060         5
   330.285     8.481     0.060         5
   330.436     8.502     0.060         5
   330.589     8.530     0.060         5
   330.750     8.546     0.060         5
   330.904     8.578     0.060         5
   331.054     8.590     0.060         5
   331.208     8.614     0.060         5
   331.372     8.630     0.060         5
   331.525     8.670     0.060         5
   331.676     8.710     0.060         5
   331.829     8.734     0.060         5
   331.993     8.760     0.060         5
   332.147     8.770     0.060         5
   332.297     8.824     0.060         5
   332.451     8.838     0.060         5
   332.604     8.848     0.060         5
   332.768     8.893     0.060         5
   332.922     8.923     0.060         5
   333.072     8.953     0.060         5
   333.226     8.983     0.060         5
   333.368     9.004     0.060         5
   333.522     9.058     0.060         5
   333.675     9.075     0.060         5
   333.826     9.101     0.060         5
   333.979     9.146     0.060         5
   334.133     9.168     0.060         5
   334.283     9.195     0.060         5
   334.437     9.230     0.060         5
   334.590     9.266     0.060         5
   334.741     9.301     0.060         5
   334.905     9.321     0.060         5
   335.058     9.361     0.060         5
   335.222     9.394     0.060         5
   335.373     9.425     0.060         5
   335.534     9.474     0.060         5
   335.687     9.482     0.060         5
   335.852     9.526     0.060         5
   336.002     9.554     0.060         5
   336.166     9.574     0.060         5
   336.327     9.594     0.060         5
   336.491     9.622     0.060         5
   336.645     9.642     0.060         5
   336.806     9.681     0.060         5
   336.970     9.685     0.060         5
   337.134     9.716     0.060         5
   337.288     9.732     0.060         5
   337.452     9.767     0.060         5
   337.605     9.799     0.060         5
   337.770     9.822     0.060         5
   337.931     9.849     0.060         5
   338.095     9.863     0.060         5
   338.245     9.885     0.060         5
   338.407     9.894     0.060         5
   338.557     9.916     0.060         5
   338.718     9.937     0.060         5
   338.879     9.947     0.060         5
   339.040     9.992     0.060         5
   339.202    10.003     0.060         5
   339.352    10.027     0.060         5
   339.513    10.038     0.060         5
   339.674    10.082     0.060         5
   339.833    10.105     0.060         5
   339.983    10.096     0.060         5
   340.144    10.140     0.060         5
   340.305    10.163     0.060         5
   340.453    10.172     0.060         5
   340.614    10.188     0.060         5
   340.772    10.205     0.060         5
   340.933    10.245     0.060         5
   341.253    10.291     0.060         5
   341.403    10.295     0.060         5
   341.567    10.330     0.060         5
   341.718    10.363     0.060         5
   341.882    10.371     0.060         5
   342.046    10.395     0.060         5
   342.196    10.404     0.060         5
   342.361    10.428     0.060         5
   342.522    10.464     0.060         5
   342.686    10.485     0.060         5
   342.839    10.501     0.060         5
   343.001    10.545     0.060         5
   343.165    10.549     0.060         5
   343.329    10.572     0.060         5
   343.490    10.608     0.060         5
   343.654    10.620     0.060         5
   343.818    10.642     0.060         5
   343.979    10.651     0.060         5
   344.133    10.673     0.060         5
   344.294    10.703     0.060         5
   344.458    10.722     0.060         5
   344.612    10.749     0.060         5
   344.773    10.772     0.060         5
   344.926    10.792     0.060         5
   345.090    10.820     0.060         5
   345.251    10.856     0.060         5
   345.402    10.879     0.060         5
   345.563    10.904     0.060         5
   345.727    10.937     0.060         5
   345.878    10.952     0.060         5
   346.039    10.987     0.060         5
   346.203    11.029     0.060         5
   346.353    11.038     0.060         5
   346.515    11.065     0.060         5
   346.679    11.103     0.060         5
   346.840    11.129     0.060         5
   346.990    11.135     0.060         5
   347.154    11.170     0.060         5
   347.308    11.193     0.060         5
   347.469    11.220     0.060         5
   347.623    11.247     0.060         5
   347.787    11.262     0.060         5
   347.937    11.297     0.060         5
   348.091    11.315     0.060         5
   348.255    11.351     0.060         5
   348.408    11.362     0.060         5
   348.572    11.384     0.060         5
   348.726    11.393     0.060         5
   348.890    11.434     0.060         5
   349.043    11.451     0.060         5
   349.208    11.497     0.060         5
   349.358    11.506     0.060         5
   349.519    11.538     0.060         5
   349.680    11.583     0.060         5
   349.841    11.589     0.060         5
   350.003    11.620     0.060         5
   350.164    11.608     0.060         5
   350.322    11.669     0.060         5
   350.483    11.689     0.060         5
   350.644    11.722     0.060         5
   350.792    11.754     0.060         5
   350.953    11.787     0.060         5
   351.114    11.810     0.060         5
   351.272    11.834     0.060         5
   337.452    11.159     0.060         8
   338.095    11.239     0.060         8
   339.040    11.355     0.060         8
   339.674    11.435     0.060         8
   340.305    11.515     0.060         8
   341.403    11.651     0.060         8
   342.046    11.731     0.060         8
   343.001    11.840     0.060         8
   343.818    11.944     0.060         8
   344.926    12.091     0.060         8
   345.251    12.151     0.060         8
   345.878    12.231     0.060         8
   346.679    12.346     0.060         8
   347.308    12.437     0.060         8
   347.937    12.513     0.060         8
   348.726    12.613     0.060         8
   349.841    12.814     0.060         8
   350.483    12.906     0.060         8
   350.792    12.943     0.060         8
   352.067    13.109     0.060         8
   353.177    13.247     0.060         8
   353.642    13.297     0.060         8
   354.425    13.379     0.060         8
   355.054    13.418     0.060         8
   355.683    13.491     0.060         8
   356.463    13.581     0.060         8
   356.938    13.661     0.060         8
   357.742    13.774     0.060         8
   358.700    13.927     0.060         8
   359.340    14.031     0.060         8
   359.665    14.087     0.060         8
   360.934    14.322     0.060         8
   361.095    14.353     0.060         8
   361.581    14.445     0.060         8
   361.893    14.491     0.060         8
   362.519    14.631     0.060         8
   363.339    14.844     0.060         8
   363.825    14.985     0.060         8
   364.795    15.195     0.060         8
   365.270    15.332     0.060         8
   365.910    15.501     0.060         8
   366.701    15.648     0.060         8
   367.655    15.808     0.060         8
   368.606    15.949     0.060         8
   369.236    16.034     0.060         8
   370.187    16.170     0.060         8
   371.283    16.306     0.060         8
   372.067    16.375     0.060         8
   372.851    16.465     0.060         8
   373.813    16.539     0.060         8
   374.614    16.602     0.060         8
   375.418    16.730     0.060         8
   376.544    16.861     0.060         8
   377.356    16.928     0.060         8
   296.348     1.192     0.060         9
   296.498     1.261     0.060         9
   296.662     1.330     0.060         9
   296.813     1.414     0.060         9
   296.963     1.481     0.060         9
   297.117     1.564     0.060         9
   297.278     1.628     0.060         9
   297.432     1.695     0.060         9
   297.582     1.769     0.060         9
   297.736     1.819     0.060         9
   297.889     1.890     0.060         9
   298.040     1.950     0.060         9
   298.193     2.034     0.060        10
   298.358     2.078     0.060        10
   298.501     2.115     0.060        10
   298.654     2.166     0.060        10
   298.808     2.208     0.060        10
   298.962     2.251     0.060        10
   299.115     2.297     0.060        10
   299.269     2.339     0.060        10
   299.423     2.384     0.060        10
   299.577     2.430     0.060        10
   299.730     2.471     0.060        10
   299.877     2.512     0.060        10
   300.027     2.559     0.060        10
   300.181     2.603     0.060        10
   300.335     2.651     0.060        10
   300.485     2.694     0.060        10
   300.635     2.744     0.060        10
   300.786     2.786     0.060        10
   300.936     2.832     0.060        10
   300.635     3.609     0.060        14
   301.087     3.703     0.060        14
   301.545     3.802     0.060        14
   302.022     3.902     0.060        14
   302.333     3.983     0.060        14
   302.967     4.117     0.060        14
   303.437     4.209     0.060        14
   303.910     4.311     0.060        14
   304.221     4.361     0.060        14
   304.683     4.456     0.060        14
   304.998     4.513     0.060        14
   305.471     4.611     0.060        14
   305.944     4.699     0.060        14
   306.570     4.816     0.060        14
   307.046     4.883     0.060        14
   307.661     5.002     0.060        14
   308.130     5.103     0.060        14
   308.444     5.156     0.060        14
   309.074     5.285     0.060        14
   309.536     5.378     0.060        14
   310.009     5.459     0.060        14
   310.944     5.613     0.060        14
   311.567     5.734     0.060        14
   312.043     5.814     0.060        14
   312.666     5.918     0.060        14
   313.443     6.066     0.060        14
   314.381     6.247     0.060        14
   314.843     6.348     0.060        14
   315.466     6.431     0.060        14
   315.778     6.496     0.060        14
   316.555     6.624     0.060        14
   317.038     6.704     0.060        14
   317.511     6.786     0.060        14
   317.995     6.864     0.060        14
   318.481     6.956     0.060        14
   318.793     7.029     0.060        14
   319.427     7.125     0.060        14
   320.219     7.277     0.060        14
   320.684     7.364     0.060        14
   320.988     7.446     0.060        14
   321.604     7.562     0.060        14
   321.754     7.607     0.060        14
   322.055     7.684     0.060        14
   322.520     7.760     0.060        14
   322.986     7.850     0.060        14
   323.451     7.941     0.060        14
   324.056     8.031     0.060        14
   324.360     8.097     0.060        14
   324.975     8.217     0.060        14
   325.448     8.297     0.060        14
   326.071     8.415     0.060        14
   326.383     8.503     0.060        14
   327.004     8.618     0.060        14
   327.638     8.711     0.060        14
   327.946     8.783     0.060        14
   328.266     8.823     0.060        14
   328.891     8.936     0.060        14
   329.505     9.048     0.060        14
   329.970     9.134     0.060        14
   330.285     9.176     0.060        14
   330.750     9.259     0.060        14
   331.054     9.295     0.060        14
   331.525     9.384     0.060        14
   332.297     9.512     0.060        14
   332.768     9.618     0.060        14
   333.226     9.682     0.060        14
   333.522     9.732     0.060        14
   334.133     9.836     0.060        14
   334.437     9.892     0.060        14
   334.741     9.945     0.060        14
   335.222    10.041     0.060        14
   335.687    10.139     0.060        14
   336.002    10.185     0.060        14
   336.491    10.272     0.060        14
   336.970    10.366     0.060        14
   337.288    10.438     0.060        14
   337.931    10.534     0.060        14
   338.407    10.627     0.060        14
   338.718    10.684     0.060        14
   339.513    10.790     0.060        14
   340.453    10.921     0.060        14
   340.933    10.985     0.060        14
   341.718    11.084     0.060        14
   342.522    11.183     0.060        14
   343.165    11.266     0.060        14
   343.654    11.325     0.060        14
   344.294    11.429     0.060        14
   344.773    11.509     0.060        14
   345.402    11.584     0.060        14
   345.878    11.660     0.060        14
   346.515    11.765     0.060        14
   346.990    11.825     0.060        14
   347.469    11.901     0.060        14
   348.091    12.010     0.060        14
   348.890    12.135     0.060        14
   349.358    12.220     0.060        14
   350.003    12.341     0.060        14
   350.644    12.446     0.060        14
   309.697     7.956     0.060        24
   309.848     8.021     0.060        24
   310.320     8.109     0.060        24
   310.632     8.244     0.060        24
   311.105     8.398     0.060        24
   311.731     8.536     0.060        24
   312.043     8.605     0.060        24
   312.354     8.721     0.060        24
   312.817     8.860     0.060        24
   313.292     8.985     0.060        24
   313.755     9.118     0.060        24
   314.069     9.234     0.060        24
   314.693     9.373     0.060        24
   315.155     9.535     0.060        24
   318.481    10.707     0.060        24
   318.793    10.790     0.060        24
   319.115    10.889     0.060        24
   319.276    10.957     0.060        24
   319.746    11.092     0.060        24
   320.219    11.226     0.060        24
   320.835    11.437     0.060        24
   321.300    11.536     0.060        24
   321.604    11.629     0.060        24
   322.055    11.748     0.060        24
   322.370    11.866     0.060        24
   322.835    11.970     0.060        24
   323.150    12.089     0.060        24
   323.451    12.209     0.060        24
   324.056    12.352     0.060        24
   324.360    12.503     0.060        24
   324.975    12.626     0.060        24
   325.287    12.733     0.060        24
   325.599    12.822     0.060        24
   326.071    12.960     0.060        24
   326.544    13.053     0.060        24
   326.853    13.134     0.060        24
   327.004    13.182     0.060        24
   327.476    13.301     0.060        24
   327.638    13.365     0.060        24
   328.107    13.497     0.060        24
   328.266    13.564     0.060        24
   328.733    13.696     0.060        24
   329.197    13.839     0.060        24
   329.970    14.017     0.060        24
   330.436    14.155     0.060        24
   330.750    14.287     0.060        24
   331.054    14.391     0.060        24
   331.525    14.510     0.060        24
   331.676    14.596     0.060        24
   332.147    14.744     0.060        24
   332.451    14.842     0.060        24
   332.768    14.939     0.060        24
   333.226    15.040     0.060        24
   333.675    15.133     0.060        24
   333.979    15.208     0.060        24
   334.133    15.268     0.060        24
   343.165    17.966     0.060        24
   343.818    18.164     0.060        24
   344.133    18.245     0.060        24
   344.458    18.358     0.060        24
   344.926    18.471     0.060        24
   345.251    18.533     0.060        24
   345.563    18.600     0.060        24
   346.203    18.763     0.060        24
   346.515    18.878     0.060        24
   346.990    18.975     0.060        24
   347.154    19.053     0.060        24
   347.623    19.162     0.060        24
   347.787    19.208     0.060        24
     0.000     0.000     0.000        -1
