   222.699    -1.000     0.000         0
   221.095     2.296     0.060         1
   221.221     2.254     0.060         1
   221.360     2.220     0.060         1
   221.497     2.197     0.060         1
   221.637     2.167     0.060         1
   221.785     2.145     0.060         1
   221.924     2.123     0.060         1
   222.062     2.094     0.060         1
   222.199     2.073     0.060         1
   222.336     2.070     0.060         1
   222.481     2.064     0.060         1
   222.596     2.066     0.060         1
    23.820    32.856     0.060         5
    26.017    32.547     0.060         5
    28.217    32.226     0.060         5
    30.284    31.916     0.060         5
    32.031    31.680     0.060         5
    33.643    31.430     0.060         5
    35.443    31.140     0.060         5
    37.870    30.803     0.060         5
    39.005    30.610     0.060         5
    40.792    30.340     0.060         5
    42.731    30.014     0.060         5
    44.761    29.696     0.060         5
    45.857    29.556     0.060         5
    47.114    29.383     0.060         5
    49.159    29.127     0.060         5
    51.672    28.832     0.060         5
    53.369    28.653     0.060         5
    55.339    28.421     0.060         5
    56.881    28.262     0.060         5
    58.409    28.070     0.060         5
    59.945    27.911     0.060         5
    62.076    27.643     0.060         5
    63.590    27.472     0.060         5
    64.941    27.304     0.060         5
    66.008    27.172     0.060         5
    67.077    27.036     0.060         5
    69.081    26.788     0.060         5
    70.798    26.572     0.060         5
    72.207    26.363     0.060         5
    73.450    26.207     0.060         5
    74.992    25.990     0.060         5
    76.526    25.773     0.060         5
    78.536    25.505     0.060         5
    79.770    25.320     0.060         5
    81.015    25.139     0.060         5
    81.628    25.043     0.060         5
    82.411    24.938     0.060         5
    83.045    24.882     0.060         5
    83.820    24.770     0.060         5
    84.611    24.646     0.060         5
    85.399    24.572     0.060         5
    86.026    24.486     0.060         5
    87.132    24.334     0.060         5
    87.920    24.217     0.060         5
    88.852    24.103     0.060         5
    89.478    23.988     0.060         5
    90.563    23.828     0.060         5
    91.659    23.667     0.060         5
    92.450    23.545     0.060         5
    93.399    23.385     0.060         5
    94.188    23.257     0.060         5
    94.825    23.155     0.060         5
    95.616    22.992     0.060         5
    96.415    22.860     0.060         5
    97.203    22.736     0.060         5
    97.827    22.614     0.060         5
    98.459    22.419     0.060         5
    99.069    22.259     0.060         5
    99.539    22.167     0.060         5
   100.002    22.054     0.060         5
   101.081    21.838     0.060         5
   101.994    21.686     0.060         5
   102.763    21.591     0.060         5
   103.218    21.540     0.060         5
   103.988    21.428     0.060         5
   104.467    21.365     0.060         5
   104.946    21.310     0.060         5
   105.727    21.173     0.060         5
   105.891    21.162     0.060         5
   106.203    21.126     0.060         5
   107.295    20.946     0.060         5
   108.084    20.839     0.060         5
   109.006    20.708     0.060         5
   110.579    20.497     0.060         5
   111.504    20.407     0.060         5
   112.440    20.293     0.060         5
   113.050    20.259     0.060         5
   113.997    20.148     0.060         5
   115.118    20.014     0.060         5
   115.925    19.919     0.060         5
   117.027    19.776     0.060         5
   118.293    19.597     0.060         5
   119.242    19.449     0.060         5
   119.729    19.382     0.060         5
   120.858    19.202     0.060         5
   121.832    19.042     0.060         5
   122.959    18.879     0.060         5
   123.583    18.779     0.060         5
   124.207    18.673     0.060         5
   124.686    18.606     0.060         5
   125.313    18.498     0.060         5
   125.948    18.398     0.060         5
   126.249    18.353     0.060         5
   127.031    18.226     0.060         5
   127.655    18.152     0.060         5
   128.282    18.076     0.060         5
   128.922    17.963     0.060         5
   129.738    17.865     0.060         5
   130.378    17.738     0.060         5
   131.169    17.637     0.060         5
   131.492    17.573     0.060         5
   131.971    17.509     0.060         5
   132.296    17.448     0.060         5
   133.101    17.338     0.060         5
   133.913    17.215     0.060         5
   135.842    16.930     0.060         5
   110.103    21.082     0.060         7
   111.504    20.939     0.060         7
   112.289    20.839     0.060         7
   113.352    20.757     0.060         7
   114.634    20.663     0.060         7
   115.925    20.527     0.060         7
   117.497    20.315     0.060         7
   118.930    20.127     0.060         7
   119.729    20.060     0.060         7
   120.535    20.026     0.060         7
   121.345    19.963     0.060         7
   122.311    19.876     0.060         7
   122.959    19.829     0.060         7
   124.046    19.685     0.060         7
   124.522    19.616     0.060         7
   125.636    19.452     0.060         7
   127.343    19.240     0.060         7
   128.922    19.044     0.060         7
   129.888    18.920     0.060         7
   130.529    18.831     0.060         7
   132.296    18.636     0.060         7
   133.588    18.501     0.060         7
   134.890    18.337     0.060         7
   135.366    18.285     0.060         7
   136.633    18.129     0.060         7
   137.901    17.969     0.060         7
    53.068    28.897     0.060         8
    53.974    28.795     0.060         8
    55.339    28.654     0.060         8
    56.572    28.522     0.060         8
    57.957    28.376     0.060         8
    59.331    28.218     0.060         8
    60.867    28.036     0.060         8
    62.076    27.894     0.060         8
    63.590    27.722     0.060         8
    65.250    27.518     0.060         8
    66.930    27.326     0.060         8
    68.460    27.144     0.060         8
    69.698    26.992     0.060         8
    71.261    26.796     0.060         8
    72.358    26.656     0.060         8
    73.450    26.540     0.060         8
    74.992    26.368     0.060         8
    76.372    26.196     0.060         8
    77.457    26.070     0.060         8
    78.375    25.975     0.060         8
    80.233    25.763     0.060         8
    81.940    25.521     0.060         8
    83.669    25.264     0.060         8
    84.450    25.128     0.060         8
    85.238    25.032     0.060         8
    86.341    24.892     0.060         8
    87.283    24.776     0.060         8
    88.232    24.631     0.060         8
    89.164    24.523     0.060         8
    90.259    24.379     0.060         8
    91.029    24.283     0.060         8
    91.820    24.183     0.060         8
    92.765    24.067     0.060         8
    96.251    23.652     0.060         8
    98.768    23.326     0.060         8
   100.002    23.174     0.060         8
   102.147    22.896     0.060         8
   103.372    22.740     0.060         8
   104.946    22.544     0.060         8
   106.203    22.418     0.060         8
   107.457    22.262     0.060         8
   101.689    22.508     0.060        14
   102.613    22.360     0.060        14
   103.218    22.277     0.060        14
   103.522    22.245     0.060        14
   103.988    22.182     0.060        14
   104.629    22.082     0.060        14
   105.108    22.014     0.060        14
   105.727    21.910     0.060        14
   106.203    21.847     0.060        14
   106.830    21.776     0.060        14
   107.145    21.707     0.060        14
   108.084    21.592     0.060        14
   108.855    21.485     0.060        14
   109.479    21.406     0.060        14
   110.103    21.310     0.060        14
   110.579    21.267     0.060        14
   111.354    21.160     0.060        14
   111.978    21.097     0.060        14
   112.588    21.022     0.060        14
   113.050    20.962     0.060        14
   113.510    20.891     0.060        14
   113.833    20.847     0.060        14
   114.309    20.792     0.060        14
   115.118    20.689     0.060        14
   115.602    20.617     0.060        14
   116.086    20.546     0.060        14
   116.715    20.453     0.060        14
   117.188    20.373     0.060        14
   117.970    20.285     0.060        14
   118.766    20.175     0.060        14
   119.406    20.071     0.060        14
   120.213    19.935     0.060        14
   121.184    19.775     0.060        14
   121.832    19.667     0.060        14
   122.472    19.581     0.060        14
   123.110    19.473     0.060        14
   123.895    19.400     0.060        14
   124.686    19.268     0.060        14
   125.163    19.188     0.060        14
   125.786    19.084     0.060        14
   126.410    18.991     0.060        14
   126.722    18.961     0.060        14
   127.182    18.885     0.060        14
   127.970    18.765     0.060        14
   128.282    18.724     0.060        14
   128.922    18.627     0.060        14
   129.412    18.547     0.060        14
   129.738    18.491     0.060        14
   130.214    18.433     0.060        14
   130.854    18.329     0.060        14
   131.330    18.227     0.060        14
   131.806    18.169     0.060        14
   132.296    18.078     0.060        14
   132.622    18.066     0.060        14
   132.947    18.065     0.060        14
   133.588    17.950     0.060        14
   134.400    17.814     0.060        14
   134.565    17.797     0.060        14
   134.890    17.730     0.060        14
   135.366    17.654     0.060        14
   135.842    17.596     0.060        14
   121.022    33.201     0.060        24
   121.670    33.022     0.060        24
   122.311    32.832     0.060        24
   122.959    32.665     0.060        24
   123.734    32.455     0.060        24
   124.522    32.237     0.060        24
   124.998    32.117     0.060        24
   125.948    31.881     0.060        24
   126.410    31.761     0.060        24
   127.182    31.558     0.060        24
   127.970    31.336     0.060        24
   128.771    31.136     0.060        24
   129.412    30.983     0.060        24
   130.214    30.783     0.060        24
   130.693    30.663     0.060        24
   131.492    30.463     0.060        24
   132.132    30.303     0.060        24
   132.458    30.223     0.060        24
   133.427    29.987     0.060        24
   134.239    29.794     0.060        24
   134.726    29.685     0.060        24
   135.205    29.565     0.060        24
   135.681    29.445     0.060        24
   136.472    29.271     0.060        24
   136.948    29.151     0.060        24
   137.739    28.955     0.060        24
   139.004    28.617     0.060        24
   139.655    28.416     0.060        24
   222.699     1.000     0.000         0
   222.811     2.071     0.060         1
   222.939     2.101     0.060         1
   223.074     2.113     0.060         1
   223.212     2.129     0.060         1
   223.361     2.149     0.060         1
   223.500     2.177     0.060         1
   223.650     2.201     0.060         1
   223.789     2.233     0.060         1
   223.939     2.273     0.060         1
   224.079     2.312     0.060         1
   224.229     2.350     0.060         1
   224.369     2.387     0.060         1
   224.519     2.437     0.060         1
   224.659     2.486     0.060         1
   224.810     2.539     0.060         1
   224.949     2.596     0.060         1
   225.100     2.674     0.060         1
   225.240     2.747     0.060         1
   225.390     2.823     0.060         1
   225.530     2.893     0.060         1
   225.681     2.959     0.060         1
   232.127     5.387     0.060         5
   232.407     5.480     0.060         5
   232.698     5.582     0.060         5
   233.416     5.757     0.060         5
   233.692     5.838     0.060         5
   234.389     5.992     0.060         5
   234.948     6.122     0.060         5
   235.379     6.248     0.060         5
   235.669     6.317     0.060         5
   236.100     6.398     0.060         5
   236.673     6.520     0.060         5
   237.541     6.669     0.060         5
   237.982     6.746     0.060         5
   238.724     6.883     0.060         5
   239.343     6.984     0.060         5
   239.970     7.119     0.060         5
   240.295     7.171     0.060         5
   240.744     7.227     0.060         5
   241.507     7.345     0.060         5
   241.668     7.363     0.060         5
   241.969     7.411     0.060         5
   242.553     7.487     0.060         5
   242.704     7.515     0.060         5
   243.131     7.597     0.060         5
   243.419     7.655     0.060         5
   243.569     7.679     0.060         5
   244.162     7.779     0.060         5
   244.460     7.827     0.060         5
   244.769     7.889     0.060         5
   245.078     7.941     0.060         5
   245.537     8.017     0.060         5
   246.268     8.117     0.060         5
   246.583     8.169     0.060         5
   247.202     8.263     0.060         5
   247.835     8.331     0.060         5
   248.146     8.383     0.060         5
   248.770     8.477     0.060         5
   249.085     8.519     0.060         5
   249.235     8.533     0.060         5
   249.708     8.574     0.060         5
   250.163     8.640     0.060         5
   250.631     8.686     0.060         5
   251.102     8.736     0.060         5
   251.410     8.778     0.060         5
   251.881     8.834     0.060         5
   252.045     8.852     0.060         5
   252.363     8.914     0.060         5
   252.845     8.974     0.060         5
   253.173     9.010     0.060         5
   253.481     9.042     0.060         5
   253.795     9.064     0.060         5
   254.258     9.104     0.060         5
   254.728     9.147     0.060         5
   255.187     9.187     0.060         5
   256.122     9.245     0.060         5
   256.735     9.263     0.060         5
   270.876    10.637     0.060         5
   271.040    10.630     0.060         5
   271.683    10.685     0.060         5
   271.998    10.702     0.060         5
   272.487    10.765     0.060         5
   273.132    10.803     0.060         5
   273.616    10.817     0.060         5
   274.099    10.827     0.060         5
   274.586    10.837     0.060         5
   274.911    10.911     0.060         5
   275.411    10.904     0.060         5
   275.573    10.914     0.060         5
   275.901    10.954     0.060         5
   276.226    10.997     0.060         5
   276.886    11.083     0.060         5
   277.367    11.154     0.060         5
   278.162    11.269     0.060         5
   278.649    11.331     0.060         5
   279.125    11.394     0.060         5
   279.772    11.467     0.060         5
   280.262    11.520     0.060         5
   280.891    11.585     0.060         5
   281.381    11.639     0.060         5
   281.695    11.682     0.060         5
   281.857    11.658     0.060         5
   282.333    11.729     0.060         5
   282.497    11.718     0.060         5
   282.811    11.739     0.060         5
   283.126    11.773     0.060         5
   283.452    11.791     0.060         5
   284.089    11.861     0.060         5
   284.564    11.926     0.060         5
   284.890    11.980     0.060         5
   285.369    12.021     0.060         5
   285.683    12.032     0.060         5
   286.173    12.054     0.060         5
   286.488    12.108     0.060         5
   286.813    12.115     0.060         5
   287.138    12.153     0.060         5
   287.464    12.179     0.060         5
   287.625    12.198     0.060         5
   287.940    12.242     0.060         5
   288.101    12.270     0.060         5
   288.262    12.280     0.060         5
   288.743    12.343     0.060         5
   289.065    12.360     0.060         5
   289.556    12.452     0.060         5
   289.878    12.499     0.060         5
   290.201    12.530     0.060         5
   290.687    12.603     0.060         5
   291.181    12.663     0.060         5
   291.829    12.743     0.060         5
   292.469    12.864     0.060         5
   293.567    13.062     0.060         5
   294.183    13.179     0.060         5
   294.962    13.267     0.060         5
   295.113    13.319     0.060         5
   295.428    13.376     0.060         5
   295.882    13.465     0.060         5
   296.498    13.587     0.060         5
   296.813    13.643     0.060         5
   297.278    13.753     0.060         5
   297.431    13.772     0.060         5
   297.735    13.829     0.060         5
   298.500    13.971     0.060         5
   298.961    14.047     0.060         5
   299.575    14.185     0.060         5
   299.874    14.249     0.060         5
   300.482    14.342     0.060         5
   300.783    14.407     0.060         5
   301.382    14.507     0.060         5
   301.863    14.572     0.060         5
   302.171    14.639     0.060         5
   302.494    14.697     0.060         5
   303.128    14.799     0.060         5
   303.909    14.920     0.060         5
   304.371    14.996     0.060         5
   304.998    15.100     0.060         5
   306.258    15.285     0.060         5
   307.196    15.441     0.060         5
   308.129    15.564     0.060         5
   309.073    15.700     0.060         5
   309.536    15.800     0.060         5
   310.320    15.909     0.060         5
   311.255    16.069     0.060         5
   311.881    16.158     0.060         5
   312.978    16.338     0.060         5
   313.604    16.449     0.060         5
   314.069    16.500     0.060         5
   314.843    16.628     0.060         5
   315.316    16.704     0.060         5
   315.928    16.805     0.060         5
   316.404    16.898     0.060         5
   317.038    17.027     0.060         5
   317.511    17.092     0.060         5
   318.159    17.201     0.060         5
   318.632    17.256     0.060         5
   319.276    17.342     0.060         5
   319.746    17.405     0.060         5
   320.523    17.534     0.060         5
   327.004    18.611     0.060         5
   327.946    18.776     0.060         5
   328.891    18.958     0.060         5
   329.358    19.051     0.060         5
   330.285    19.233     0.060         5
   330.750    19.293     0.060         5
   331.054    19.379     0.060         5
   331.525    19.459     0.060         5
   332.147    19.564     0.060         5
   332.768    19.652     0.060         5
   333.226    19.765     0.060         5
   333.675    19.838     0.060         5
   334.133    19.939     0.060         5
   334.741    20.040     0.060         5
   335.373    20.161     0.060         5
   335.852    20.250     0.060         5
   336.492    20.371     0.060         5
   337.288    20.504     0.060         5
   337.931    20.592     0.060         5
   338.557    20.681     0.060         5
   339.202    20.761     0.060         5
   339.833    20.857     0.060         5
   340.306    20.917     0.060         5
   341.403    21.045     0.060         5
   342.046    21.125     0.060         5
   343.001    21.245     0.060         5
   343.654    21.333     0.060         5
   344.612    21.486     0.060         5
   345.402    21.603     0.060         5
   227.437     3.756     0.060        10
   227.587     3.813     0.060        10
   227.738     3.887     0.060        10
   227.878     3.964     0.060        10
   228.168     4.087     0.060        10
   228.319     4.165     0.060        10
   228.609     4.246     0.060        10
   228.749     4.316     0.060        10
   229.029     4.401     0.060        10
   229.179     4.467     0.060        10
   229.319     4.532     0.060        10
   229.459     4.605     0.060        10
   229.596     4.652     0.060        10
   229.746     4.698     0.060        10
   229.883     4.744     0.060        10
   230.023     4.778     0.060        10
   230.160     4.811     0.060        10
   230.300     4.857     0.060        10
   230.440     4.899     0.060        10
   230.576     4.944     0.060        10
   230.716     4.986     0.060        10
   230.856     5.028     0.060        10
   230.993     5.071     0.060        10
   231.133     5.111     0.060        10
   231.284     5.157     0.060        10
   231.423     5.196     0.060        10
   231.560     5.236     0.060        10
   231.700     5.276     0.060        10
   231.851     5.314     0.060        10
   330.903    19.157     0.060        13
   331.676    19.294     0.060        13
   332.297    19.397     0.060        13
   333.369    19.575     0.060        13
   333.826    19.672     0.060        13
   334.283    19.728     0.060        13
   334.905    19.832     0.060        13
   335.688    19.950     0.060        13
   336.492    20.068     0.060        13
   337.606    20.245     0.060        13
   338.095    20.314     0.060        13
   338.719    20.459     0.060        13
   339.514    20.577     0.060        13
   340.306    20.673     0.060        13
   247.835     9.135     0.060        14
   248.609     9.222     0.060        14
   249.235     9.301     0.060        14
   249.708     9.340     0.060        14
   250.470     9.431     0.060        14
   251.410     9.541     0.060        14
   252.045     9.604     0.060        14
   252.681     9.671     0.060        14
   253.173     9.734     0.060        14
   253.795     9.805     0.060        14
   254.566     9.900     0.060        14
   255.187     9.979     0.060        14
   271.683    11.651     0.060        14
   272.162    11.685     0.060        14
   272.649    11.704     0.060        14
   273.293    11.766     0.060        14
   273.777    11.769     0.060        14
   274.422    11.847     0.060        14
   275.072    11.894     0.060        14
   275.411    11.888     0.060        14
   275.901    11.942     0.060        14
   276.556    12.019     0.060        14
   277.047    12.053     0.060        14
   277.367    12.079     0.060        14
   277.840    12.124     0.060        14
   278.323    12.162     0.060        14
   278.649    12.199     0.060        14
   279.286    12.276     0.060        14
   279.611    12.328     0.060        14
   280.098    12.397     0.060        14
   280.412    12.434     0.060        14
   281.055    12.533     0.060        14
   281.542    12.556     0.060        14
   281.857    12.562     0.060        14
   282.333    12.626     0.060        14
   282.647    12.655     0.060        14
   283.126    12.704     0.060        14
   283.287    12.694     0.060        14
   283.763    12.739     0.060        14
   284.239    12.765     0.060        14
   284.729    12.798     0.060        14
   285.043    12.793     0.060        14
   285.530    12.842     0.060        14
   285.848    12.863     0.060        14
   286.327    12.898     0.060        14
   286.488    12.895     0.060        14
   287.303    12.970     0.060        14
   287.789    13.019     0.060        14
   288.101    13.025     0.060        14
   288.581    13.044     0.060        14
   288.904    13.081     0.060        14
   289.717    13.186     0.060        14
   290.365    13.248     0.060        14
   291.020    13.330     0.060        14
   291.668    13.453     0.060        14
   292.469    13.585     0.060        14
   292.948    13.680     0.060        14
   293.567    13.784     0.060        14
   294.032    13.876     0.060        14
   294.812    14.008     0.060        14
   295.277    14.084     0.060        14
   295.578    14.113     0.060        14
   296.194    14.258     0.060        14
   296.498    14.323     0.060        14
   296.963    14.403     0.060        14
   297.735    14.531     0.060        14
   298.193    14.608     0.060        14
   298.961    14.759     0.060        14
   299.421    14.835     0.060        14
   300.025    14.935     0.060        14
   300.482    15.019     0.060        14
   301.084    15.119     0.060        14
   301.543    15.195     0.060        14
   302.021    15.283     0.060        14
   302.655    15.387     0.060        14
   303.286    15.502     0.060        14
   304.060    15.638     0.060        14
   304.371    15.690     0.060        14
   304.998    15.802     0.060        14
   305.943    15.958     0.060        14
   306.884    16.110     0.060        14
   307.511    16.191     0.060        14
   307.976    16.259     0.060        14
   308.291    16.303     0.060        14
   308.912    16.384     0.060        14
   309.536    16.481     0.060        14
   310.008    16.553     0.060        14
   310.481    16.618     0.060        14
   311.255    16.730     0.060        14
   312.043    16.862     0.060        14
   312.505    16.923     0.060        14
   312.978    16.995     0.060        14
   313.604    17.099     0.060        14
   314.531    17.236     0.060        14
   315.155    17.340     0.060        14
   315.627    17.420     0.060        14
   316.240    17.501     0.060        14
   316.877    17.605     0.060        14
   317.511    17.685     0.060        14
   317.995    17.762     0.060        14
   318.632    17.858     0.060        14
   318.954    17.914     0.060        14
   319.588    18.010     0.060        14
   320.219    18.107     0.060        14
   320.684    18.194     0.060        14
   327.326    19.398     0.060        14
   327.946    19.502     0.060        14
   328.266    19.558     0.060        14
   328.424    19.582     0.060        14
   328.733    19.642     0.060        14
   329.049    19.702     0.060        14
   329.358    19.762     0.060        14
   329.669    19.814     0.060        14
   329.970    19.873     0.060        14
   330.285    19.941     0.060        14
   331.054    20.076     0.060        14
   331.207    20.100     0.060        14
   331.829    20.212     0.060        14
   332.147    20.287     0.060        14
   332.768    20.430     0.060        14
   333.072    20.497     0.060        14
   333.522    20.573     0.060        14
   334.437    20.748     0.060        14
   334.905    20.863     0.060        14
   335.688    21.025     0.060        14
   336.328    21.133     0.060        14
   336.806    21.209     0.060        14
   337.135    21.258     0.060        14
   337.770    21.373     0.060        14
   338.095    21.425     0.060        14
   338.719    21.537     0.060        14
   339.041    21.585     0.060        14
   339.352    21.622     0.060        14
   340.306    21.755     0.060        14
   340.934    21.813     0.060        14
   341.568    21.882     0.060        14
   342.197    21.948     0.060        14
   342.686    22.005     0.060        14
   343.165    22.069     0.060        14
   343.654    22.130     0.060        14
   344.133    22.195     0.060        14
   345.091    22.347     0.060        14
   240.744    11.381     0.060        19
   240.894    11.406     0.060        19
   241.055    11.419     0.060        19
   241.206    11.437     0.060        19
   241.354    11.473     0.060        19
   241.507    11.478     0.060        19
   241.668    11.499     0.060        19
   241.819    11.524     0.060        19
   241.969    11.538     0.060        19
   242.120    11.575     0.060        19
   242.274    11.600     0.060        19
   242.413    11.593     0.060        19
   242.553    11.642     0.060        19
   242.704    11.641     0.060        19
   242.844    11.672     0.060        19
   242.994    11.677     0.060        19
   243.282    11.724     0.060        19
   243.717    11.807     0.060        19
   244.015    11.862     0.060        19
   244.460    11.934     0.060        19
   244.769    11.990     0.060        19
   245.537    12.113     0.060        19
   246.268    12.224     0.060        19
   246.734    12.301     0.060        19
   247.366    12.408     0.060        19
   247.985    12.508     0.060        19
   248.609    12.618     0.060        19
   249.235    12.729     0.060        19
   249.708    12.795     0.060        19
   250.316    12.857     0.060        19
   251.102    12.960     0.060        19
   251.727    13.025     0.060        19
   252.045    13.062     0.060        19
   252.681    13.129     0.060        19
   253.009    13.158     0.060        19
   253.634    13.225     0.060        19
   254.566    13.327     0.060        19
   255.348    13.402     0.060        19
   256.434    13.484     0.060        19
   257.369    13.548     0.060        19
   258.167    13.616     0.060        19
   259.116    13.690     0.060        19
   259.914    13.750     0.060        19
   260.702    13.804     0.060        19
   261.490    13.873     0.060        19
   262.460    13.962     0.060        19
   263.583    14.113     0.060        19
   264.733    14.268     0.060        19
   265.881    14.416     0.060        19
   267.346    14.619     0.060        19
   268.319    14.753     0.060        19
   269.275    14.869     0.060        19
   270.073    14.953     0.060        19
   271.355    15.078     0.060        19
   272.649    15.177     0.060        19
   273.777    15.263     0.060        19
   275.072    15.349     0.060        19
   276.398    15.449     0.060        19
   277.840    15.572     0.060        19
   279.611    15.729     0.060        19
   280.738    15.844     0.060        19
   282.021    15.967     0.060        19
   283.287    16.085     0.060        19
   284.729    16.219     0.060        19
   286.173    16.352     0.060        19
   287.464    16.461     0.060        19
   288.581    16.552     0.060        19
   289.226    16.608     0.060        19
   290.365    16.747     0.060        19
   291.993    16.998     0.060        19
   294.347    17.396     0.060        19
   295.578    17.656     0.060        19
   296.813    17.906     0.060        19
   298.357    18.166     0.060        19
   300.025    18.433     0.060        19
   301.543    18.674     0.060        19
   302.655    18.851     0.060        19
   303.909    19.067     0.060        19
   304.683    19.204     0.060        19
   304.998    19.247     0.060        19
   305.471    19.336     0.060        19
   306.094    19.431     0.060        19
   306.884    19.560     0.060        19
   307.815    19.692     0.060        19
   308.759    19.838     0.060        19
   309.536    19.959     0.060        19
   310.793    20.173     0.060        19
   311.416    20.262     0.060        19
   312.043    20.360     0.060        19
   312.354    20.404     0.060        19
   313.131    20.503     0.060        19
   313.604    20.586     0.060        19
   313.905    20.631     0.060        19
   314.531    20.735     0.060        19
   315.466    20.920     0.060        19
   316.555    21.163     0.060        19
   317.995    21.426     0.060        19
   319.746    21.745     0.060        19
   321.138    21.999     0.060        19
   323.906    22.479     0.060        19
   325.287    22.767     0.060        19
   328.733    23.205     0.060        20
   329.358    23.270     0.060        20
   330.124    23.366     0.060        20
   330.750    23.446     0.060        20
   331.372    23.566     0.060        20
   332.297    23.726     0.060        20
   333.072    23.888     0.060        20
   333.979    24.044     0.060        20
   334.741    24.162     0.060        20
   335.688    24.293     0.060        20
   336.328    24.373     0.060        20
   336.806    24.433     0.060        20
   337.606    24.533     0.060        20
   338.246    24.646     0.060        20
   339.202    24.766     0.060        20
   339.983    24.862     0.060        20
   340.614    24.931     0.060        20
   341.718    25.023     0.060        20
   328.424    23.295     0.060        21
   329.820    23.573     0.060        21
   331.207    23.812     0.060        21
   332.451    24.030     0.060        21
   333.522    24.241     0.060        21
   334.741    24.443     0.060        21
   335.534    24.577     0.060        21
   336.492    24.731     0.060        21
   337.288    24.859     0.060        21
   337.931    24.928     0.060        21
   338.095    24.987     0.060        21
   339.202    25.150     0.060        21
   340.453    25.300     0.060        21
   342.197    25.471     0.060        21
   343.818    25.686     0.060        21
   344.773    25.818     0.060        21
   345.728    25.954     0.060        21
   346.679    26.097     0.060        21
   348.091    26.307     0.060        21
   349.208    26.469     0.060        21
   349.681    26.525     0.060        21
   275.901    19.421     0.060        24
   276.226    19.506     0.060        24
   276.886    19.663     0.060        24
   277.367    19.821     0.060        24
   277.840    19.957     0.060        24
   278.323    20.098     0.060        24
   278.974    20.271     0.060        24
   279.447    20.380     0.060        24
   294.347    24.209     0.060        24
   294.812    24.329     0.060        24
   295.428    24.493     0.060        24
   295.882    24.613     0.060        24
   296.662    24.825     0.060        24
   296.963    24.918     0.060        24
   297.431    25.046     0.060        24
   298.807    25.406     0.060        24
   300.633    25.894     0.060        24
   301.382    26.110     0.060        24
   302.494    26.409     0.060        24
   302.816    26.490     0.060        24
   303.436    26.646     0.060        24
   303.597    26.686     0.060        24
   304.060    26.823     0.060        24
   304.683    26.972     0.060        24
   305.159    27.083     0.060        24
   305.782    27.250     0.060        24
   306.419    27.398     0.060        24
   306.731    27.496     0.060        24
   307.046    27.579     0.060        24
     0.000     0.000     0.000        -1
