   363.422    -1.000     0.000         0
   360.294     2.886     0.060         1
   360.445     2.812     0.060         1
   360.609     2.742     0.060         1
   360.770     2.672     0.060         1
   360.934     2.595     0.060         1
   361.095     2.538     0.060         1
   361.259     2.484     0.060         1
   361.420     2.436     0.060         1
   361.582     2.382     0.060         1
   361.732     2.340     0.060         1
   361.893     2.294     0.060         1
   362.044     2.253     0.060         1
   362.208     2.207     0.060         1
   362.358     2.170     0.060         1
   362.519     2.136     0.060         1
   362.680     2.106     0.060         1
   362.842     2.089     0.060         1
   363.005     2.075     0.060         1
   363.166     2.065     0.060         1
   363.338     2.056     0.060         1
   363.344     2.061     0.060         1
   361.420     2.942     0.060         2
   361.582     2.872     0.060         2
   361.732     2.827     0.060         2
   361.893     2.793     0.060         2
   362.044     2.754     0.060         2
   362.208     2.724     0.060         2
   362.358     2.694     0.060         2
   362.519     2.670     0.060         2
   362.680     2.644     0.060         2
   362.842     2.620     0.060         2
   363.005     2.598     0.060         2
   363.166     2.583     0.060         2
   363.338     2.569     0.060         2
   324.976     8.841     0.060         5
   325.449     8.777     0.060         5
   326.072     8.686     0.060         5
   326.384     8.646     0.060         5
   326.692     8.602     0.060         5
   327.004     8.563     0.060         5
   327.477     8.503     0.060         5
   327.638     8.484     0.060         5
   327.946     8.440     0.060         5
   328.266     8.400     0.060         5
   329.049     8.288     0.060         5
   329.357     8.262     0.060         5
   329.669     8.211     0.060         5
   329.970     8.174     0.060         5
   330.123     8.152     0.060         5
   330.588     8.126     0.060         5
   330.903     8.074     0.060         5
   331.207     8.016     0.060         5
   331.675     7.987     0.060         5
   332.146     7.891     0.060         5
   332.297     7.880     0.060         5
   332.604     7.872     0.060         5
   332.768     7.818     0.060         5
   333.072     7.783     0.060         5
   333.369     7.749     0.060         5
   333.522     7.768     0.060         5
   333.676     7.758     0.060         5
   333.826     7.749     0.060         5
   334.133     7.715     0.060         5
   334.284     7.691     0.060         5
   334.437     7.677     0.060         5
   334.591     7.652     0.060         5
   335.059     7.588     0.060         5
   335.223     7.556     0.060         5
   335.373     7.536     0.060         5
   335.534     7.512     0.060         5
   335.852     7.451     0.060         5
   336.003     7.419     0.060         5
   336.328     7.380     0.060         5
   336.492     7.356     0.060         5
   336.646     7.337     0.060         5
   336.971     7.282     0.060         5
   337.135     7.254     0.060         5
   337.453     7.201     0.060         5
   337.606     7.181     0.060         5
   337.931     7.112     0.060         5
   338.407     7.036     0.060         5
   338.558     7.008     0.060         5
   338.880     6.956     0.060         5
   339.202     6.894     0.060         5
   339.514     6.836     0.060         5
   339.984     6.758     0.060         5
   340.145     6.720     0.060         5
   340.306     6.687     0.060         5
   340.453     6.655     0.060         5
   340.615     6.627     0.060         5
   340.934     6.563     0.060         5
   341.092     6.535     0.060         5
   341.253     6.507     0.060         5
   341.404     6.479     0.060         5
   341.568     6.456     0.060         5
   341.718     6.435     0.060         5
   342.046     6.375     0.060         5
   342.361     6.327     0.060         5
   342.522     6.299     0.060         5
   342.686     6.258     0.060         5
   342.840     6.226     0.060         5
   343.165     6.183     0.060         5
   343.329     6.160     0.060         5
   343.490     6.131     0.060         5
   343.655     6.094     0.060         5
   343.819     6.062     0.060         5
   344.294     5.978     0.060         5
   344.612     5.922     0.060         5
   344.927     5.874     0.060         5
   345.402     5.794     0.060         5
   345.878     5.722     0.060         5
   346.203     5.683     0.060         5
   346.515     5.631     0.060         5
   346.991     5.563     0.060         5
   347.470     5.495     0.060         5
   347.623     5.476     0.060         5
   347.938     5.424     0.060         5
   348.255     5.368     0.060         5
   348.409     5.350     0.060         5
   348.726     5.296     0.060         5
   349.044     5.240     0.060         5
   349.358     5.188     0.060         5
   246.430    21.390     0.060         8
   247.202    21.251     0.060         8
   247.835    21.099     0.060         8
   248.609    20.949     0.060         8
   249.396    20.817     0.060         8
   249.708    20.765     0.060         8
   250.631    20.591     0.060         8
   251.256    20.454     0.060         8
   251.727    20.363     0.060         8
   252.845    20.153     0.060         8
   253.009    20.129     0.060         8
   253.633    20.036     0.060         8
   254.257    19.919     0.060         8
   254.878    19.809     0.060         8
   255.971    19.598     0.060         8
   257.046    19.398     0.060         8
   257.519    19.316     0.060         8
   258.328    19.167     0.060         8
   258.801    19.087     0.060         8
   259.438    18.969     0.060         8
   260.229    18.785     0.060         8
   260.863    18.677     0.060         8
   261.651    18.578     0.060         8
   262.299    18.489     0.060         8
   262.785    18.423     0.060         8
   263.584    18.310     0.060         8
   264.081    18.253     0.060         8
   265.713    18.014     0.060         8
   266.204    17.947     0.060         8
   266.699    17.863     0.060         8
   267.672    17.703     0.060         8
   268.473    17.527     0.060         8
   269.276    17.376     0.060         8
   269.750    17.269     0.060         8
   270.238    17.169     0.060         8
   270.558    17.113     0.060         8
   271.519    16.934     0.060         8
   272.649    16.706     0.060         8
   272.810    16.652     0.060         8
   273.938    16.450     0.060         8
   274.261    16.392     0.060         8
   274.747    16.305     0.060         8
   275.073    16.243     0.060         8
   276.063    16.052     0.060         8
   276.557    15.962     0.060         8
   277.679    15.771     0.060         8
   278.488    15.635     0.060         8
   278.810    15.579     0.060         8
   279.125    15.520     0.060         8
   280.413    15.315     0.060         8
   280.738    15.259     0.060         8
   281.056    15.207     0.060         8
   281.381    15.151     0.060         8
   282.172    14.999     0.060         8
   283.127    14.843     0.060         8
   284.890    14.560     0.060         8
   285.530    14.452     0.060         8
   286.174    14.348     0.060         8
   287.303    14.160     0.060         8
   288.263    14.000     0.060         8
   288.904    13.925     0.060         8
   289.557    13.831     0.060         8
   290.366    13.741     0.060         8
   291.021    13.666     0.060         8
   291.830    13.556     0.060         8
   292.623    13.477     0.060         8
   293.099    13.430     0.060         8
   293.718    13.379     0.060         8
   294.347    13.328     0.060         8
   294.813    13.304     0.060         8
   295.428    13.247     0.060         8
   296.044    13.182     0.060         8
   296.813    13.114     0.060         8
   297.432    13.060     0.060         8
   298.040    12.995     0.060         8
   350.003     5.061     0.060        10
   350.164     5.004     0.060        10
   350.322     4.968     0.060        10
   350.484     4.935     0.060        10
   350.645     4.891     0.060        10
   350.792     4.850     0.060        10
   350.953     4.820     0.060        10
   351.114     4.778     0.060        10
   351.273     4.713     0.060        10
   351.434     4.683     0.060        10
   351.584     4.665     0.060        10
   351.745     4.635     0.060        10
   351.906     4.600     0.060        10
   352.068     4.548     0.060        10
   352.229     4.513     0.060        10
   352.393     4.463     0.060        10
   352.554     4.426     0.060        10
   352.704     4.382     0.060        10
   352.866     4.331     0.060        10
   353.016     4.293     0.060        10
   353.177     4.262     0.060        10
   353.331     4.224     0.060        10
   353.492     4.185     0.060        10
   353.642     4.143     0.060        10
   353.806     4.103     0.060        10
   353.957     4.063     0.060        10
   354.110     4.007     0.060        10
   354.272     3.973     0.060        10
   354.425     3.925     0.060        10
   354.586     3.884     0.060        10
   354.740     3.839     0.060        10
   354.901     3.801     0.060        10
   355.054     3.767     0.060        10
   355.215     3.739     0.060        10
   355.369     3.709     0.060        10
   355.530     3.675     0.060        10
   355.684     3.644     0.060        10
   355.834     3.610     0.060        10
   355.998     3.570     0.060        10
   356.149     3.536     0.060        10
   356.313     3.506     0.060        10
   356.463     3.477     0.060        10
   356.624     3.437     0.060        10
   356.788     3.409     0.060        10
   356.939     3.375     0.060        10
   357.103     3.345     0.060        10
   357.264     3.308     0.060        10
   357.418     3.280     0.060        10
   357.579     3.252     0.060        10
   357.743     3.205     0.060        10
   357.896     3.173     0.060        10
   358.058     3.145     0.060        10
   358.211     3.124     0.060        10
   358.375     3.090     0.060        10
   358.536     3.061     0.060        10
   358.700     3.036     0.060        10
   358.861     3.015     0.060        10
   359.015     3.002     0.060        10
   359.179     2.978     0.060        10
   359.340     2.950     0.060        10
   359.504     2.920     0.060        10
   359.665     2.909     0.060        10
   359.819     2.899     0.060        10
   359.980     2.891     0.060        10
   226.123    24.034     0.060        13
   226.564    23.999     0.060        13
   227.145    23.928     0.060        13
   228.167    23.764     0.060        13
   228.608    23.717     0.060        13
   229.028    23.657     0.060        13
   229.458    23.602     0.060        13
   230.022    23.514     0.060        13
   230.576    23.430     0.060        13
   231.133    23.347     0.060        13
   231.560    23.275     0.060        13
   232.845    23.079     0.060        13
   233.265    22.999     0.060        13
   234.252    22.843     0.060        13
   234.808    22.735     0.060        13
   235.239    22.696     0.060        13
   235.949    22.584     0.060        13
   237.250    22.368     0.060        13
   237.831    22.272     0.060        13
   238.272    22.237     0.060        13
   238.885    22.145     0.060        13
   239.819    22.014     0.060        13
   241.055    21.814     0.060        13
   241.819    21.732     0.060        13
   242.704    21.608     0.060        13
   243.717    21.490     0.060        13
   244.930    21.311     0.060        13
   245.537    21.252     0.060        13
   246.269    21.169     0.060        13
   246.887    21.073     0.060        13
   363.422     1.000     0.000         0
   363.664     2.081     0.060         1
   363.825     2.088     0.060         1
   363.986     2.108     0.060         1
   364.147     2.136     0.060         1
   364.308     2.176     0.060         1
   364.469     2.209     0.060         1
   364.630     2.233     0.060         1
   364.794     2.281     0.060         1
   364.945     2.326     0.060         1
   365.109     2.379     0.060         1
   365.270     2.436     0.060         1
   365.423     2.497     0.060         1
   365.585     2.570     0.060         1
   365.749     2.627     0.060         1
   365.910     2.688     0.060         1
   366.063     2.737     0.060         1
   366.224     2.810     0.060         1
   366.386     2.880     0.060         1
   366.539     2.953     0.060         1
   366.700     3.026     0.060         1
   366.864     3.108     0.060         1
   367.015     3.186     0.060         1
   367.176     3.263     0.060         1
   367.340     3.349     0.060         1
   367.490     3.406     0.060         1
   367.655     3.541     0.060         1
   363.664     2.616     0.060         2
   363.825     2.634     0.060         2
   363.986     2.655     0.060         2
   364.147     2.683     0.060         2
   364.308     2.714     0.060         2
   364.469     2.742     0.060         2
   364.630     2.786     0.060         2
   364.794     2.824     0.060         2
   364.945     2.865     0.060         2
   376.068     5.697     0.060         5
   376.219     5.725     0.060         5
   376.383     5.747     0.060         5
   376.544     5.771     0.060         5
   376.705     5.801     0.060         5
   377.192     5.865     0.060         5
   377.517     5.901     0.060         5
   377.678     5.919     0.060         5
   378.003     5.951     0.060         5
   378.328     5.991     0.060         5
   378.500     6.005     0.060         5
   378.825     6.040     0.060         5
   379.140     6.070     0.060         5
   379.465     6.108     0.060         5
   379.790     6.134     0.060         5
   380.105     6.151     0.060         5
   380.430     6.175     0.060         5
   380.594     6.187     0.060         5
   381.073     6.209     0.060         5
   381.226     6.201     0.060         5
   381.388     6.198     0.060         5
   381.552     6.196     0.060         5
   381.702     6.213     0.060         5
   381.866     6.231     0.060         5
   382.020     6.230     0.060         5
   382.342     6.242     0.060         5
   382.495     6.245     0.060         5
   382.656     6.235     0.060         5
   382.810     6.239     0.060         5
   383.125     6.245     0.060         5
   383.286     6.223     0.060         5
   383.590     6.243     0.060         5
   383.751     6.229     0.060         5
   384.065     6.236     0.060         5
   384.369     6.251     0.060         5
   384.533     6.254     0.060         5
   384.848     6.277     0.060         5
   385.162     6.313     0.060         5
   385.627     6.377     0.060         5
   386.095     6.440     0.060         5
   386.557     6.535     0.060         5
   386.711     6.556     0.060         5
   387.162     6.632     0.060         5
   387.477     6.688     0.060         5
   387.781     6.736     0.060         5
   388.246     6.812     0.060         5
   388.711     6.910     0.060         5
   389.022     6.958     0.060         5
   389.509     7.070     0.060         5
   389.820     7.163     0.060         5
   390.296     7.305     0.060         5
   390.758     7.426     0.060         5
   391.384     7.567     0.060         5
   391.860     7.676     0.060         5
   392.332     7.773     0.060         5
   392.658     7.835     0.060         5
   392.969     7.885     0.060         5
   393.291     7.956     0.060         5
   393.455     7.984     0.060         5
   393.616     8.033     0.060         5
   394.100     8.126     0.060         5
   394.261     8.171     0.060         5
   394.586     8.256     0.060         5
   394.747     8.301     0.060         5
   394.908     8.329     0.060         5
   395.231     8.394     0.060         5
   368.291     3.907     0.060        10
   368.445     3.955     0.060        10
   368.606     3.990     0.060        10
   368.759     4.066     0.060        10
   368.921     4.135     0.060        10
   369.071     4.182     0.060        10
   369.235     4.232     0.060        10
   369.386     4.291     0.060        10
   369.550     4.339     0.060        10
   369.711     4.381     0.060        10
   369.861     4.427     0.060        10
   370.022     4.474     0.060        10
   370.187     4.517     0.060        10
   370.337     4.571     0.060        10
   370.498     4.618     0.060        10
   370.659     4.657     0.060        10
   370.810     4.699     0.060        10
   370.971     4.742     0.060        10
   371.121     4.790     0.060        10
   371.282     4.828     0.060        10
   371.444     4.871     0.060        10
   371.594     4.921     0.060        10
   371.755     4.948     0.060        10
   371.906     4.984     0.060        10
   372.067     5.022     0.060        10
   372.217     5.072     0.060        10
   372.529     5.124     0.060        10
   372.851     5.184     0.060        10
   373.173     5.214     0.060        10
   373.488     5.245     0.060        10
   373.977     5.309     0.060        10
   374.138     5.328     0.060        10
   374.453     5.391     0.060        10
   374.778     5.457     0.060        10
   375.268     5.560     0.060        10
   375.582     5.654     0.060        10
   375.743     5.706     0.060        10
     0.000     0.000     0.000        -1
