    96.859    -1.000     0.000         0
    92.604     3.225     0.060         1
    92.765     3.144     0.060         1
    92.916     3.066     0.060         1
    93.077     2.988     0.060         1
    93.238     2.911     0.060         1
    93.400     2.835     0.060         1
    93.550     2.758     0.060         1
    93.715     2.685     0.060         1
    93.876     2.613     0.060         1
    94.037     2.544     0.060         1
    94.188     2.485     0.060         1
    94.352     2.418     0.060         1
    94.513     2.361     0.060         1
    94.664     2.299     0.060         1
    94.825     2.238     0.060         1
    94.979     2.183     0.060         1
    95.140     2.131     0.060         1
    95.301     2.085     0.060         1
    95.452     2.041     0.060         1
    95.616     1.999     0.060         1
    95.777     1.969     0.060         1
    95.939     1.935     0.060         1
    96.089     1.908     0.060         1
    96.251     1.886     0.060         1
    96.414     1.872     0.060         1
    96.564     1.865     0.060         1
    96.724     1.859     0.060         1
    96.812     1.859     0.060         1
    93.550     3.167     0.060         3
    93.715     3.122     0.060         3
    94.037     3.013     0.060         3
    94.188     2.980     0.060         3
    94.352     2.929     0.060         3
    94.513     2.886     0.060         3
    94.825     2.805     0.060         3
    94.979     2.755     0.060         3
    95.140     2.704     0.060         3
    95.452     2.665     0.060         3
    95.777     2.597     0.060         3
    96.089     2.545     0.060         3
    96.414     2.513     0.060         3
    96.564     2.510     0.060         3
    96.812     2.495     0.060         3
     8.603    16.673     0.060         5
     8.778    16.653     0.060         5
     8.939    16.625     0.060         5
     9.103    16.601     0.060         5
     9.268    16.586     0.060         5
     9.429    16.554     0.060         5
     9.590    16.525     0.060         5
     9.752    16.506     0.060         5
     9.913    16.485     0.060         5
    10.075    16.458     0.060         5
    10.236    16.429     0.060         5
    10.387    16.403     0.060         5
    10.548    16.374     0.060         5
    10.715    16.351     0.060         5
    10.880    16.330     0.060         5
    11.044    16.302     0.060         5
    11.208    16.286     0.060         5
    11.380    16.258     0.060         5
    11.545    16.247     0.060         5
    11.706    16.208     0.060         5
    11.881    16.191     0.060         5
    12.042    16.171     0.060         5
    12.207    16.155     0.060         5
    12.379    16.115     0.060         5
    12.543    16.091     0.060         5
    12.866    16.035     0.060         5
    13.027    16.011     0.060         5
    13.186    15.993     0.060         5
    13.347    15.967     0.060         5
    13.505    15.952     0.060         5
    13.656    15.928     0.060         5
    13.817    15.896     0.060         5
    13.979    15.891     0.060         5
    14.143    15.849     0.060         5
    14.304    15.841     0.060         5
    14.458    15.804     0.060         5
    14.620    15.772     0.060         5
    14.784    15.760     0.060         5
    14.945    15.734     0.060         5
    15.110    15.692     0.060         5
    15.271    15.681     0.060         5
    15.435    15.661     0.060         5
    15.600    15.641     0.060         5
    15.750    15.627     0.060         5
    15.922    15.599     0.060         5
    16.087    15.579     0.060         5
    16.248    15.549     0.060         5
    16.412    15.533     0.060         5
    16.574    15.493     0.060         5
    16.738    15.483     0.060         5
    16.910    15.462     0.060         5
    17.074    15.434     0.060         5
    17.236    15.397     0.060         5
    17.397    15.382     0.060         5
    17.709    15.322     0.060         5
    17.871    15.310     0.060         5
    18.032    15.282     0.060         5
    18.183    15.273     0.060         5
    18.341    15.252     0.060         5
    18.502    15.227     0.060         5
    18.656    15.195     0.060         5
    18.817    15.172     0.060         5
    18.979    15.151     0.060         5
    19.129    15.143     0.060         5
    19.291    15.101     0.060         5
    19.441    15.079     0.060         5
    19.603    15.047     0.060         5
    19.753    15.048     0.060         5
    19.915    14.999     0.060         5
    20.065    14.984     0.060         5
    20.216    14.976     0.060         5
    20.378    14.952     0.060         5
    20.531    14.932     0.060         5
    20.693    14.912     0.060         5
    20.843    14.892     0.060         5
    21.008    14.870     0.060         5
    21.158    14.828     0.060         5
    21.320    14.809     0.060         5
    21.473    14.785     0.060         5
    21.635    14.761     0.060         5
    21.785    14.733     0.060         5
    21.947    14.713     0.060         5
    22.100    14.689     0.060         5
    22.251    14.662     0.060         5
    22.402    14.637     0.060         5
    22.566    14.604     0.060         5
    22.717    14.595     0.060         5
    22.878    14.565     0.060         5
    23.193    14.511     0.060         5
    23.344    14.491     0.060         5
    23.820    14.417     0.060         5
    23.982    14.403     0.060         5
    24.129    14.369     0.060         5
    24.441    14.334     0.060         5
    24.600    14.301     0.060         5
    24.761    14.282     0.060         5
    24.922    14.249     0.060         5
    25.073    14.238     0.060         5
    25.231    14.206     0.060         5
    25.393    14.174     0.060         5
    25.705    14.143     0.060         5
    25.855    14.119     0.060         5
    26.017    14.094     0.060         5
    26.167    14.063     0.060         5
    26.329    14.035     0.060         5
    26.479    14.015     0.060         5
    26.641    13.999     0.060         5
    26.794    13.975     0.060         5
    26.956    13.951     0.060         5
    27.117    13.926     0.060         5
    27.268    13.895     0.060         5
    27.432    13.868     0.060         5
    27.594    13.833     0.060         5
    27.744    13.839     0.060         5
    27.906    13.807     0.060         5
    28.067    13.784     0.060         5
    28.218    13.776     0.060         5
    28.379    13.748     0.060         5
    28.543    13.720     0.060         5
    28.694    13.700     0.060         5
    28.858    13.681     0.060         5
    29.020    13.638     0.060         5
    29.184    13.612     0.060         5
    29.335    13.590     0.060         5
    29.496    13.550     0.060         5
    29.660    13.540     0.060         5
    29.822    13.528     0.060         5
    29.972    13.500     0.060         5
    30.131    13.472     0.060         5
    30.284    13.461     0.060         5
    30.446    13.445     0.060         5
    30.610    13.417     0.060         5
    30.761    13.411     0.060         5
    30.922    13.381     0.060         5
    31.076    13.358     0.060         5
    31.237    13.338     0.060         5
    31.388    13.318     0.060         5
    31.552    13.299     0.060         5
    31.714    13.276     0.060         5
    31.878    13.245     0.060         5
    32.032    13.231     0.060         5
    32.357    13.166     0.060         5
    32.522    13.146     0.060         5
    32.683    13.131     0.060         5
    32.844    13.119     0.060         5
    33.006    13.082     0.060         5
    33.156    13.053     0.060         5
    33.318    13.035     0.060         5
    33.482    12.993     0.060         5
    33.643    12.971     0.060         5
    33.808    12.959     0.060         5
    33.969    12.937     0.060         5
    34.130    12.912     0.060         5
    34.292    12.879     0.060         5
    34.617    12.840     0.060         5
    35.279    12.757     0.060         5
    35.444    12.738     0.060         5
    35.931    12.652     0.060         5
    36.253    12.602     0.060         5
    36.906    12.527     0.060         5
    37.705    12.395     0.060         5
    38.357    12.291     0.060         5
    39.005    12.179     0.060         5
    39.818    12.059     0.060         5
    40.305    11.981     0.060         5
    40.792    11.912     0.060         5
    41.448    11.804     0.060         5
    41.921    11.731     0.060         5
    42.419    11.656     0.060         5
    43.029    11.573     0.060         5
    43.650    11.462     0.060         5
    44.288    11.377     0.060         5
    44.912    11.273     0.060         5
    45.227    11.221     0.060         5
    45.706    11.140     0.060         5
    46.333    11.047     0.060         5
    46.648    11.018     0.060         5
    47.429    10.874     0.060         5
    47.902    10.793     0.060         5
    48.532    10.705     0.060         5
    49.159    10.617     0.060         5
    49.794    10.537     0.060         5
    50.098    10.484     0.060         5
    50.739    10.404     0.060         5
    51.206    10.353     0.060         5
    51.833    10.293     0.060         5
    52.605    10.197     0.060         5
    53.218    10.109     0.060         5
    53.821    10.037     0.060         5
    54.430     9.961     0.060         5
    54.734     9.924     0.060         5
    55.186     9.856     0.060         5
    55.340     9.844     0.060         5
    55.501     9.814     0.060         5
    55.652     9.817     0.060         5
    55.805     9.782     0.060         5
    55.956     9.780     0.060         5
    56.107     9.748     0.060         5
    56.260     9.723     0.060         5
    56.422     9.705     0.060         5
    56.572     9.675     0.060         5
    56.723     9.663     0.060         5
    56.881     9.652     0.060         5
    57.032     9.616     0.060         5
    57.183     9.612     0.060         5
    57.344     9.599     0.060         5
    57.495     9.561     0.060         5
    57.957     9.519     0.060         5
    58.108     9.493     0.060         5
    58.259     9.462     0.060         5
    58.409     9.449     0.060         5
    58.568     9.426     0.060         5
    58.718     9.398     0.060         5
    58.869     9.403     0.060         5
    59.017     9.354     0.060         5
    59.178     9.346     0.060         5
    59.332     9.330     0.060         5
    59.482     9.318     0.060         5
    59.644     9.286     0.060         5
    59.794     9.287     0.060         5
    59.945     9.249     0.060         5
    60.106     9.237     0.060         5
    60.257     9.214     0.060         5
    60.408     9.186     0.060         5
    60.566     9.157     0.060         5
    60.717     9.158     0.060         5
    60.867     9.125     0.060         5
    61.021     9.106     0.060         5
    61.171     9.084     0.060         5
    61.314     9.057     0.060         5
    61.468     9.046     0.060         5
    61.619     9.021     0.060         5
    61.772     9.003     0.060         5
    62.077     8.954     0.060         5
    62.227     8.934     0.060         5
    62.381     8.910     0.060         5
    62.532     8.898     0.060         5
    62.685     8.874     0.060         5
    62.839     8.854     0.060         5
    62.990     8.835     0.060         5
    63.143     8.819     0.060         5
    63.286     8.787     0.060         5
    63.440     8.785     0.060         5
    63.591     8.747     0.060         5
    63.734     8.723     0.060         5
    63.887     8.700     0.060         5
    64.041     8.678     0.060         5
    64.181     8.655     0.060         5
    64.334     8.623     0.060         5
    64.485     8.623     0.060         5
    64.636     8.611     0.060         5
    64.794     8.572     0.060         5
    64.942     8.556     0.060         5
    65.089     8.536     0.060         5
    65.251     8.516     0.060         5
    65.398     8.506     0.060         5
    65.546     8.473     0.060         5
    65.707     8.453     0.060         5
    65.858     8.441     0.060         5
    66.009     8.427     0.060         5
    66.167     8.402     0.060         5
    66.315     8.372     0.060         5
    66.473     8.344     0.060         5
    66.621     8.349     0.060         5
    66.782     8.326     0.060         5
    66.930     8.312     0.060         5
    67.078     8.284     0.060         5
    67.228     8.260     0.060         5
    67.382     8.239     0.060         5
    67.532     8.215     0.060         5
    67.694     8.204     0.060         5
    67.844     8.194     0.060         5
    67.995     8.173     0.060         5
    68.149     8.141     0.060         5
    68.310     8.115     0.060         5
    68.461     8.093     0.060         5
    68.619     8.086     0.060         5
    68.770     8.061     0.060         5
    68.920     8.046     0.060         5
    69.082     8.013     0.060         5
    69.232     8.002     0.060         5
    69.698     7.930     0.060         5
    69.859     7.909     0.060         5
    70.007     7.880     0.060         5
    70.171     7.855     0.060         5
    70.322     7.831     0.060         5
    70.483     7.811     0.060         5
    70.637     7.785     0.060         5
    70.798     7.770     0.060         5
    70.949     7.742     0.060         5
    71.110     7.721     0.060         5
    71.261     7.684     0.060         5
    71.422     7.682     0.060         5
    71.573     7.659     0.060         5
    71.731     7.653     0.060         5
    71.892     7.638     0.060         5
    72.043     7.609     0.060         5
    72.207     7.583     0.060         5
    72.358     7.553     0.060         5
    72.512     7.529     0.060         5
    72.673     7.511     0.060         5
    72.827     7.483     0.060         5
    72.988     7.460     0.060         5
    73.139     7.450     0.060         5
    73.300     7.427     0.060         5
    73.451     7.401     0.060         5
    73.615     7.367     0.060         5
    73.769     7.341     0.060         5
    73.930     7.331     0.060         5
    74.091     7.286     0.060         5
    74.242     7.270     0.060         5
    74.393     7.258     0.060         5
    74.543     7.242     0.060         5
    74.694     7.210     0.060         5
    74.845     7.191     0.060         5
    74.992     7.167     0.060         5
    75.143     7.149     0.060         5
    75.293     7.145     0.060         5
    75.441     7.107     0.060         5
    75.602     7.091     0.060         5
    75.753     7.074     0.060         5
    75.907     7.040     0.060         5
    76.057     7.014     0.060         5
    76.222     6.990     0.060         5
    76.372     6.969     0.060         5
    76.526     6.935     0.060         5
    76.677     6.913     0.060         5
    76.830     6.903     0.060         5
    76.992     6.873     0.060         5
    77.142     6.847     0.060         5
    77.296     6.808     0.060         5
    77.457     6.787     0.060         5
    77.608     6.765     0.060         5
    77.762     6.739     0.060         5
    77.912     6.717     0.060         5
    78.074     6.695     0.060         5
    78.224     6.674     0.060         5
    78.375     6.660     0.060         5
    78.536     6.635     0.060         5
    78.697     6.607     0.060         5
    78.848     6.595     0.060         5
    79.009     6.566     0.060         5
    79.157     6.534     0.060         5
    79.318     6.510     0.060         5
    79.469     6.490     0.060         5
    79.620     6.466     0.060         5
    79.770     6.440     0.060         5
    79.932     6.426     0.060         5
    80.082     6.403     0.060         5
    80.233     6.384     0.060         5
    80.394     6.365     0.060         5
    80.542     6.343     0.060         5
    80.703     6.312     0.060         5
    80.854     6.293     0.060         5
    81.015     6.262     0.060         5
    81.166     6.232     0.060         5
    81.316     6.211     0.060         5
    81.478     6.174     0.060         5
    81.628     6.152     0.060         5
    81.790     6.120     0.060         5
    81.940     6.097     0.060         5
    82.102     6.056     0.060         5
    82.260     6.028     0.060         5
    82.411     6.005     0.060         5
    82.561     5.965     0.060         5
    82.723     5.945     0.060         5
    82.884     5.922     0.060         5
    83.045     5.890     0.060         5
    83.196     5.859     0.060         5
    83.354     5.824     0.060         5
    83.508     5.793     0.060         5
    83.669     5.774     0.060         5
    83.820     5.739     0.060         5
    83.984     5.711     0.060         5
    84.135     5.679     0.060         5
    84.285     5.648     0.060         5
    84.450     5.624     0.060         5
    84.611     5.592     0.060         5
    84.762     5.561     0.060         5
    84.923     5.531     0.060         5
    85.074     5.502     0.060         5
    85.238     5.476     0.060         5
    85.399     5.447     0.060         5
    85.550     5.417     0.060         5
    85.714     5.391     0.060         5
    85.865     5.366     0.060         5
    86.026     5.336     0.060         5
    86.177     5.306     0.060         5
    86.341     5.276     0.060         5
    86.492     5.251     0.060         5
    86.656     5.225     0.060         5
    86.807     5.199     0.060         5
    86.968     5.173     0.060         5
    87.132     5.142     0.060         5
    87.283     5.116     0.060         5
    87.444     5.086     0.060         5
    87.595     5.056     0.060         5
    14.620    16.665     0.060        14
    14.784    16.631     0.060        14
    14.945    16.622     0.060        14
    15.110    16.591     0.060        14
    15.271    16.573     0.060        14
    15.435    16.560     0.060        14
    15.600    16.526     0.060        14
    15.750    16.508     0.060        14
    15.922    16.486     0.060        14
    16.087    16.455     0.060        14
    16.248    16.424     0.060        14
    16.412    16.400     0.060        14
    16.574    16.392     0.060        14
    16.738    16.360     0.060        14
    16.910    16.330     0.060        14
    17.074    16.316     0.060        14
    17.236    16.290     0.060        14
    17.397    16.272     0.060        14
    17.559    16.246     0.060        14
    17.709    16.225     0.060        14
    17.871    16.202     0.060        14
    18.032    16.179     0.060        14
    18.183    16.166     0.060        14
    18.341    16.132     0.060        14
    18.502    16.106     0.060        14
    18.656    16.088     0.060        14
    18.817    16.067     0.060        14
    18.979    16.039     0.060        14
    19.129    16.006     0.060        14
    19.291    15.982     0.060        14
    19.441    15.957     0.060        14
    19.603    15.952     0.060        14
    19.753    15.929     0.060        14
    19.915    15.900     0.060        14
    20.065    15.882     0.060        14
    20.216    15.860     0.060        14
    20.378    15.831     0.060        14
    20.531    15.817     0.060        14
    20.693    15.774     0.060        14
    20.843    15.754     0.060        14
    21.008    15.722     0.060        14
    21.158    15.711     0.060        14
    21.320    15.675     0.060        14
    21.473    15.646     0.060        14
    21.635    15.626     0.060        14
    21.785    15.605     0.060        14
    21.947    15.577     0.060        14
    22.100    15.553     0.060        14
    22.251    15.519     0.060        14
    22.402    15.512     0.060        14
    22.566    15.497     0.060        14
    22.717    15.460     0.060        14
    22.878    15.433     0.060        14
    23.032    15.414     0.060        14
    23.193    15.386     0.060        14
    23.344    15.372     0.060        14
    23.505    15.342     0.060        14
    23.656    15.313     0.060        14
    23.820    15.307     0.060        14
    23.982    15.246     0.060        14
    24.129    15.242     0.060        14
    24.291    15.210     0.060        14
    24.441    15.208     0.060        14
    24.600    15.172     0.060        14
    24.761    15.154     0.060        14
    24.922    15.132     0.060        14
    25.073    15.102     0.060        14
    25.231    15.085     0.060        14
    25.393    15.071     0.060        14
    25.543    15.040     0.060        14
    25.705    15.036     0.060        14
    25.855    15.011     0.060        14
    26.017    15.003     0.060        14
    26.167    14.962     0.060        14
    26.329    14.938     0.060        14
    26.479    14.919     0.060        14
    26.641    14.896     0.060        14
    26.794    14.868     0.060        14
    26.956    14.863     0.060        14
    27.117    14.822     0.060        14
    27.268    14.810     0.060        14
    27.432    14.761     0.060        14
    27.594    14.737     0.060        14
    27.744    14.740     0.060        14
    27.906    14.704     0.060        14
    28.067    14.679     0.060        14
    28.218    14.658     0.060        14
    28.379    14.626     0.060        14
    28.543    14.609     0.060        14
    28.694    14.593     0.060        14
    28.858    14.557     0.060        14
    29.020    14.552     0.060        14
    29.184    14.517     0.060        14
    29.335    14.513     0.060        14
    29.496    14.474     0.060        14
    29.660    14.448     0.060        14
    29.822    14.431     0.060        14
    29.972    14.415     0.060        14
    30.131    14.391     0.060        14
    30.284    14.371     0.060        14
    30.446    14.338     0.060        14
    30.610    14.337     0.060        14
    30.761    14.297     0.060        14
    30.922    14.277     0.060        14
    31.076    14.259     0.060        14
    31.237    14.256     0.060        14
    31.388    14.249     0.060        14
    31.552    14.214     0.060        14
    31.714    14.199     0.060        14
    31.878    14.164     0.060        14
    32.032    14.140     0.060        14
    32.196    14.121     0.060        14
    32.357    14.098     0.060        14
    32.522    14.075     0.060        14
    32.683    14.037     0.060        14
    32.844    14.018     0.060        14
    33.006    14.007     0.060        14
    33.156    13.976     0.060        14
    33.318    13.973     0.060        14
    33.482    13.958     0.060        14
    33.643    13.931     0.060        14
    33.808    13.918     0.060        14
    33.969    13.878     0.060        14
    34.130    13.855     0.060        14
    34.292    13.823     0.060        14
    34.456    13.808     0.060        14
    34.617    13.789     0.060        14
    34.782    13.778     0.060        14
    34.943    13.735     0.060        14
    35.107    13.728     0.060        14
    35.279    13.689     0.060        14
    35.444    13.677     0.060        14
    35.605    13.647     0.060        14
    35.766    13.612     0.060        14
    35.931    13.570     0.060        14
    36.092    13.565     0.060        14
    36.253    13.518     0.060        14
    36.415    13.503     0.060        14
    36.584    13.468     0.060        14
    36.745    13.433     0.060        14
    36.906    13.407     0.060        14
    37.057    13.392     0.060        14
    37.221    13.378     0.060        14
    37.383    13.367     0.060        14
    37.544    13.325     0.060        14
    37.705    13.278     0.060        14
    37.870    13.256     0.060        14
    57.495    10.408     0.060        14
    57.807    10.368     0.060        14
    58.108    10.345     0.060        14
    58.409    10.305     0.060        14
    58.869    10.242     0.060        14
    59.178    10.210     0.060        14
    59.482    10.167     0.060        14
    59.644    10.151     0.060        14
    60.106    10.091     0.060        14
    60.257    10.076     0.060        14
    60.867     9.988     0.060        14
    61.171     9.948     0.060        14
    61.468     9.909     0.060        14
    61.619     9.893     0.060        14
    61.923     9.845     0.060        14
    62.227     9.797     0.060        14
    62.532     9.762     0.060        14
    62.990     9.698     0.060        14
    63.286     9.658     0.060        14
    63.591     9.615     0.060        14
    63.887     9.579     0.060        14
    64.334     9.515     0.060        14
    64.485     9.500     0.060        14
    64.636     9.484     0.060        14
    64.794     9.468     0.060        14
    64.942     9.473     0.060        14
    65.089     9.449     0.060        14
    65.251     9.429     0.060        14
    65.707     9.370     0.060        14
    65.858     9.346     0.060        14
    66.167     9.298     0.060        14
    66.315     9.336     0.060        14
    66.473     9.242     0.060        14
    66.621     9.221     0.060        14
    66.782     9.196     0.060        14
    66.930     9.174     0.060        14
    67.078     9.152     0.060        14
    67.228     9.134     0.060        14
    67.382     9.113     0.060        14
    67.532     9.087     0.060        14
    67.694     9.078     0.060        14
    67.844     9.052     0.060        14
    67.995     9.042     0.060        14
    68.149     9.029     0.060        14
    68.310     9.023     0.060        14
    68.461     8.990     0.060        14
    68.619     8.968     0.060        14
    68.770     8.941     0.060        14
    68.920     8.934     0.060        14
    69.082     8.903     0.060        14
    69.232     8.892     0.060        14
    69.394     8.862     0.060        14
    69.544     8.843     0.060        14
    69.698     8.808     0.060        14
    69.859     8.801     0.060        14
    70.007     8.778     0.060        14
    70.171     8.759     0.060        14
    70.322     8.728     0.060        14
    70.483     8.725     0.060        14
    70.637     8.691     0.060        14
    70.798     8.676     0.060        14
    70.949     8.653     0.060        14
    71.110     8.622     0.060        14
    71.261     8.611     0.060        14
    71.422     8.592     0.060        14
    71.573     8.581     0.060        14
    71.731     8.551     0.060        14
    71.892     8.536     0.060        14
    72.043     8.501     0.060        14
    72.207     8.463     0.060        14
    72.358     8.467     0.060        14
    72.512     8.435     0.060        14
    72.673     8.419     0.060        14
    72.827     8.375     0.060        14
    72.988     8.358     0.060        14
    73.139     8.338     0.060        14
    73.300     8.298     0.060        14
    73.451     8.298     0.060        14
    73.615     8.274     0.060        14
    73.769     8.253     0.060        14
    73.930     8.217     0.060        14
    74.091     8.197     0.060        14
    74.242     8.169     0.060        14
    74.393     8.149     0.060        14
    74.543     8.148     0.060        14
    74.694     8.101     0.060        14
    74.845     8.139     0.060        14
    74.992     8.065     0.060        14
    75.143     8.082     0.060        14
    75.293     8.082     0.060        14
    75.441     7.997     0.060        14
    75.602     7.969     0.060        14
    75.753     7.950     0.060        14
    75.907     7.938     0.060        14
    76.057     7.988     0.060        14
    76.222     7.865     0.060        14
    76.372     7.858     0.060        14
    76.526     7.813     0.060        14
    76.677     7.785     0.060        14
    76.830     7.831     0.060        14
    76.992     7.815     0.060        14
    77.142     7.787     0.060        14
    77.296     7.689     0.060        14
    77.457     7.649     0.060        14
    77.608     7.691     0.060        14
    77.762     7.663     0.060        14
    77.912     7.639     0.060        14
    78.074     7.603     0.060        14
    78.224     7.575     0.060        14
    78.375     7.563     0.060        14
    78.536     7.539     0.060        14
    78.697     7.519     0.060        14
    78.848     7.491     0.060        14
    79.009     7.470     0.060        14
    79.157     7.453     0.060        14
    79.318     7.421     0.060        14
    79.469     7.388     0.060        14
    79.620     7.359     0.060        14
    79.770     7.330     0.060        14
    79.932     7.306     0.060        14
    80.082     7.273     0.060        14
    80.233     7.240     0.060        14
    80.394     7.211     0.060        14
    80.542     7.187     0.060        14
    80.703     7.162     0.060        14
    80.854     7.141     0.060        14
    81.015     7.108     0.060        14
    81.166     7.087     0.060        14
    81.316     7.063     0.060        14
    81.478     7.038     0.060        14
     6.663    28.770     0.060        24
     7.951    28.455     0.060        24
     8.778    28.253     0.060        24
     9.590    28.084     0.060        24
    10.236    27.910     0.060        24
    10.715    27.780     0.060        24
    14.620    26.799     0.060        24
    14.945    26.727     0.060        24
    15.271    26.650     0.060        24
    15.435    26.618     0.060        24
    15.600    26.578     0.060        24
    15.750    26.541     0.060        24
    15.922    26.497     0.060        24
    16.248    26.433     0.060        24
    16.412    26.388     0.060        24
    17.397    26.164     0.060        24
    18.032    26.001     0.060        24
    18.341    25.938     0.060        24
    18.656    25.854     0.060        24
    19.441    25.627     0.060        24
    20.065    25.447     0.060        24
    21.473    25.057     0.060        24
    21.635    25.021     0.060        24
    21.785    24.982     0.060        24
    21.947    24.932     0.060        24
    22.100    24.912     0.060        24
    22.251    24.859     0.060        24
    22.402    24.813     0.060        24
    22.566    24.787     0.060        24
    22.717    24.742     0.060        24
    22.878    24.690     0.060        24
    23.032    24.651     0.060        24
    23.193    24.604     0.060        24
    23.344    24.559     0.060        24
    23.505    24.526     0.060        24
    23.656    24.471     0.060        24
    23.820    24.418     0.060        24
    23.982    24.365     0.060        24
    24.129    24.324     0.060        24
    24.291    24.281     0.060        24
    24.441    24.247     0.060        24
    24.600    24.200     0.060        24
    24.761    24.169     0.060        24
    24.922    24.118     0.060        24
    25.073    24.085     0.060        24
    25.231    24.059     0.060        24
    25.393    24.001     0.060        24
    25.543    23.957     0.060        24
    25.705    23.920     0.060        24
    25.855    23.896     0.060        24
    26.017    23.847     0.060        24
    26.167    23.811     0.060        24
    26.329    23.775     0.060        24
    26.479    23.742     0.060        24
    31.237    22.529     0.060        24
    31.388    22.505     0.060        24
    32.196    22.303     0.060        24
    32.522    22.218     0.060        24
    33.318    21.970     0.060        24
    34.130    21.785     0.060        24
    34.292    21.707     0.060        24
    34.943    21.517     0.060        24
    43.812    19.245     0.060        24
    44.761    19.023     0.060        24
    45.391    18.849     0.060        24
    55.035    16.425     0.060        24
    55.956    16.177     0.060        24
    56.572    16.051     0.060        24
    57.495    15.836     0.060        24
    57.807    15.763     0.060        24
    58.568    15.605     0.060        24
    59.178    15.447     0.060        24
    60.106    15.199     0.060        24
    63.440    14.454     0.060        24
    64.485    14.189     0.060        24
    65.251    13.977     0.060        24
    66.167    13.729     0.060        24
     9.590    29.332     0.060        28
    10.548    29.118     0.060        28
    11.380    28.927     0.060        28
    12.207    28.727     0.060        28
    13.347    28.469     0.060        28
    14.784    28.109     0.060        28
    15.922    27.851     0.060        28
    16.738    27.664     0.060        28
    17.397    27.525     0.060        28
    18.032    27.391     0.060        28
    18.979    27.172     0.060        28
    20.843    26.785     0.060        28
    25.705    25.717     0.060        28
    26.956    25.430     0.060        28
    28.694    25.015     0.060        28
    30.131    24.655     0.060        28
    34.292    23.823     0.060        28
    35.444    23.578     0.060        28
    35.931    23.466     0.060        28
    36.584    23.328     0.060        28
    37.057    23.217     0.060        28
    38.193    22.967     0.060        28
    96.859     1.000     0.000         0
    97.046     1.865     0.060         1
    97.205     1.876     0.060         1
    97.355     1.896     0.060         1
    97.516     1.928     0.060         1
    97.677     1.959     0.060         1
    97.827     1.998     0.060         1
    97.988     2.037     0.060         1
    98.146     2.080     0.060         1
    98.297     2.124     0.060         1
    98.458     2.174     0.060         1
    98.606     2.230     0.060         1
    98.767     2.279     0.060         1
    98.918     2.335     0.060         1
    99.069     2.390     0.060         1
    99.227     2.455     0.060         1
    99.378     2.519     0.060         1
    99.539     2.596     0.060         1
    99.689     2.674     0.060         1
    99.840     2.764     0.060         1
   100.001     2.846     0.060         1
   100.152     2.916     0.060         1
   100.313     2.984     0.060         1
   100.464     3.080     0.060         1
   100.615     3.176     0.060         1
    97.046     2.493     0.060         3
    97.205     2.488     0.060         3
    97.355     2.490     0.060         3
    97.516     2.509     0.060         3
    97.827     2.553     0.060         3
    97.988     2.577     0.060         3
    98.297     2.642     0.060         3
    98.458     2.688     0.060         3
    98.606     2.707     0.060         3
    98.767     2.790     0.060         3
   102.612     3.781     0.060         5
   102.763     3.822     0.060         5
   102.916     3.855     0.060         5
   103.067     3.876     0.060         5
   103.218     3.897     0.060         5
   103.371     3.918     0.060         5
   103.522     3.955     0.060         5
   103.683     3.993     0.060         5
   103.837     4.033     0.060         5
   103.988     4.066     0.060         5
   104.152     4.095     0.060         5
   104.313     4.132     0.060         5
   104.467     4.169     0.060         5
   104.628     4.201     0.060         5
   104.793     4.233     0.060         5
   104.946     4.265     0.060         5
   105.108     4.293     0.060         5
   105.258     4.321     0.060         5
   105.423     4.345     0.060         5
   105.573     4.373     0.060         5
   105.727     4.401     0.060         5
   105.891     4.433     0.060         5
   106.042     4.465     0.060         5
   106.203     4.501     0.060         5
   106.367     4.539     0.060         5
   106.518     4.565     0.060         5
   106.679     4.600     0.060         5
   106.830     4.630     0.060         5
   106.991     4.664     0.060         5
   107.145     4.695     0.060         5
   107.296     4.729     0.060         5
   107.457     4.764     0.060         5
   107.608     4.800     0.060         5
   107.769     4.827     0.060         5
   107.922     4.867     0.060         5
   108.084     4.902     0.060         5
   108.234     4.930     0.060         5
   108.396     4.965     0.060         5
   108.543     4.988     0.060         5
   108.694     5.019     0.060         5
   108.855     5.058     0.060         5
   109.006     5.092     0.060         5
   109.167     5.128     0.060         5
   109.315     5.158     0.060         5
   109.479     5.193     0.060         5
   109.640     5.224     0.060         5
   109.791     5.259     0.060         5
   109.952     5.290     0.060         5
   110.103     5.321     0.060         5
   110.264     5.348     0.060         5
   110.418     5.375     0.060         5
   110.579     5.406     0.060         5
   110.730     5.433     0.060         5
   110.880     5.461     0.060         5
   111.041     5.489     0.060         5
   111.192     5.517     0.060         5
   111.353     5.545     0.060         5
   111.504     5.565     0.060         5
   111.665     5.589     0.060         5
   111.816     5.621     0.060         5
   111.977     5.637     0.060         5
   112.128     5.665     0.060         5
   112.289     5.696     0.060         5
   112.440     5.719     0.060         5
   112.587     5.737     0.060         5
   112.749     5.773     0.060         5
   112.899     5.793     0.060         5
   113.050     5.817     0.060         5
   113.351     5.873     0.060         5
   113.509     5.914     0.060         5
   113.671     5.937     0.060         5
   113.996     5.980     0.060         5
   114.147     6.017     0.060         5
   114.308     6.045     0.060         5
   114.634     6.106     0.060         5
   114.795     6.134     0.060         5
   114.956     6.166     0.060         5
   115.118     6.203     0.060         5
   115.279     6.243     0.060         5
   115.440     6.279     0.060         5
   115.602     6.303     0.060         5
   115.763     6.334     0.060         5
   115.924     6.367     0.060         5
   116.085     6.391     0.060         5
   116.244     6.438     0.060         5
   116.394     6.470     0.060         5
   116.556     6.505     0.060         5
   116.714     6.537     0.060         5
   116.875     6.548     0.060         5
   117.026     6.584     0.060         5
   117.187     6.623     0.060         5
   117.346     6.647     0.060         5
   117.496     6.666     0.060         5
   117.658     6.706     0.060         5
   117.808     6.745     0.060         5
   117.969     6.765     0.060         5
   118.131     6.793     0.060         5
   118.292     6.826     0.060         5
   118.443     6.843     0.060         5
   118.604     6.889     0.060         5
   118.765     6.922     0.060         5
   118.930     6.947     0.060         5
   119.080     6.965     0.060         5
   119.241     6.993     0.060         5
   119.406     7.021     0.060         5
   119.567     7.049     0.060         5
   119.728     7.077     0.060         5
   119.890     7.105     0.060         5
   120.051     7.134     0.060         5
   120.212     7.152     0.060         5
   120.374     7.180     0.060         5
   120.535     7.218     0.060         5
   120.857     7.283     0.060         5
   121.022     7.293     0.060         5
   121.183     7.342     0.060         5
   121.344     7.375     0.060         5
   121.509     7.382     0.060         5
   121.670     7.432     0.060         5
   121.831     7.464     0.060         5
   121.985     7.479     0.060         5
   122.146     7.503     0.060         5
   122.310     7.526     0.060         5
   122.472     7.563     0.060         5
   122.633     7.590     0.060         5
   122.797     7.606     0.060         5
   122.959     7.639     0.060         5
   123.109     7.680     0.060         5
   123.270     7.694     0.060         5
   123.421     7.710     0.060         5
   123.582     7.751     0.060         5
   123.733     7.783     0.060         5
   123.894     7.816     0.060         5
   124.045     7.837     0.060         5
   124.206     7.861     0.060         5
   124.368     7.882     0.060         5
   124.521     7.914     0.060         5
   124.685     7.935     0.060         5
   124.836     7.948     0.060         5
   124.997     7.988     0.060         5
   125.162     8.009     0.060         5
   125.312     8.026     0.060         5
   125.473     8.042     0.060         5
   125.635     8.061     0.060         5
   125.785     8.088     0.060         5
   125.947     8.115     0.060         5
   126.097     8.133     0.060         5
   126.248     8.162     0.060         5
   126.409     8.185     0.060         5
   126.560     8.212     0.060         5
   126.721     8.243     0.060         5
   126.872     8.306     0.060         5
   127.030     8.318     0.060         5
   127.181     8.352     0.060         5
   127.342     8.367     0.060         5
   127.493     8.418     0.060         5
   127.654     8.417     0.060         5
   127.805     8.476     0.060         5
   127.969     8.479     0.060         5
   128.119     8.503     0.060         5
   128.281     8.542     0.060         5
   128.445     8.561     0.060         5
   128.606     8.585     0.060         5
   128.771     8.608     0.060         5
   128.921     8.625     0.060         5
   129.085     8.664     0.060         5
   129.250     8.680     0.060         5
   129.411     8.700     0.060         5
   129.575     8.728     0.060         5
   129.737     8.756     0.060         5
   129.887     8.760     0.060         5
   130.051     8.796     0.060         5
   130.213     8.798     0.060         5
   130.377     8.812     0.060         5
   130.528     8.842     0.060         5
   130.692     8.861     0.060         5
   130.853     8.889     0.060         5
   131.017     8.912     0.060         5
   131.168     8.948     0.060         5
   131.329     8.968     0.060         5
   131.491     9.007     0.060         5
   131.655     9.037     0.060         5
   131.805     9.056     0.060         5
   131.970     9.074     0.060         5
   132.131     9.104     0.060         5
   132.295     9.143     0.060         5
   132.457     9.152     0.060         5
   132.621     9.180     0.060         5
   132.782     9.214     0.060         5
   132.946     9.240     0.060         5
   133.100     9.264     0.060         5
   133.261     9.288     0.060         5
   133.426     9.324     0.060         5
   133.587     9.353     0.060         5
   133.751     9.360     0.060         5
   133.912     9.392     0.060         5
   134.077     9.409     0.060         5
   134.238     9.452     0.060         5
   134.399     9.476     0.060         5
   134.564     9.497     0.060         5
   134.725     9.545     0.060         5
   134.889     9.561     0.060         5
   135.043     9.558     0.060         5
   135.204     9.609     0.060         5
   135.365     9.655     0.060         5
   135.529     9.680     0.060         5
   135.680     9.718     0.060         5
   135.841     9.739     0.060         5
   135.995     9.753     0.060         5
   136.156     9.798     0.060         5
   136.307     9.804     0.060         5
   136.471     9.829     0.060         5
   136.632     9.857     0.060         5
   136.786     9.884     0.060         5
   136.947     9.904     0.060         5
   137.098     9.932     0.060         5
   137.262     9.973     0.060         5
   137.424     9.986     0.060         5
   137.574    10.023     0.060         5
   137.738    10.049     0.060         5
   137.900    10.082     0.060         5
   138.050    10.108     0.060         5
   138.215    10.130     0.060         5
   138.365    10.176     0.060         5
   138.526    10.208     0.060         5
   138.688    10.229     0.060         5
   138.852    10.240     0.060         5
   139.003    10.292     0.060         5
   139.167    10.295     0.060         5
   139.328    10.341     0.060         5
   139.489    10.361     0.060         5
   139.654    10.385     0.060         5
   139.804    10.413     0.060         5
   139.966    10.444     0.060         5
   140.127    10.468     0.060         5
   140.291    10.475     0.060         5
   140.452    10.517     0.060         5
   140.614    10.542     0.060         5
   140.929    10.581     0.060         5
   141.251    10.641     0.060         5
   141.415    10.669     0.060         5
   141.577    10.681     0.060         5
   141.738    10.705     0.060         5
   141.899    10.724     0.060         5
   142.064    10.756     0.060         5
   142.225    10.776     0.060         5
   142.540    10.828     0.060         5
   142.701    10.852     0.060         5
   143.016    10.900     0.060         5
   143.177    10.919     0.060         5
   143.503    10.951     0.060         5
   143.825    11.000     0.060         5
   144.148    11.051     0.060         5
   144.473    11.100     0.060         5
   144.624    11.114     0.060         5
   145.111    11.181     0.060         5
   145.433    11.221     0.060         5
   145.595    11.257     0.060         5
   145.917    11.289     0.060         5
   146.243    11.338     0.060         5
   146.716    11.404     0.060         5
   147.041    11.470     0.060         5
   147.353    11.505     0.060         5
   147.840    11.576     0.060         5
   148.152    11.611     0.060         5
   148.478    11.662     0.060         5
   148.792    11.701     0.060         5
   149.430    11.782     0.060         5
   149.745    11.821     0.060         5
   150.060    11.874     0.060         5
   150.224    11.884     0.060         5
   150.536    11.914     0.060         5
   150.851    11.957     0.060         5
   151.308    12.002     0.060         5
   151.623    12.036     0.060         5
   230.993    25.497     0.060         8
   231.987    25.662     0.060         8
   233.415    25.898     0.060         8
   235.099    26.151     0.060         8
   235.669    26.239     0.060         8
   236.672    26.403     0.060         8
   237.541    26.519     0.060         8
   238.885    26.728     0.060         8
   239.189    26.795     0.060         8
   239.819    26.873     0.060         8
   240.743    26.964     0.060         8
   241.819    27.088     0.060         8
   242.843    27.208     0.060         8
   243.856    27.311     0.060         8
   245.078    27.438     0.060         8
   245.688    27.514     0.060         8
   246.430    27.619     0.060         8
   247.052    27.711     0.060         8
   247.985    27.844     0.060         8
   248.609    27.924     0.060         8
   249.396    28.028     0.060         8
   250.316    28.144     0.060         8
   251.409    28.272     0.060         8
   252.363    28.350     0.060         8
   252.845    28.404     0.060         8
   253.480    28.458     0.060         8
   254.096    28.485     0.060         8
   254.878    28.576     0.060         8
   255.348    28.607     0.060         8
   255.971    28.654     0.060         8
   256.734    28.717     0.060         8
   257.207    28.765     0.060         8
   258.328    28.863     0.060         8
   258.801    28.903     0.060         8
   259.753    28.988     0.060         8
   260.551    29.043     0.060         8
   261.014    29.067     0.060         8
   261.490    29.086     0.060         8
   261.976    29.121     0.060         8
   262.460    29.144     0.060         8
   263.110    29.183     0.060         8
   263.906    29.242     0.060         8
   264.561    29.305     0.060         8
   265.383    29.393     0.060         8
   266.204    29.472     0.060         8
   267.024    29.572     0.060         8
   267.833    29.622     0.060         8
   268.319    29.696     0.060         8
   269.429    29.799     0.060         8
   270.073    29.883     0.060         8
   270.712    29.933     0.060         8
   271.040    29.970     0.060         8
   271.837    30.019     0.060         8
   272.162    30.027     0.060         8
   272.810    30.090     0.060         8
   273.454    30.142     0.060         8
   274.422    30.209     0.060         8
   274.911    30.285     0.060         8
   275.411    30.339     0.060         8
   276.062    30.380     0.060         8
   276.886    30.504     0.060         8
   277.840    30.574     0.060         8
   279.286    30.688     0.060         8
   279.934    30.715     0.060         8
   280.577    30.799     0.060         8
   281.542    30.866     0.060         8
   282.172    30.949     0.060         8
   283.287    31.020     0.060         8
   283.763    31.050     0.060         8
   285.205    31.148     0.060         8
   285.848    31.178     0.060         8
   287.303    31.309     0.060         8
   288.101    31.323     0.060         8
   289.065    31.397     0.060         8
   290.040    31.501     0.060         8
   291.021    31.645     0.060         8
   291.994    31.765     0.060         8
   292.784    31.898     0.060         8
   293.882    32.047     0.060         8
   294.963    32.318     0.060         8
   296.044    32.451     0.060         8
   296.662    32.580     0.060         8
   298.040    32.785     0.060         8
   299.421    33.006     0.060         8
   300.783    33.228     0.060         8
   106.991     5.471     0.060        14
   107.145     5.502     0.060        14
   107.296     5.529     0.060        14
   107.457     5.556     0.060        14
   107.608     5.579     0.060        14
   107.769     5.606     0.060        14
   107.922     5.637     0.060        14
   108.084     5.664     0.060        14
   108.234     5.695     0.060        14
   108.396     5.711     0.060        14
   108.543     5.746     0.060        14
   108.694     5.785     0.060        14
   108.855     5.816     0.060        14
   109.006     5.847     0.060        14
   109.167     5.878     0.060        14
   109.315     5.905     0.060        14
   109.479     5.937     0.060        14
   109.640     5.968     0.060        14
   109.791     5.996     0.060        14
   109.952     6.023     0.060        14
   110.103     6.055     0.060        14
   110.264     6.086     0.060        14
   110.418     6.122     0.060        14
   110.579     6.153     0.060        14
   110.730     6.185     0.060        14
   110.880     6.216     0.060        14
   111.041     6.244     0.060        14
   111.192     6.267     0.060        14
   111.353     6.287     0.060        14
   111.504     6.318     0.060        14
   111.665     6.342     0.060        14
   111.816     6.373     0.060        14
   111.977     6.401     0.060        14
   112.128     6.420     0.060        14
   112.289     6.448     0.060        14
   112.440     6.483     0.060        14
   112.587     6.518     0.060        14
   112.749     6.554     0.060        14
   112.899     6.576     0.060        14
   113.050     6.602     0.060        14
   113.201     6.636     0.060        14
   113.351     6.658     0.060        14
   113.509     6.644     0.060        14
   113.671     6.671     0.060        14
   113.832     6.701     0.060        14
   113.996     6.731     0.060        14
   114.147     6.769     0.060        14
   114.308     6.788     0.060        14
   114.470     6.834     0.060        14
   114.634     6.872     0.060        14
   114.795     6.914     0.060        14
   114.956     6.953     0.060        14
   115.118     6.978     0.060        14
   115.279     7.011     0.060        14
   115.440     7.045     0.060        14
   115.602     7.070     0.060        14
   115.763     7.096     0.060        14
   115.924     7.121     0.060        14
   116.085     7.143     0.060        14
   116.244     7.172     0.060        14
   116.394     7.205     0.060        14
   116.556     7.223     0.060        14
   116.714     7.260     0.060        14
   116.875     7.290     0.060        14
   117.026     7.320     0.060        14
   117.187     7.347     0.060        14
   117.346     7.373     0.060        14
   117.496     7.399     0.060        14
   117.658     7.433     0.060        14
   117.808     7.459     0.060        14
   117.969     7.493     0.060        14
   118.131     7.520     0.060        14
   118.292     7.554     0.060        14
   118.443     7.576     0.060        14
   118.604     7.606     0.060        14
   118.765     7.637     0.060        14
   118.930     7.663     0.060        14
   119.080     7.691     0.060        14
   119.241     7.719     0.060        14
   119.406     7.747     0.060        14
   119.567     7.775     0.060        14
   119.728     7.803     0.060        14
   119.890     7.823     0.060        14
   120.051     7.851     0.060        14
   120.212     7.875     0.060        14
   120.374     7.895     0.060        14
   120.535     7.923     0.060        14
   120.696     7.951     0.060        14
   120.857     7.983     0.060        14
   121.022     8.013     0.060        14
   121.183     8.039     0.060        14
   121.344     8.065     0.060        14
   121.509     8.100     0.060        14
   121.670     8.122     0.060        14
   121.831     8.156     0.060        14
   121.985     8.186     0.060        14
   122.146     8.219     0.060        14
   122.310     8.260     0.060        14
   122.472     8.297     0.060        14
   122.633     8.306     0.060        14
   122.797     8.335     0.060        14
   122.959     8.368     0.060        14
   123.109     8.401     0.060        14
   123.270     8.426     0.060        14
   123.421     8.458     0.060        14
   123.582     8.499     0.060        14
   123.733     8.524     0.060        14
   123.894     8.557     0.060        14
   124.045     8.562     0.060        14
   124.206     8.575     0.060        14
   124.368     8.596     0.060        14
   124.521     8.621     0.060        14
   124.685     8.650     0.060        14
   124.836     8.669     0.060        14
   124.997     8.692     0.060        14
   125.162     8.715     0.060        14
   125.312     8.738     0.060        14
   125.473     8.765     0.060        14
   125.635     8.768     0.060        14
   125.785     8.783     0.060        14
   125.947     8.806     0.060        14
   126.097     8.901     0.060        14
   126.248     8.932     0.060        14
   126.409     8.955     0.060        14
   126.560     8.982     0.060        14
   126.721     8.993     0.060        14
   126.872     9.020     0.060        14
   127.030     9.039     0.060        14
   127.181     9.050     0.060        14
   127.342     9.086     0.060        14
   127.493     9.114     0.060        14
   127.654     9.138     0.060        14
   127.805     9.158     0.060        14
   127.969     9.182     0.060        14
   128.119     9.214     0.060        14
   128.281     9.246     0.060        14
   128.445     9.266     0.060        14
   128.606     9.290     0.060        14
   128.771     9.316     0.060        14
   128.921     9.338     0.060        14
   129.085     9.368     0.060        14
   129.250     9.390     0.060        14
   129.411     9.424     0.060        14
   129.575     9.450     0.060        14
   129.737     9.468     0.060        14
   129.887     9.490     0.060        14
   130.051     9.512     0.060        14
   130.213     9.542     0.060        14
   130.377     9.560     0.060        14
   130.528     9.586     0.060        14
   130.692     9.612     0.060        14
   130.853     9.630     0.060        14
   131.017     9.659     0.060        14
   131.168     9.683     0.060        14
   131.329     9.715     0.060        14
   131.491     9.743     0.060        14
   131.655     9.767     0.060        14
   131.805     9.787     0.060        14
   131.970     9.819     0.060        14
   132.131     9.839     0.060        14
   132.295     9.871     0.060        14
   132.457     9.903     0.060        14
   132.621     9.935     0.060        14
   132.782     9.959     0.060        14
   132.946     9.979     0.060        14
   133.100    10.007     0.060        14
   133.261    10.027     0.060        14
   133.426    10.051     0.060        14
   133.587    10.091     0.060        14
   133.751    10.115     0.060        14
   133.912    10.135     0.060        14
   134.077    10.175     0.060        14
   134.238    10.195     0.060        14
   134.399    10.223     0.060        14
   134.564    10.243     0.060        14
   134.725    10.283     0.060        14
   134.889    10.307     0.060        14
   135.043    10.335     0.060        14
   135.204    10.371     0.060        14
   135.365    10.395     0.060        14
   135.529    10.427     0.060        14
   135.680    10.443     0.060        14
   135.841    10.471     0.060        14
   135.995    10.499     0.060        14
   136.156    10.523     0.060        14
   136.307    10.531     0.060        14
   136.471    10.567     0.060        14
   136.632    10.595     0.060        14
   136.786    10.631     0.060        14
   136.947    10.647     0.060        14
   137.098    10.667     0.060        14
   137.262    10.699     0.060        14
   137.424    10.719     0.060        14
   137.574    10.747     0.060        14
   137.738    10.779     0.060        14
   137.900    10.807     0.060        14
   138.050    10.831     0.060        14
   138.215    10.859     0.060        14
   138.365    10.899     0.060        14
   138.526    10.915     0.060        14
   138.688    10.955     0.060        14
   138.852    10.971     0.060        14
   139.003    11.003     0.060        14
   139.167    11.031     0.060        14
   139.328    11.047     0.060        14
   139.489    11.091     0.060        14
   139.654    11.099     0.060        14
   139.804    11.142     0.060        14
   139.966    11.145     0.060        14
   140.127    11.195     0.060        14
   140.291    11.210     0.060        14
   140.452    11.268     0.060        14
   140.614    11.255     0.060        14
   140.775    11.302     0.060        14
   140.929    11.300     0.060        14
   141.090    11.323     0.060        14
   141.251    11.401     0.060        14
   141.415    11.376     0.060        14
   141.577    11.425     0.060        14
   141.738    11.434     0.060        14
   141.899    11.435     0.060        14
   142.064    11.480     0.060        14
   142.225    11.502     0.060        14
   142.378    11.491     0.060        14
   142.540    11.532     0.060        14
   142.701    11.545     0.060        14
   142.865    11.558     0.060        14
   143.016    11.613     0.060        14
   143.177    11.592     0.060        14
   143.338    11.638     0.060        14
   143.503    11.657     0.060        14
   143.664    11.675     0.060        14
   143.825    11.758     0.060        14
   143.987    11.705     0.060        14
   144.148    11.731     0.060        14
   144.309    11.810     0.060        14
   144.473    11.804     0.060        14
   144.624    11.835     0.060        14
   144.785    11.812     0.060        14
   144.947    11.856     0.060        14
   145.111    11.857     0.060        14
   145.272    11.885     0.060        14
   145.433    11.922     0.060        14
   145.595    11.939     0.060        14
   145.756    12.003     0.060        14
   145.917    11.976     0.060        14
   146.081    12.048     0.060        14
   146.243    12.023     0.060        14
   146.404    12.041     0.060        14
   146.565    12.096     0.060        14
   146.716    12.082     0.060        14
   146.880    12.129     0.060        14
   147.041    12.131     0.060        14
   147.203    12.161     0.060        14
   147.353    12.184     0.060        14
   147.515    12.191     0.060        14
   147.679    12.229     0.060        14
   147.840    12.231     0.060        14
   148.001    12.254     0.060        14
   148.152    12.357     0.060        14
   148.316    12.295     0.060        14
   148.478    12.405     0.060        14
   148.642    12.436     0.060        14
   148.792    12.443     0.060        14
   148.954    12.477     0.060        14
   149.115    12.483     0.060        14
   149.266    12.490     0.060        14
   149.430    12.440     0.060        14
   149.580    12.559     0.060        14
   149.745    12.558     0.060        14
   149.906    12.600     0.060        14
   150.060    12.591     0.060        14
   150.224    12.645     0.060        14
   150.374    12.660     0.060        14
   150.536    12.638     0.060        14
   117.187    11.100     0.060        24
   117.346    11.145     0.060        24
   117.658    11.221     0.060        24
   117.808    11.274     0.060        24
   117.969    11.383     0.060        24
   118.131    11.416     0.060        24
   118.292    11.464     0.060        24
   118.443    11.507     0.060        24
   118.604    11.555     0.060        24
   118.765    11.607     0.060        24
   118.930    11.620     0.060        24
   119.080    11.671     0.060        24
   119.241    11.718     0.060        24
   119.406    11.801     0.060        24
   119.567    11.840     0.060        24
   119.728    11.891     0.060        24
   119.890    11.918     0.060        24
   120.051    11.975     0.060        24
   120.212    12.020     0.060        24
   120.374    12.057     0.060        24
   120.535    12.102     0.060        24
   120.696    12.139     0.060        24
   120.857    12.197     0.060        24
   121.022    12.265     0.060        24
   121.183    12.315     0.060        24
   121.344    12.354     0.060        24
   121.509    12.403     0.060        24
   121.670    12.444     0.060        24
   121.831    12.497     0.060        24
   121.985    12.549     0.060        24
   122.146    12.594     0.060        24
   122.310    12.633     0.060        24
   122.472    12.681     0.060        24
   122.633    12.738     0.060        24
   122.797    12.791     0.060        24
   122.959    12.819     0.060        24
   123.109    12.872     0.060        24
   123.270    12.898     0.060        24
   123.421    12.925     0.060        24
   123.582    12.981     0.060        24
   123.733    13.012     0.060        24
   123.894    13.063     0.060        24
   124.045    13.102     0.060        24
   124.206    13.138     0.060        24
   124.368    13.202     0.060        24
   124.521    13.232     0.060        24
   124.685    13.280     0.060        24
   124.836    13.308     0.060        24
   124.997    13.357     0.060        24
   125.162    13.367     0.060        24
   125.312    13.417     0.060        24
   125.473    13.445     0.060        24
   125.635    13.464     0.060        24
   125.785    13.595     0.060        24
   125.947    13.596     0.060        24
   126.097    13.643     0.060        24
   126.248    13.690     0.060        24
   126.409    13.704     0.060        24
   126.560    13.739     0.060        24
   126.721    13.759     0.060        24
   126.872    13.814     0.060        24
   127.030    13.870     0.060        24
   127.181    13.901     0.060        24
   127.342    13.948     0.060        24
   127.493    13.995     0.060        24
   127.654    14.027     0.060        24
   127.805    14.073     0.060        24
   127.969    14.171     0.060        24
   128.119    14.211     0.060        24
   128.281    14.243     0.060        24
   128.445    14.280     0.060        24
   128.606    14.351     0.060        24
   128.771    14.382     0.060        24
   128.921    14.422     0.060        24
   129.085    14.504     0.060        24
   129.250    14.524     0.060        24
   129.411    14.555     0.060        24
   129.575    14.600     0.060        24
   129.737    14.644     0.060        24
   129.887    14.701     0.060        24
   130.051    14.739     0.060        24
   130.213    14.778     0.060        24
   130.377    14.814     0.060        24
   130.528    14.875     0.060        24
   130.692    14.923     0.060        24
   130.853    14.966     0.060        24
   131.017    15.006     0.060        24
   131.168    15.045     0.060        24
   131.329    15.110     0.060        24
   131.491    15.138     0.060        24
   131.655    15.255     0.060        24
   131.805    15.294     0.060        24
   131.970    15.316     0.060        24
   132.131    15.420     0.060        24
   132.295    15.477     0.060        24
   140.614    18.084     0.060        24
   141.090    18.221     0.060        24
   141.415    18.318     0.060        24
   141.899    18.436     0.060        24
   142.225    18.515     0.060        24
   142.865    18.710     0.060        24
   143.338    18.789     0.060        24
   143.987    18.950     0.060        24
   144.473    19.068     0.060        24
   144.785    19.162     0.060        24
   145.111    19.321     0.060        24
   145.756    19.478     0.060        24
   146.081    19.557     0.060        24
   146.565    19.713     0.060        24
   146.880    19.772     0.060        24
   147.353    19.871     0.060        24
   148.001    20.028     0.060        24
   148.152    20.086     0.060        24
   148.316    20.164     0.060        24
     0.000     0.000     0.000        -1
