   144.754    -1.000     0.000         0
   140.927     3.100     0.060         1
   141.089     3.005     0.060         1
   141.250     2.926     0.060         1
   141.414     2.851     0.060         1
   141.575     2.773     0.060         1
   141.736     2.696     0.060         1
   141.898     2.627     0.060         1
   142.062     2.561     0.060         1
   142.223     2.489     0.060         1
   142.376     2.419     0.060         1
   142.537     2.366     0.060         1
   142.698     2.309     0.060         1
   142.862     2.240     0.060         1
   143.012     2.183     0.060         1
   143.173     2.150     0.060         1
   143.334     2.112     0.060         1
   143.497     2.080     0.060         1
   143.657     2.056     0.060         1
   143.818     2.026     0.060         1
   143.978     2.008     0.060         1
   144.137     1.989     0.060         1
   144.295     1.973     0.060         1
   144.448     1.970     0.060         1
   144.576     1.961     0.060         1
   144.631     1.958     0.060         1
   141.089     3.278     0.060         2
   141.250     3.224     0.060         2
   141.414     3.173     0.060         2
   141.575     3.118     0.060         2
   141.736     3.047     0.060         2
   141.898     2.994     0.060         2
   142.062     2.957     0.060         2
   142.223     2.917     0.060         2
   142.376     2.869     0.060         2
   142.537     2.824     0.060         2
   142.698     2.786     0.060         2
   142.862     2.744     0.060         2
   143.012     2.715     0.060         2
   143.173     2.691     0.060         2
   143.334     2.663     0.060         2
   143.497     2.635     0.060         2
   143.657     2.607     0.060         2
   143.818     2.590     0.060         2
   143.978     2.573     0.060         2
   144.137     2.560     0.060         2
   144.295     2.553     0.060         2
   144.448     2.541     0.060         2
   144.576     2.543     0.060         2
   144.631     2.550     0.060         2
    12.378    22.982     0.060         5
    13.027    22.880     0.060         5
    13.656    22.799     0.060         5
    14.458    22.686     0.060         5
    15.271    22.558     0.060         5
    15.599    22.502     0.060         5
    16.248    22.427     0.060         5
    16.910    22.348     0.060         5
    17.558    22.265     0.060         5
    18.656    22.101     0.060         5
    19.602    21.958     0.060         5
    20.692    21.778     0.060         5
    21.946    21.603     0.060         5
    22.716    21.483     0.060         5
    23.343    21.383     0.060         5
    23.655    21.339     0.060         5
    24.129    21.272     0.060         5
    24.922    21.148     0.060         5
    26.167    20.948     0.060         5
    27.117    20.788     0.060         5
    28.217    20.637     0.060         5
    28.858    20.541     0.060         5
    29.821    20.390     0.060         5
    30.445    20.294     0.060         5
    31.237    20.170     0.060         5
    31.713    20.098     0.060         5
    32.521    19.962     0.060         5
    33.317    19.839     0.060         5
    33.643    19.791     0.060         5
    33.807    19.771     0.060         5
    34.456    19.663     0.060         5
    35.107    19.555     0.060         5
    35.605    19.492     0.060         5
    36.414    19.356     0.060         5
    36.906    19.288     0.060         5
    37.382    19.200     0.060         5
    38.031    19.108     0.060         5
    38.843    18.993     0.060         5
    55.501    16.819     0.060         5
    56.107    16.748     0.060         5
    56.723    16.673     0.060         5
    57.495    16.582     0.060         5
    58.259    16.466     0.060         5
    59.017    16.371     0.060         5
    59.482    16.312     0.060         5
    60.106    16.224     0.060         5
    60.717    16.153     0.060         5
    61.172    16.094     0.060         5
    62.381    15.927     0.060         5
    63.286    15.824     0.060         5
    63.887    15.741     0.060         5
    64.636    15.650     0.060         5
    65.089    15.590     0.060         5
    65.707    15.528     0.060         5
    66.167    15.476     0.060         5
    66.621    15.425     0.060         5
    66.930    15.390     0.060         5
    67.694    15.295     0.060         5
    68.149    15.231     0.060         5
    68.770    15.143     0.060         5
    69.082    15.124     0.060         5
    69.859    15.009     0.060         5
    70.483    14.896     0.060         5
    71.422    14.773     0.060         5
    72.043    14.678     0.060         5
    72.673    14.582     0.060         5
    73.139    14.522     0.060         5
    73.769    14.431     0.060         5
    74.393    14.352     0.060         5
    75.143    14.252     0.060         5
    75.907    14.149     0.060         5
    76.677    14.038     0.060         5
    77.457    13.934     0.060         5
    78.073    13.839     0.060         5
    78.848    13.727     0.060         5
    79.318    13.647     0.060         5
    80.082    13.527     0.060         5
    80.854    13.416     0.060         5
    81.629    13.304     0.060         5
    81.940    13.269     0.060         5
    82.411    13.214     0.060         5
    82.884    13.138     0.060         5
    83.508    13.042     0.060         5
    83.984    12.987     0.060         5
    84.286    12.935     0.060         5
   101.232    10.036     0.060         5
   101.385    10.014     0.060         5
   101.536    10.000     0.060         5
   101.689     9.990     0.060         5
   101.843     9.960     0.060         5
   101.994     9.922     0.060         5
   102.147     9.912     0.060         5
   102.298     9.895     0.060         5
   102.462     9.865     0.060         5
   102.613     9.846     0.060         5
   102.764     9.823     0.060         5
   102.917     9.803     0.060         5
   103.068     9.785     0.060         5
   103.218     9.750     0.060         5
   103.372     9.732     0.060         5
   103.523     9.722     0.060         5
   103.684     9.693     0.060         5
   103.837     9.675     0.060         5
   103.988     9.638     0.060         5
   104.152     9.622     0.060         5
   104.314     9.595     0.060         5
   104.467     9.567     0.060         5
   104.629     9.539     0.060         5
   104.793     9.515     0.060         5
   104.946     9.486     0.060         5
   105.108     9.465     0.060         5
   105.258     9.449     0.060         5
   105.423     9.427     0.060         5
   105.573     9.413     0.060         5
   105.727     9.388     0.060         5
   105.891     9.375     0.060         5
   106.042     9.326     0.060         5
   106.203     9.315     0.060         5
   106.367     9.280     0.060         5
   106.518     9.267     0.060         5
   106.679     9.254     0.060         5
   106.830     9.213     0.060         5
   106.991     9.191     0.060         5
   107.145     9.166     0.060         5
   107.295     9.131     0.060         5
   107.457     9.125     0.060         5
   107.607     9.095     0.060         5
   107.769     9.076     0.060         5
   107.922     9.048     0.060         5
   108.084     9.024     0.060         5
   108.234     9.000     0.060         5
   108.395     8.982     0.060         5
   108.543     8.958     0.060         5
   108.694     8.936     0.060         5
   108.855     8.910     0.060         5
   109.006     8.870     0.060         5
   109.167     8.858     0.060         5
   109.315     8.835     0.060         5
   109.479     8.816     0.060         5
   109.640     8.783     0.060         5
   109.791     8.761     0.060         5
   109.952     8.736     0.060         5
   110.103     8.721     0.060         5
   110.264     8.692     0.060         5
   110.418     8.683     0.060         5
   110.579     8.665     0.060         5
   110.730     8.647     0.060         5
   110.880     8.618     0.060         5
   111.042     8.599     0.060         5
   111.192     8.563     0.060         5
   111.354     8.556     0.060         5
   111.504     8.546     0.060         5
   111.666     8.532     0.060         5
   111.816     8.502     0.060         5
   111.978     8.499     0.060         5
   112.128     8.465     0.060         5
   112.289     8.466     0.060         5
   112.440     8.446     0.060         5
   112.588     8.409     0.060         5
   112.749     8.397     0.060         5
   112.900     8.388     0.060         5
   113.050     8.368     0.060         5
   113.201     8.347     0.060         5
   113.352     8.339     0.060         5
   113.510     8.325     0.060         5
   113.671     8.308     0.060         5
   113.833     8.295     0.060         5
   113.997     8.271     0.060         5
   114.147     8.257     0.060         5
   114.309     8.244     0.060         5
   114.470     8.231     0.060         5
   114.634     8.207     0.060         5
   114.796     8.179     0.060         5
   114.957     8.151     0.060         5
   115.118     8.123     0.060         5
   115.280     8.086     0.060         5
   115.441     8.065     0.060         5
   115.602     8.041     0.060         5
   115.764     8.016     0.060         5
   115.925     7.992     0.060         5
   116.086     7.979     0.060         5
   116.245     7.958     0.060         5
   116.395     7.937     0.060         5
   116.556     7.911     0.060         5
   116.715     7.889     0.060         5
   116.876     7.860     0.060         5
   117.027     7.834     0.060         5
   117.188     7.813     0.060         5
   117.346     7.785     0.060         5
   117.497     7.761     0.060         5
   117.658     7.733     0.060         5
   117.809     7.697     0.060         5
   117.970     7.665     0.060         5
   118.132     7.633     0.060         5
   118.293     7.605     0.060         5
   118.443     7.581     0.060         5
   118.605     7.553     0.060         5
   118.766     7.525     0.060         5
   118.930     7.501     0.060         5
   119.081     7.474     0.060         5
   119.242     7.453     0.060         5
   119.407     7.435     0.060         5
   119.568     7.425     0.060         5
   119.729     7.407     0.060         5
   119.890     7.393     0.060         5
   120.052     7.375     0.060         5
   120.213     7.366     0.060         5
   120.374     7.348     0.060         5
   120.536     7.330     0.060         5
   120.697     7.317     0.060         5
   120.858     7.299     0.060         5
   121.023     7.282     0.060         5
   121.184     7.264     0.060         5
   121.345     7.250     0.060         5
   121.509     7.233     0.060         5
   121.671     7.219     0.060         5
   121.832     7.206     0.060         5
   121.986     7.188     0.060         5
   122.147     7.172     0.060         5
   122.311     7.149     0.060         5
   122.472     7.130     0.060         5
   122.634     7.111     0.060         5
   122.798     7.088     0.060         5
   122.959     7.060     0.060         5
   123.110     7.033     0.060         5
   123.271     7.006     0.060         5
   123.422     6.980     0.060         5
   123.583     6.950     0.060         5
   123.734     6.919     0.060         5
   123.895     6.905     0.060         5
   124.046     6.867     0.060         5
   124.207     6.836     0.060         5
   124.368     6.806     0.060         5
   124.522     6.772     0.060         5
   124.686     6.745     0.060         5
   124.837     6.710     0.060         5
   124.998     6.687     0.060         5
   125.162     6.660     0.060         5
   125.313     6.634     0.060         5
   125.474     6.599     0.060         5
   125.636     6.572     0.060         5
   125.786     6.545     0.060         5
   125.947     6.514     0.060         5
   126.098     6.483     0.060         5
   126.249     6.457     0.060         5
   126.410     6.423     0.060         5
   126.561     6.390     0.060         5
   126.722     6.369     0.060         5
   126.873     6.336     0.060         5
   127.031     6.299     0.060         5
   127.181     6.285     0.060         5
   127.343     6.268     0.060         5
   127.493     6.247     0.060         5
   127.655     6.214     0.060         5
   127.805     6.189     0.060         5
   127.970     6.163     0.060         5
   128.120     6.130     0.060         5
   128.281     6.100     0.060         5
   128.446     6.074     0.060         5
   128.607     6.047     0.060         5
   128.771     6.025     0.060         5
   128.922     6.002     0.060         5
   129.086     5.980     0.060         5
   129.250     5.954     0.060         5
   129.412     5.929     0.060         5
   129.576     5.903     0.060         5
   129.737     5.877     0.060         5
   129.888     5.856     0.060         5
   130.052     5.830     0.060         5
   130.214     5.808     0.060         5
   130.378     5.783     0.060         5
   130.528     5.756     0.060         5
   130.693     5.734     0.060         5
   130.854     5.707     0.060         5
   131.018     5.685     0.060         5
   131.169     5.662     0.060         5
   131.330     5.631     0.060         5
   131.491     5.609     0.060         5
   131.656     5.578     0.060         5
   131.806     5.552     0.060         5
   131.971     5.529     0.060         5
   132.132     5.502     0.060         5
   132.296     5.475     0.060         5
   132.457     5.448     0.060         5
   132.622     5.425     0.060         5
   132.783     5.398     0.060         5
   132.947     5.375     0.060         5
   133.101     5.348     0.060         5
   133.262     5.325     0.060         5
   133.426     5.299     0.060         5
   133.587     5.272     0.060         5
   133.752     5.238     0.060         5
   133.913     5.200     0.060         5
   134.077     5.167     0.060         5
   134.239     5.130     0.060         5
   134.400     5.101     0.060         5
   134.564     5.069     0.060         5
   134.725     5.041     0.060         5
   134.890     5.010     0.060         5
   135.043     4.979     0.060         5
   135.204     4.955     0.060         5
   135.366     4.927     0.060         5
   135.530     4.899     0.060         5
   135.681     4.875     0.060         5
   135.842     4.847     0.060         5
   135.995     4.812     0.060         5
   136.157     4.777     0.060         5
   136.307     4.742     0.060         5
   136.471     4.715     0.060         5
    50.575    18.066     0.060         8
    51.206    18.034     0.060         8
    51.672    17.968     0.060         8
    51.984    17.945     0.060         8
    52.444    17.913     0.060         8
    52.906    17.836     0.060         8
    53.520    17.790     0.060         8
    53.821    17.769     0.060         8
    54.580    17.656     0.060         8
    55.186    17.584     0.060         8
    55.652    17.550     0.060         8
    56.107    17.547     0.060         8
    56.723    17.498     0.060         8
    57.344    17.453     0.060         8
    58.108    17.381     0.060         8
    58.718    17.311     0.060         8
    59.332    17.227     0.060         8
    59.945    17.172     0.060         8
    60.566    17.089     0.060         8
    61.172    17.039     0.060         8
    61.619    16.999     0.060         8
    62.227    16.924     0.060         8
    62.839    16.880     0.060         8
    63.440    16.823     0.060         8
    64.181    16.757     0.060         8
    64.636    16.723     0.060         8
    65.251    16.676     0.060         8
    65.858    16.634     0.060         8
    66.782    16.553     0.060         8
    67.532    16.458     0.060         8
    68.461    16.345     0.060         8
    69.394    16.260     0.060         8
    70.171    16.161     0.060         8
    70.798    16.096     0.060         8
    71.261    16.064     0.060         8
    71.893    15.987     0.060         8
    72.358    15.940     0.060         8
    72.988    15.885     0.060         8
    73.615    15.821     0.060         8
    74.242    15.754     0.060         8
    74.393    15.742     0.060         8
    74.694    15.710     0.060         8
    75.143    15.670     0.060         8
    75.602    15.631     0.060         8
    76.222    15.555     0.060         8
    76.677    15.516     0.060         8
    77.296    15.456     0.060         8
    77.912    15.405     0.060         8
    78.536    15.354     0.060         8
    79.009    15.306     0.060         8
    79.318    15.282     0.060         8
    79.932    15.231     0.060         8
    80.394    15.171     0.060         8
    80.703    15.139     0.060         8
    81.166    15.092     0.060         8
    81.478    15.064     0.060         8
    82.102    15.013     0.060         8
    82.561    14.957     0.060         8
    83.196    14.897     0.060         8
    83.669    14.862     0.060         8
    83.984    14.835     0.060         8
    84.450    14.779     0.060         8
    84.923    14.739     0.060         8
    85.238    14.712     0.060         8
    85.550    14.688     0.060         8
    85.865    14.648     0.060         8
    62.990    18.111     0.060        12
    63.590    18.070     0.060        12
    64.334    17.992     0.060        12
    65.089    17.921     0.060        12
    66.167    17.794     0.060        12
    66.473    17.795     0.060        12
    67.228    17.706     0.060        12
    67.995    17.631     0.060        12
    68.461    17.582     0.060        12
    69.232    17.480     0.060        12
    69.544    17.468     0.060        12
    70.007    17.425     0.060        12
    70.483    17.391     0.060        12
    70.949    17.344     0.060        12
    71.110    17.326     0.060        12
    71.422    17.301     0.060        12
    71.893    17.234     0.060        12
    72.358    17.204     0.060        12
    72.827    17.164     0.060        12
    73.615    17.065     0.060        12
    74.242    16.994     0.060        12
    74.845    16.933     0.060        12
    75.753    16.814     0.060        12
    12.042    23.533     0.060        14
    12.206    23.538     0.060        14
    12.866    23.459     0.060        14
    13.656    23.377     0.060        14
    14.783    23.238     0.060        14
    15.435    23.165     0.060        14
    16.086    23.072     0.060        14
    17.709    22.856     0.060        14
    17.870    22.825     0.060        14
    18.978    22.674     0.060        14
    19.914    22.539     0.060        14
    20.216    22.499     0.060        14
    20.843    22.411     0.060        14
    21.785    22.261     0.060        14
    22.401    22.168     0.060        14
    23.193    22.052     0.060        14
    23.981    21.937     0.060        14
    24.761    21.832     0.060        14
    25.392    21.750     0.060        14
    25.855    21.663     0.060        14
    26.479    21.570     0.060        14
    26.955    21.518     0.060        14
    27.744    21.391     0.060        14
    28.543    21.269     0.060        14
    29.184    21.168     0.060        14
    30.284    21.004     0.060        14
    31.237    20.877     0.060        14
    32.031    20.745     0.060        14
    32.521    20.661     0.060        14
    33.482    20.534     0.060        14
    34.130    20.420     0.060        14
    34.781    20.318     0.060        14
    35.766    20.154     0.060        14
    36.414    20.046     0.060        14
    54.580    17.629     0.060        14
    55.035    17.577     0.060        14
    55.501    17.513     0.060        14
    55.956    17.432     0.060        14
    56.107    17.410     0.060        14
    56.422    17.344     0.060        14
    56.881    17.316     0.060        14
    57.032    17.270     0.060        14
    57.656    17.216     0.060        14
    58.108    17.193     0.060        14
    58.568    17.097     0.060        14
    58.869    17.112     0.060        14
    59.332    17.037     0.060        14
    59.644    16.969     0.060        14
    59.794    16.942     0.060        14
    60.408    16.891     0.060        14
    60.717    16.851     0.060        14
    60.867    16.795     0.060        14
    61.468    16.701     0.060        14
    61.772    16.680     0.060        14
    62.077    16.625     0.060        14
    62.381    16.571     0.060        14
    62.839    16.533     0.060        14
    63.286    16.444     0.060        14
    63.590    16.444     0.060        14
    64.041    16.416     0.060        14
    64.636    16.320     0.060        14
    65.089    16.288     0.060        14
    65.398    16.281     0.060        14
    65.858    16.194     0.060        14
    66.167    16.128     0.060        14
    66.473    16.102     0.060        14
    66.782    16.059     0.060        14
    67.382    15.968     0.060        14
    67.844    15.916     0.060        14
    68.149    15.864     0.060        14
    68.770    15.814     0.060        14
    69.082    15.747     0.060        14
    69.232    15.717     0.060        14
    69.698    15.669     0.060        14
    70.171    15.577     0.060        14
    70.637    15.524     0.060        14
    70.798    15.502     0.060        14
    71.110    15.435     0.060        14
    71.573    15.374     0.060        14
    72.207    15.293     0.060        14
    72.673    15.211     0.060        14
    72.988    15.171     0.060        14
    73.615    15.101     0.060        14
    74.845    14.929     0.060        14
    75.441    14.838     0.060        14
    75.753    14.777     0.060        14
    76.372    14.707     0.060        14
    76.830    14.630     0.060        14
    77.296    14.550     0.060        14
    77.608    14.479     0.060        14
    77.912    14.450     0.060        14
    78.375    14.398     0.060        14
    78.536    14.378     0.060        14
    78.697    14.333     0.060        14
    79.318    14.267     0.060        14
    79.770    14.175     0.060        14
    80.233    14.093     0.060        14
    80.542    14.060     0.060        14
    81.166    14.006     0.060        14
    81.629    13.929     0.060        14
    82.102    13.861     0.060        14
    82.411    13.834     0.060        14
    83.045    13.727     0.060        14
    83.354    13.674     0.060        14
   100.153    10.762     0.060        14
   100.314    10.740     0.060        14
   100.465    10.714     0.060        14
   100.615    10.696     0.060        14
   100.777    10.664     0.060        14
   100.927    10.646     0.060        14
   101.081    10.616     0.060        14
   101.232    10.603     0.060        14
   101.385    10.587     0.060        14
   101.536    10.559     0.060        14
   101.689    10.542     0.060        14
   101.843    10.527     0.060        14
   101.994    10.501     0.060        14
   102.147    10.481     0.060        14
   102.298    10.468     0.060        14
   102.462    10.435     0.060        14
   102.613    10.408     0.060        14
   102.764    10.392     0.060        14
   102.917    10.368     0.060        14
   103.068    10.346     0.060        14
   103.218    10.322     0.060        14
   103.372    10.296     0.060        14
   103.523    10.275     0.060        14
   103.684    10.273     0.060        14
   103.837    10.245     0.060        14
   103.988    10.227     0.060        14
   104.152    10.201     0.060        14
   104.314    10.188     0.060        14
   104.467    10.157     0.060        14
   104.629    10.140     0.060        14
   104.793    10.115     0.060        14
   104.946    10.085     0.060        14
   105.108    10.062     0.060        14
   105.258    10.038     0.060        14
   105.423    10.020     0.060        14
   105.573    10.002     0.060        14
   105.727     9.978     0.060        14
   105.891     9.954     0.060        14
   106.042     9.928     0.060        14
   106.203     9.912     0.060        14
   106.367     9.876     0.060        14
   106.518     9.873     0.060        14
   106.679     9.842     0.060        14
   106.991     9.803     0.060        14
   107.145     9.784     0.060        14
   107.295     9.757     0.060        14
   107.457     9.738     0.060        14
   107.607     9.727     0.060        14
   107.769     9.696     0.060        14
   107.922     9.673     0.060        14
   108.084     9.646     0.060        14
   108.234     9.615     0.060        14
   108.395     9.607     0.060        14
   108.543     9.593     0.060        14
   108.694     9.569     0.060        14
   108.855     9.557     0.060        14
   109.006     9.525     0.060        14
   109.167     9.501     0.060        14
   109.315     9.481     0.060        14
   109.479     9.458     0.060        14
   109.640     9.445     0.060        14
   109.791     9.425     0.060        14
   109.952     9.394     0.060        14
   110.103     9.366     0.060        14
   110.264     9.358     0.060        14
   110.418     9.322     0.060        14
   110.579     9.319     0.060        14
   110.730     9.287     0.060        14
   110.880     9.264     0.060        14
   111.042     9.261     0.060        14
   111.192     9.225     0.060        14
   111.354     9.214     0.060        14
   111.504     9.195     0.060        14
   111.666     9.172     0.060        14
   111.816     9.164     0.060        14
   112.128     9.114     0.060        14
   112.289     9.103     0.060        14
   112.440     9.089     0.060        14
   112.588     9.063     0.060        14
   112.749     9.028     0.060        14
   112.900     9.021     0.060        14
   113.050     8.997     0.060        14
   113.201     8.986     0.060        14
   113.352     8.975     0.060        14
   113.510     8.936     0.060        14
   113.671     8.912     0.060        14
   113.833     8.887     0.060        14
   113.997     8.868     0.060        14
   114.147     8.849     0.060        14
   114.309     8.831     0.060        14
   114.470     8.807     0.060        14
   114.634     8.799     0.060        14
   114.796     8.779     0.060        14
   114.957     8.756     0.060        14
   115.118     8.738     0.060        14
   115.280     8.697     0.060        14
   115.441     8.688     0.060        14
   115.602     8.675     0.060        14
   115.764     8.662     0.060        14
   115.925     8.637     0.060        14
   116.086     8.620     0.060        14
   116.245     8.592     0.060        14
   116.395     8.567     0.060        14
   116.556     8.546     0.060        14
   116.715     8.521     0.060        14
   116.876     8.493     0.060        14
   117.027     8.469     0.060        14
   117.188     8.445     0.060        14
   117.346     8.417     0.060        14
   117.497     8.389     0.060        14
   117.658     8.361     0.060        14
   117.809     8.326     0.060        14
   117.970     8.298     0.060        14
   118.132     8.263     0.060        14
   118.293     8.243     0.060        14
   118.443     8.204     0.060        14
   118.605     8.188     0.060        14
   118.766     8.153     0.060        14
   118.930     8.125     0.060        14
   119.081     8.121     0.060        14
   119.242     8.085     0.060        14
   119.407     8.086     0.060        14
   119.568     8.058     0.060        14
   119.729     8.042     0.060        14
   119.890     8.022     0.060        14
   120.052     8.015     0.060        14
   120.213     8.003     0.060        14
   120.374     7.984     0.060        14
   120.536     7.973     0.060        14
   120.697     7.951     0.060        14
   120.858     7.936     0.060        14
   121.023     7.918     0.060        14
   121.184     7.900     0.060        14
   121.345     7.881     0.060        14
   121.509     7.874     0.060        14
   121.671     7.846     0.060        14
   121.832     7.826     0.060        14
   121.986     7.806     0.060        14
   122.147     7.788     0.060        14
   122.311     7.762     0.060        14
   122.472     7.735     0.060        14
   122.634     7.709     0.060        14
   122.798     7.679     0.060        14
   122.959     7.657     0.060        14
   123.110     7.631     0.060        14
   123.271     7.605     0.060        14
   123.422     7.583     0.060        14
   123.583     7.558     0.060        14
   123.734     7.533     0.060        14
   123.895     7.507     0.060        14
   124.046     7.478     0.060        14
   124.207     7.453     0.060        14
   124.368     7.424     0.060        14
   124.522     7.391     0.060        14
   124.686     7.355     0.060        14
   124.837     7.328     0.060        14
   124.998     7.296     0.060        14
   125.162     7.264     0.060        14
   125.313     7.241     0.060        14
   125.474     7.213     0.060        14
   125.636     7.182     0.060        14
   125.786     7.154     0.060        14
   125.947     7.130     0.060        14
   126.098     7.098     0.060        14
   126.249     7.065     0.060        14
   126.410     7.033     0.060        14
   126.561     7.001     0.060        14
   126.722     6.973     0.060        14
   126.873     6.945     0.060        14
   127.031     6.913     0.060        14
   127.181     6.889     0.060        14
   127.343     6.861     0.060        14
   127.493     6.849     0.060        14
   127.655     6.821     0.060        14
   127.805     6.791     0.060        14
   127.970     6.768     0.060        14
   128.120     6.746     0.060        14
   128.281     6.720     0.060        14
   128.446     6.701     0.060        14
   128.607     6.667     0.060        14
   128.771     6.645     0.060        14
   128.922     6.618     0.060        14
   129.086     6.592     0.060        14
   129.250     6.570     0.060        14
   129.412     6.548     0.060        14
   129.576     6.534     0.060        14
   129.737     6.517     0.060        14
   129.888     6.490     0.060        14
   130.052     6.461     0.060        14
   130.214     6.431     0.060        14
   130.378     6.462     0.060        14
   130.528     6.420     0.060        14
   130.693     6.382     0.060        14
   130.854     6.352     0.060        14
   131.018     6.319     0.060        14
   131.169     6.291     0.060        14
   131.330     6.267     0.060        14
   131.491     6.243     0.060        14
   131.656     6.219     0.060        14
   131.806     6.191     0.060        14
   131.971     6.159     0.060        14
   132.132     6.131     0.060        14
   132.296     6.103     0.060        14
   132.457     6.075     0.060        14
   132.622     6.051     0.060        14
   132.783     6.023     0.060        14
   132.947     5.995     0.060        14
   133.101     5.971     0.060        14
   133.262     5.943     0.060        14
    19.914    37.563     0.060        24
    21.473    37.193     0.060        24
    22.716    36.841     0.060        24
    23.655    36.594     0.060        24
    24.290    36.411     0.060        24
    25.231    36.175     0.060        24
    25.855    36.019     0.060        24
    27.117    35.685     0.060        24
    28.543    35.325     0.060        24
    29.184    35.165     0.060        24
    30.130    34.929     0.060        24
    31.237    34.675     0.060        24
    49.794    30.158     0.060        24
    51.672    29.656     0.060        24
    52.145    29.514     0.060        24
    53.068    29.264     0.060        24
    53.821    29.020     0.060        24
    54.885    28.741     0.060        24
    55.956    28.432     0.060        24
    56.260    28.351     0.060        24
    56.422    28.311     0.060        24
    56.723    28.238     0.060        24
    57.183    28.137     0.060        24
    57.495    28.056     0.060        24
    57.807    27.984     0.060        24
    58.108    27.915     0.060        24
    58.869    27.758     0.060        24
    59.017    27.726     0.060        24
    59.644    27.608     0.060        24
    59.945    27.520     0.060        24
    60.408    27.432     0.060        24
    60.717    27.360     0.060        24
    61.172    27.274     0.060        24
    64.942    26.437     0.060        24
    65.251    26.360     0.060        24
    65.707    26.268     0.060        24
    66.167    26.159     0.060        24
    66.621    26.062     0.060        24
    66.782    26.022     0.060        24
    67.077    25.957     0.060        24
    67.228    25.929     0.060        24
    67.532    25.861     0.060        24
    67.694    25.824     0.060        24
    67.844    25.771     0.060        24
    68.310    25.683     0.060        24
    68.461    25.638     0.060        24
    69.394    25.425     0.060        24
    69.544    25.380     0.060        24
    70.007    25.275     0.060        24
    70.322    25.199     0.060        24
    71.261    24.968     0.060        24
    71.573    24.887     0.060        24
    71.893    24.819     0.060        24
    72.207    24.726     0.060        24
    72.512    24.645     0.060        24
    72.827    24.556     0.060        24
    73.300    24.430     0.060        24
    73.451    24.382     0.060        24
    73.769    24.332     0.060        24
    73.930    24.269     0.060        24
    74.091    24.212     0.060        24
    74.543    24.111     0.060        24
    74.992    23.998     0.060        24
    75.602    23.826     0.060        24
    75.907    23.726     0.060        24
    76.222    23.666     0.060        24
    76.526    23.593     0.060        24
    76.830    23.517     0.060        24
    76.992    23.461     0.060        24
    77.142    23.448     0.060        24
    77.296    23.412     0.060        24
    77.457    23.368     0.060        24
    77.608    23.322     0.060        24
    77.761    23.282     0.060        24
    77.912    23.258     0.060        24
    78.073    23.230     0.060        24
    78.224    23.165     0.060        24
    78.375    23.141     0.060        24
    78.536    23.111     0.060        24
    78.697    23.036     0.060        24
    78.848    23.011     0.060        24
    79.009    22.956     0.060        24
    79.157    22.911     0.060        24
    79.318    22.884     0.060        24
    79.469    22.835     0.060        24
    79.620    22.789     0.060        24
    79.770    22.788     0.060        24
    80.394    22.660     0.060        24
    81.015    22.481     0.060        24
    81.790    22.297     0.060        24
    82.411    22.134     0.060        24
    82.884    22.018     0.060        24
    83.508    21.825     0.060        24
    83.984    21.737     0.060        24
    85.074    21.475     0.060        24
    86.026    21.166     0.060        24
    86.807    20.985     0.060        24
    87.444    20.784     0.060        24
    87.756    20.713     0.060        24
    88.386    20.563     0.060        24
    88.698    20.458     0.060        24
    89.317    20.318     0.060        24
    89.632    20.220     0.060        24
    89.944    20.126     0.060        24
    90.410    19.972     0.060        24
    91.029    19.846     0.060        24
    91.355    19.748     0.060        24
    91.820    19.658     0.060        24
    92.289    19.498     0.060        24
    92.604    19.419     0.060        24
    93.238    19.257     0.060        24
    93.715    19.106     0.060        24
    94.188    18.998     0.060        24
   107.607    15.338     0.060        24
   108.395    15.131     0.060        24
   109.479    14.881     0.060        24
   110.880    14.529     0.060        24
   111.666    14.333     0.060        24
   112.749    14.076     0.060        24
   113.833    13.804     0.060        24
   114.796    13.572     0.060        24
   115.280    13.467     0.060        24
   115.441    13.402     0.060        24
   115.764    13.308     0.060        24
   116.086    13.188     0.060        24
   116.556    13.056     0.060        24
   117.027    12.933     0.060        24
   117.497    12.815     0.060        24
   117.970    12.665     0.060        24
   118.605    12.540     0.060        24
   119.242    12.371     0.060        24
   119.729    12.248     0.060        24
   120.374    12.115     0.060        24
   120.697    11.988     0.060        24
   121.345    11.847     0.060        24
   121.832    11.684     0.060        24
   122.472    11.477     0.060        24
   122.798    11.354     0.060        24
   123.110    11.233     0.060        24
   123.422    11.107     0.060        24
   124.046    10.953     0.060        24
   124.686    10.763     0.060        24
   125.474    10.532     0.060        24
   125.947    10.380     0.060        24
   126.249    10.286     0.060        24
   126.722    10.142     0.060        24
   126.873    10.102     0.060        24
   127.493     9.942     0.060        24
   127.805     9.847     0.060        24
   128.281     9.703     0.060        24
   128.771     9.588     0.060        24
   129.086     9.465     0.060        24
   129.412     9.364     0.060        24
   129.576     9.303     0.060        24
   130.214     9.150     0.060        24
    56.422    30.163     0.060        28
    57.495    29.940     0.060        28
    58.108    29.813     0.060        28
    58.568    29.732     0.060        28
    59.178    29.616     0.060        28
    59.644    29.529     0.060        28
    60.106    29.449     0.060        28
    60.867    29.289     0.060        28
    62.077    29.035     0.060        28
    62.685    28.905     0.060        28
    63.733    28.673     0.060        28
    64.485    28.542     0.060        28
    65.546    28.339     0.060        28
    66.930    28.095     0.060        28
    67.694    27.967     0.060        28
    68.619    27.821     0.060        28
    70.007    27.566     0.060        28
    71.261    27.304     0.060        28
    72.512    27.006     0.060        28
    74.393    26.520     0.060        28
    75.441    26.260     0.060        28
    76.372    26.028     0.060        28
    77.608    25.716     0.060        28
    78.073    25.614     0.060        28
    79.157    25.396     0.060        28
    80.394    25.113     0.060        28
    81.166    24.985     0.060        28
    82.260    24.770     0.060        28
    83.045    24.588     0.060        28
    89.479    23.605     0.060        28
    90.259    23.485     0.060        28
    91.659    23.247     0.060        28
    92.450    23.094     0.060        28
    93.238    22.858     0.060        28
    95.140    22.436     0.060        28
    95.939    22.308     0.060        28
    96.566    22.205     0.060        28
    97.204    22.135     0.060        28
    97.989    21.996     0.060        28
    98.768    21.893     0.060        28
    99.690    21.725     0.060        28
   100.153    21.652     0.060        28
   100.465    21.626     0.060        28
   100.777    21.603     0.060        28
   100.927    21.656     0.060        28
   101.843    21.494     0.060        28
   102.917    21.293     0.060        28
   103.523    21.175     0.060        28
   134.400     5.720     0.060        30
   134.564     5.680     0.060        30
   134.725     5.633     0.060        30
   134.890     5.585     0.060        30
   135.043     5.526     0.060        30
   135.204     5.477     0.060        30
   135.366     5.431     0.060        30
   135.530     5.374     0.060        30
   135.681     5.320     0.060        30
   135.842     5.275     0.060        30
   135.995     5.228     0.060        30
   136.157     5.183     0.060        30
   136.307     5.141     0.060        30
   136.471     5.094     0.060        30
   136.633     5.024     0.060        30
   136.786     4.964     0.060        30
   136.948     4.910     0.060        30
   137.098     4.870     0.060        30
   137.262     4.809     0.060        30
   137.424     4.744     0.060        30
   137.574     4.697     0.060        30
   137.738     4.643     0.060        30
   137.900     4.610     0.060        30
   138.050     4.566     0.060        30
   144.754     1.000     0.000         0
   144.979     1.972     0.060         1
   145.131     1.987     0.060         1
   145.286     2.014     0.060         1
   145.443     2.044     0.060         1
   145.602     2.078     0.060         1
   145.762     2.111     0.060         1
   145.922     2.149     0.060         1
   146.086     2.212     0.060         1
   146.247     2.256     0.060         1
   146.407     2.305     0.060         1
   146.568     2.346     0.060         1
   146.719     2.398     0.060         1
   146.883     2.478     0.060         1
   147.044     2.552     0.060         1
   147.205     2.649     0.060         1
   147.355     2.706     0.060         1
   147.516     2.762     0.060         1
   147.681     2.830     0.060         1
   147.842     2.947     0.060         1
   144.979     2.562     0.060         2
   145.131     2.553     0.060         2
   145.286     2.577     0.060         2
   145.443     2.605     0.060         2
   145.602     2.621     0.060         2
   145.762     2.640     0.060         2
   145.922     2.673     0.060         2
   146.086     2.699     0.060         2
   146.247     2.762     0.060         2
   146.407     2.802     0.060         2
   146.568     2.830     0.060         2
   146.883     2.907     0.060         2
   147.044     2.960     0.060         2
   147.205     3.008     0.060         2
   147.355     3.049     0.060         2
   147.516     3.097     0.060         2
   154.545     4.748     0.060         5
   154.699     4.753     0.060         5
   154.853     4.766     0.060         5
   155.006     4.760     0.060         5
   155.160     4.782     0.060         5
   155.314     4.801     0.060         5
   155.468     4.803     0.060         5
   155.622     4.812     0.060         5
   155.772     4.822     0.060         5
   155.933     4.838     0.060         5
   156.087     4.848     0.060         5
   156.238     4.868     0.060         5
   156.549     4.908     0.060         5
   156.700     4.930     0.060         5
   156.850     4.948     0.060         5
   157.004     4.974     0.060         5
   157.151     4.994     0.060         5
   157.304     5.016     0.060         5
   157.454     5.032     0.060         5
   157.601     5.056     0.060         5
   157.751     5.070     0.060         5
   157.905     5.092     0.060         5
   158.048     5.106     0.060         5
   158.345     5.140     0.060         5
   158.481     5.150     0.060         5
   158.628     5.166     0.060         5
   158.776     5.186     0.060         5
   159.184     5.238     0.060         5
   159.319     5.266     0.060         5
   159.454     5.290     0.060         5
   159.583     5.312     0.060         5
   159.713     5.328     0.060         5
   264.242    22.071     0.060         5
   265.221    22.195     0.060         5
   266.537    22.359     0.060         5
   268.158    22.574     0.060         5
   269.119    22.694     0.060         5
   271.040    22.926     0.060         5
   272.649    23.093     0.060         5
   273.777    23.152     0.060         5
   274.911    23.255     0.060         5
   276.062    23.324     0.060         5
   278.001    23.479     0.060         5
   278.649    23.537     0.060         5
   279.934    23.616     0.060         5
   280.098    23.643     0.060         5
   282.021    23.805     0.060         5
   283.126    23.867     0.060         5
   284.729    24.023     0.060         5
   286.327    24.203     0.060         5
   288.262    24.395     0.060         5
   290.040    24.561     0.060         5
   291.182    24.683     0.060         5
   292.623    24.863     0.060         5
   293.414    25.000     0.060         5
   294.497    25.169     0.060         5
   295.882    25.463     0.060         5
   297.278    25.672     0.060         5
   298.357    25.868     0.060         5
   241.353    21.494     0.060         8
   242.119    21.565     0.060         8
   243.281    21.671     0.060         8
   243.569    21.669     0.060         8
   244.312    21.753     0.060         8
   244.769    21.783     0.060         8
   245.239    21.831     0.060         8
   245.825    21.903     0.060         8
   246.430    21.928     0.060         8
   246.583    21.936     0.060         8
   247.366    22.019     0.060         8
   248.458    22.104     0.060         8
   249.085    22.172     0.060         8
   249.859    22.230     0.060         8
   250.316    22.273     0.060         8
   250.938    22.328     0.060         8
   251.574    22.357     0.060         8
   252.199    22.370     0.060         8
   253.009    22.420     0.060         8
   253.327    22.414     0.060         8
   254.096    22.483     0.060         8
   255.187    22.558     0.060         8
   255.971    22.597     0.060         8
   256.434    22.551     0.060         8
   256.896    22.575     0.060         8
   258.167    22.704     0.060         8
   258.479    22.661     0.060         8
   259.277    22.694     0.060         8
   259.753    22.734     0.060         8
   261.178    22.832     0.060         8
   262.460    22.905     0.060         8
   263.272    22.942     0.060         8
   264.242    23.027     0.060         8
   264.733    23.008     0.060         8
   266.376    23.145     0.060         8
   267.024    23.134     0.060         8
   268.158    23.228     0.060         8
   268.637    23.204     0.060         8
   269.275    23.209     0.060         8
   270.073    23.302     0.060         8
   270.712    23.331     0.060         8
   271.683    23.376     0.060         8
   272.810    23.450     0.060         8
   273.616    23.498     0.060         8
   274.099    23.499     0.060         8
   275.072    23.518     0.060         8
   276.226    23.600     0.060         8
   277.048    23.643     0.060         8
   278.649    23.761     0.060         8
   226.714    21.693     0.060        12
   229.318    21.925     0.060        12
   231.423    22.111     0.060        12
   233.264    22.149     0.060        12
   235.669    22.407     0.060        12
   236.382    22.395     0.060        12
   238.121    22.496     0.060        12
   239.969    22.584     0.060        12
   241.205    22.622     0.060        12
   242.994    22.715     0.060        12
   245.387    22.940     0.060        12
   247.052    23.091     0.060        12
   248.770    23.237     0.060        12
   250.470    23.347     0.060        12
   251.881    23.417     0.060        12
   253.009    23.369     0.060        12
   254.257    23.357     0.060        12
   255.971    23.520     0.060        12
   258.167    23.693     0.060        12
   260.068    23.789     0.060        12
   261.651    23.862     0.060        12
   263.272    23.955     0.060        12
   265.713    24.188     0.060        12
   267.346    24.269     0.060        12
   268.319    24.288     0.060        12
   271.040    24.561     0.060        12
   271.837    24.548     0.060        12
   273.132    24.561     0.060        12
   273.938    24.585     0.060        12
   275.237    24.680     0.060        12
   276.398    24.723     0.060        12
   277.367    24.791     0.060        12
   278.810    24.836     0.060        12
   280.262    24.964     0.060        12
   282.497    25.107     0.060        12
   283.602    25.171     0.060        12
   286.813    25.519     0.060        12
   288.101    25.697     0.060        12
   290.849    25.940     0.060        12
   293.252    26.182     0.060        12
   296.813    26.730     0.060        12
   298.040    26.879     0.060        12
   300.934    27.299     0.060        12
   302.967    27.621     0.060        12
   306.094    27.986     0.060        12
   307.350    28.094     0.060        12
   310.793    28.618     0.060        12
   313.905    29.029     0.060        12
   299.575    26.176     0.060        13
   301.084    26.360     0.060        13
   302.494    26.528     0.060        13
   304.533    26.788     0.060        13
   306.885    27.084     0.060        13
   308.598    27.296     0.060        13
   310.944    27.632     0.060        13
   312.978    27.931     0.060        13
   314.843    28.167     0.060        13
   316.877    28.483     0.060        13
   318.481    28.755     0.060        13
   326.383    29.910     0.060        13
   327.638    30.066     0.060        13
   329.357    30.282     0.060        13
   331.371    30.574     0.060        13
   358.057    34.317     0.060        13
   358.700    34.420     0.060        13
   359.179    34.496     0.060        13
   359.980    34.628     0.060        13
     0.000     0.000     0.000        -1
