   402.638    -1.000     0.000         0
   400.064     1.961     0.060         1
   400.228     1.889     0.060         1
   400.392     1.816     0.060         1
   400.545     1.750     0.060         1
   400.710     1.674     0.060         1
   400.871     1.596     0.060         1
   401.035     1.518     0.060         1
   401.199     1.444     0.060         1
   401.360     1.385     0.060         1
   401.513     1.332     0.060         1
   401.677     1.284     0.060         1
   401.838     1.235     0.060         1
   401.992     1.207     0.060         1
   402.155     1.189     0.060         1
   402.317     1.162     0.060         1
   402.479     1.153     0.060         1
   402.607     1.140     0.060         1
   401.199     1.878     0.060         3
   401.513     1.811     0.060         3
   401.677     1.773     0.060         3
   401.838     1.751     0.060         3
   402.155     1.705     0.060         3
   402.317     1.692     0.060         3
   374.139     8.618     0.060         5
   374.290     8.592     0.060         5
   374.454     8.564     0.060         5
   374.615     8.540     0.060         5
   374.779     8.512     0.060         5
   374.943     8.475     0.060         5
   375.104     8.431     0.060         5
   375.419     8.363     0.060         5
   375.744     8.281     0.060         5
   376.069     8.217     0.060         5
   376.220     8.151     0.060         5
   376.545     8.078     0.060         5
   376.870     7.981     0.060         5
   377.192     7.899     0.060         5
   377.679     7.777     0.060         5
   378.004     7.700     0.060         5
   378.665     7.554     0.060         5
   379.141     7.453     0.060         5
   379.466     7.360     0.060         5
   379.627     7.298     0.060         5
   379.952     7.225     0.060         5
   380.270     7.148     0.060         5
   380.595     7.084     0.060         5
   380.910     6.986     0.060         5
   381.074     6.912     0.060         5
   381.553     6.794     0.060         5
   381.867     6.688     0.060         5
   382.343     6.583     0.060         5
   382.496     6.509     0.060         5
   382.811     6.436     0.060         5
   382.972     6.359     0.060         5
   383.286     6.282     0.060         5
   383.590     6.213     0.060         5
   384.066     6.120     0.060         5
   384.370     6.059     0.060         5
   384.685     5.988     0.060         5
   385.002     5.907     0.060         5
   385.317     5.821     0.060         5
   385.782     5.716     0.060         5
   386.096     5.635     0.060         5
   386.558     5.542     0.060         5
   387.163     5.433     0.060         5
   387.631     5.387     0.060         5
   387.943     5.287     0.060         5
   388.397     5.184     0.060         5
   388.873     5.074     0.060         5
   389.184     4.980     0.060         5
   389.509     4.903     0.060         5
   389.982     4.798     0.060         5
   390.447     4.709     0.060         5
   391.073     4.604     0.060         5
   391.860     4.459     0.060         5
   392.172     4.402     0.060         5
   254.727    26.576     0.060         8
   255.971    26.335     0.060         8
   256.734    26.174     0.060         8
   258.006    25.913     0.060         8
   259.277    25.684     0.060         8
   260.068    25.552     0.060         8
   261.014    25.429     0.060         8
   261.812    25.314     0.060         8
   262.460    25.239     0.060         8
   262.946    25.192     0.060         8
   263.745    25.089     0.060         8
   264.733    24.925     0.060         8
   266.204    24.697     0.060         8
   267.185    24.533     0.060         8
   267.832    24.425     0.060         8
   268.637    24.240     0.060         8
   270.073    23.938     0.060         8
   270.876    23.769     0.060         8
   272.323    23.479     0.060         8
   273.616    23.230     0.060         8
   275.237    22.909     0.060         8
   276.062    22.740     0.060         8
   277.206    22.499     0.060         8
   278.649    22.242     0.060         8
   279.286    22.122     0.060         8
   281.542    21.746     0.060         8
   282.812    21.501     0.060         8
   340.453    14.532     0.060         8
   341.718    14.370     0.060         8
   342.046    14.350     0.060         8
   342.361    14.310     0.060         8
   342.840    14.254     0.060         8
   343.490    14.174     0.060         8
   343.819    14.146     0.060         8
   344.133    14.118     0.060         8
   344.773    14.022     0.060         8
   344.927    14.002     0.060         8
   345.402    13.947     0.060         8
   345.878    13.892     0.060         8
   346.203    13.851     0.060         8
   346.679    13.782     0.060         8
   346.991    13.758     0.060         8
   347.308    13.714     0.060         8
   347.787    13.645     0.060         8
   348.255    13.577     0.060         8
   349.208    13.445     0.060         8
   349.681    13.376     0.060         8
   350.164    13.300     0.060         8
   350.484    13.248     0.060         8
   350.645    13.228     0.060         8
   351.273    13.110     0.060         8
   351.584    13.062     0.060         8
   352.068    12.990     0.060         8
   352.393    12.933     0.060         8
   353.016    12.833     0.060         8
   353.331    12.793     0.060         8
   353.806    12.733     0.060         8
   354.272    12.681     0.060         8
   354.901    12.602     0.060         8
   355.369    12.553     0.060         8
   356.149    12.479     0.060         8
   356.788    12.427     0.060         8
   357.103    12.408     0.060         8
   357.896    12.366     0.060         8
   358.211    12.350     0.060         8
   358.700    12.311     0.060         8
   359.504    12.265     0.060         8
   360.130    12.234     0.060         8
   360.609    12.220     0.060         8
   361.260    12.189     0.060         8
   361.894    12.175     0.060         8
   362.359    12.185     0.060         8
   362.681    12.195     0.060         8
   362.842    12.227     0.060         8
   363.167    12.238     0.060         8
   394.101     3.860     0.060        10
   394.587     3.730     0.060        10
   394.909     3.624     0.060        10
   395.231     3.518     0.060        10
   395.557     3.421     0.060        10
   396.040     3.286     0.060        10
   396.365     3.205     0.060        10
   396.526     3.111     0.060        10
   396.848     3.021     0.060        10
   397.009     2.927     0.060        10
   397.334     2.842     0.060        10
   397.960     2.700     0.060        10
   398.121     2.630     0.060        10
   398.447     2.508     0.060        10
   398.764     2.361     0.060        10
   402.638     1.000     0.000         0
   402.797     1.170     0.060         1
   402.961     1.185     0.060         1
   403.121     1.217     0.060         1
   403.275     1.253     0.060         1
   403.435     1.304     0.060         1
   403.599     1.354     0.060         1
   403.750     1.414     0.060         1
   403.911     1.480     0.060         1
   404.072     1.548     0.060         1
   404.236     1.617     0.060         1
   404.386     1.697     0.060         1
   404.547     1.776     0.060         1
   404.711     1.860     0.060         1
   404.872     1.940     0.060         1
   405.033     2.025     0.060         1
   405.194     2.135     0.060         1
   405.358     2.215     0.060         1
   405.520     2.335     0.060         1
   405.681     2.344     0.060         1
   402.797     1.664     0.060         3
   402.961     1.681     0.060         3
   403.275     1.733     0.060         3
   403.435     1.776     0.060         3
   403.599     1.826     0.060         3
   403.750     1.879     0.060         3
   404.072     1.960     0.060         3
   408.758     3.509     0.060        10
   408.922     3.561     0.060        10
   409.086     3.611     0.060        10
   409.402     3.685     0.060        10
   409.709     3.772     0.060        10
   409.992     3.844     0.060        10
   410.253     3.921     0.060        10
   410.366     3.973     0.060        10
     0.000     0.000     0.000        -1
