   108.860    -1.000     0.000         0
   105.258     2.742     0.060         1
   105.423     2.660     0.060         1
   105.573     2.573     0.060         1
   105.726     2.485     0.060         1
   105.890     2.415     0.060         1
   106.041     2.349     0.060         1
   106.202     2.269     0.060         1
   106.366     2.209     0.060         1
   106.517     2.148     0.060         1
   106.678     2.085     0.060         1
   106.828     2.022     0.060         1
   106.990     1.934     0.060         1
   107.143     1.885     0.060         1
   107.293     1.832     0.060         1
   107.454     1.793     0.060         1
   107.604     1.750     0.060         1
   107.765     1.715     0.060         1
   107.917     1.684     0.060         1
   108.078     1.656     0.060         1
   108.227     1.632     0.060         1
   108.386     1.634     0.060         1
   108.531     1.615     0.060         1
   108.672     1.604     0.060         1
   108.773     1.603     0.060         1
   106.041     2.721     0.060         2
   106.202     2.681     0.060         2
   106.366     2.585     0.060         2
   106.517     2.528     0.060         2
   106.678     2.472     0.060         2
   106.828     2.438     0.060         2
   106.990     2.389     0.060         2
   107.143     2.336     0.060         2
   107.293     2.298     0.060         2
   107.454     2.253     0.060         2
   107.604     2.212     0.060         2
   107.765     2.178     0.060         2
   107.917     2.156     0.060         2
   108.078     2.140     0.060         2
   108.227     2.124     0.060         2
   108.386     2.112     0.060         2
   108.531     2.099     0.060         2
   108.672     2.108     0.060         2
   108.773     2.088     0.060         2
    11.706    18.023     0.060         5
    11.881    17.980     0.060         5
    12.043    17.962     0.060         5
    12.207    17.936     0.060         5
    12.379    17.909     0.060         5
    12.544    17.875     0.060         5
    12.705    17.864     0.060         5
    12.866    17.824     0.060         5
    13.028    17.806     0.060         5
    13.186    17.808     0.060         5
    13.347    17.758     0.060         5
    13.506    17.745     0.060         5
    13.656    17.718     0.060         5
    13.818    17.704     0.060         5
    13.979    17.697     0.060         5
    14.143    17.645     0.060         5
    14.305    17.636     0.060         5
    14.459    17.607     0.060         5
    14.620    17.579     0.060         5
    14.784    17.555     0.060         5
    14.946    17.546     0.060         5
    15.110    17.510     0.060         5
    15.271    17.482     0.060         5
    15.436    17.470     0.060         5
    15.600    17.427     0.060         5
    15.751    17.393     0.060         5
    15.923    17.388     0.060         5
    16.087    17.360     0.060         5
    16.413    17.330     0.060         5
    16.574    17.283     0.060         5
    16.738    17.255     0.060         5
    16.910    17.242     0.060         5
    17.075    17.220     0.060         5
    17.236    17.184     0.060         5
    17.398    17.190     0.060         5
    17.559    17.132     0.060         5
    17.871    17.111     0.060         5
    18.032    17.093     0.060         5
    18.183    17.077     0.060         5
    18.341    17.025     0.060         5
    18.656    16.979     0.060         5
    18.818    16.953     0.060         5
    18.979    16.898     0.060         5
    19.130    16.904     0.060         5
    19.291    16.906     0.060         5
    19.442    16.868     0.060         5
    19.915    16.787     0.060         5
    20.066    16.764     0.060         5
    20.217    16.766     0.060         5
    20.378    16.729     0.060         5
    20.532    16.697     0.060         5
    20.693    16.680     0.060         5
    20.844    16.659     0.060         5
    21.008    16.623     0.060         5
    21.159    16.609     0.060         5
    21.320    16.583     0.060         5
    21.474    16.571     0.060         5
    21.635    16.523     0.060         5
    21.786    16.503     0.060         5
    21.947    16.472     0.060         5
    22.101    16.451     0.060         5
    22.251    16.423     0.060         5
    22.402    16.396     0.060         5
    22.566    16.370     0.060         5
    22.717    16.346     0.060         5
    22.878    16.338     0.060         5
    23.032    16.316     0.060         5
    23.193    16.294     0.060         5
    23.344    16.272     0.060         5
    23.506    16.241     0.060         5
    23.656    16.216     0.060         5
    23.821    16.193     0.060         5
    23.982    16.156     0.060         5
    24.130    16.130     0.060         5
    24.291    16.132     0.060         5
    24.600    16.070     0.060         5
    24.761    16.034     0.060         5
    25.073    15.993     0.060         5
    25.393    15.945     0.060         5
    25.544    15.923     0.060         5
    25.705    15.907     0.060         5
    25.856    15.853     0.060         5
    26.017    15.837     0.060         5
    26.168    15.825     0.060         5
    26.329    15.791     0.060         5
    26.480    15.777     0.060         5
    26.641    15.755     0.060         5
    26.795    15.729     0.060         5
    26.956    15.726     0.060         5
    27.118    15.680     0.060         5
    27.268    15.681     0.060         5
    27.433    15.637     0.060         5
    27.745    15.575     0.060         5
    28.067    15.548     0.060         5
    28.218    15.510     0.060         5
    28.379    15.497     0.060         5
    28.544    15.472     0.060         5
    28.694    15.439     0.060         5
    28.859    15.434     0.060         5
    29.020    15.396     0.060         5
    29.184    15.359     0.060         5
    29.335    15.358     0.060         5
    29.496    15.314     0.060         5
    29.661    15.286     0.060         5
    29.822    15.282     0.060         5
    29.973    15.270     0.060         5
    30.131    15.220     0.060         5
    30.285    15.199     0.060         5
    30.610    15.154     0.060         5
    30.761    15.143     0.060         5
    30.922    15.121     0.060         5
    31.076    15.092     0.060         5
    31.237    15.079     0.060         5
    31.388    15.057     0.060         5
    31.553    15.049     0.060         5
    31.714    15.032     0.060         5
    31.878    14.999     0.060         5
    32.032    14.961     0.060         5
    32.196    14.964     0.060         5
    32.358    14.921     0.060         5
    32.522    14.909     0.060         5
    32.683    14.890     0.060         5
    32.845    14.855     0.060         5
    33.006    14.850     0.060         5
    33.157    14.805     0.060         5
    33.318    14.800     0.060         5
    33.482    14.751     0.060         5
    33.644    14.742     0.060         5
    33.808    14.708     0.060         5
    33.969    14.707     0.060         5
    34.131    14.662     0.060         5
    34.292    14.660     0.060         5
    34.456    14.626     0.060         5
    34.618    14.573     0.060         5
    34.782    14.579     0.060         5
    34.943    14.561     0.060         5
    35.108    14.535     0.060         5
    35.280    14.528     0.060         5
    35.444    14.473     0.060         5
    35.605    14.458     0.060         5
    35.767    14.411     0.060         5
    35.931    14.392     0.060         5
    36.092    14.377     0.060         5
    36.254    14.362     0.060         5
    36.907    14.244     0.060         5
    37.545    14.114     0.060         5
    38.357    13.969     0.060         5
    38.680    13.904     0.060         5
    39.331    13.791     0.060         5
    39.657    13.735     0.060         5
    39.983    13.682     0.060         5
    40.305    13.634     0.060         5
    40.792    13.562     0.060         5
    41.599    13.445     0.060         5
    41.922    13.393     0.060         5
    42.419    13.316     0.060         5
    42.731    13.264     0.060         5
    43.030    13.216     0.060         5
    43.500    13.123     0.060         5
    43.973    13.046     0.060         5
    44.288    12.985     0.060         5
    44.912    12.885     0.060         5
    45.542    12.776     0.060         5
    46.172    12.692     0.060         5
    46.649    12.623     0.060         5
    47.591    12.503     0.060         5
    48.218    12.415     0.060         5
    48.683    12.347     0.060         5
    49.321    12.254     0.060         5
    50.414    12.118     0.060         5
    51.048    12.063     0.060         5
    51.519    12.039     0.060         5
    51.984    11.967     0.060         5
    52.293    11.940     0.060         5
    52.605    11.913     0.060         5
    53.068    11.841     0.060         5
    53.219    11.833     0.060         5
    53.520    11.802     0.060         5
    53.671    11.782     0.060         5
    53.975    11.746     0.060         5
    54.126    11.731     0.060         5
    54.581    11.671     0.060         5
    54.734    11.660     0.060         5
    55.036    11.616     0.060         5
    55.652    11.532     0.060         5
    56.107    11.473     0.060         5
    56.261    11.451     0.060         5
    56.422    11.448     0.060         5
    56.573    11.421     0.060         5
    56.723    11.390     0.060         5
    56.882    11.363     0.060         5
    57.032    11.347     0.060         5
    57.183    11.324     0.060         5
    57.344    11.305     0.060         5
    57.495    11.294     0.060         5
    57.656    11.267     0.060         5
    57.807    11.259     0.060         5
    57.958    11.240     0.060         5
    58.108    11.229     0.060         5
    58.259    11.205     0.060         5
    58.410    11.186     0.060         5
    58.568    11.169     0.060         5
    58.719    11.143     0.060         5
    58.869    11.130     0.060         5
    59.017    11.104     0.060         5
    59.178    11.095     0.060         5
    59.332    11.070     0.060         5
    59.483    11.049     0.060         5
    59.644    11.036     0.060         5
    59.795    11.014     0.060         5
    59.945    10.994     0.060         5
    60.107    10.970     0.060         5
    60.257    10.949     0.060         5
    60.408    10.929     0.060         5
    60.566    10.908     0.060         5
    60.717    10.880     0.060         5
    60.868    10.852     0.060         5
    61.021    10.831     0.060         5
    61.172    10.827     0.060         5
    61.315    10.798     0.060         5
    61.469    10.782     0.060         5
    61.619    10.757     0.060         5
    61.773    10.745     0.060         5
    61.923    10.717     0.060         5
    62.077    10.688     0.060         5
    62.228    10.674     0.060         5
    62.381    10.652     0.060         5
    62.532    10.637     0.060         5
    62.686    10.611     0.060         5
    62.839    10.602     0.060         5
    62.990    10.575     0.060         5
    63.144    10.564     0.060         5
    63.287    10.530     0.060         5
    63.440    10.504     0.060         5
    63.591    10.493     0.060         5
    63.734    10.471     0.060         5
    63.888    10.460     0.060         5
    64.041    10.434     0.060         5
    64.181    10.423     0.060         5
    64.335    10.400     0.060         5
    64.485    10.373     0.060         5
    64.636    10.378     0.060         5
    64.794    10.351     0.060         5
    64.942    10.324     0.060         5
    65.090    10.302     0.060         5
    65.251    10.278     0.060         5
    65.399    10.267     0.060         5
    65.547    10.252     0.060         5
    65.708    10.219     0.060         5
    65.859    10.195     0.060         5
    66.009    10.168     0.060         5
    66.168    10.153     0.060         5
    66.315    10.142     0.060         5
    66.474    10.111     0.060         5
    66.621    10.099     0.060         5
    66.783    10.080     0.060         5
    66.930    10.048     0.060         5
    67.229     9.997     0.060         5
    67.382     9.978     0.060         5
    67.533     9.962     0.060         5
    67.694     9.947     0.060         5
    67.845     9.923     0.060         5
    67.995     9.906     0.060         5
    68.149     9.893     0.060         5
    68.310     9.868     0.060         5
    68.461     9.854     0.060         5
    68.619     9.841     0.060         5
    68.770     9.812     0.060         5
    68.921     9.790     0.060         5
    69.082     9.765     0.060         5
    69.233     9.760     0.060         5
    69.394     9.735     0.060         5
    69.545     9.709     0.060         5
    69.698     9.688     0.060         5
    69.860     9.663     0.060         5
    70.007     9.658     0.060         5
    70.172     9.629     0.060         5
    70.322     9.596     0.060         5
    70.484     9.575     0.060         5
    70.637     9.554     0.060         5
    70.799     9.529     0.060         5
    70.949     9.496     0.060         5
    71.111     9.484     0.060         5
    71.261     9.466     0.060         5
    71.423     9.438     0.060         5
    71.573     9.421     0.060         5
    71.732     9.400     0.060         5
    71.893     9.363     0.060         5
    72.043     9.358     0.060         5
    72.208     9.328     0.060         5
    72.358     9.302     0.060         5
    72.512     9.284     0.060         5
    72.673     9.262     0.060         5
    72.827     9.240     0.060         5
    72.988     9.214     0.060         5
    73.139     9.196     0.060         5
    73.300     9.170     0.060         5
    73.451     9.144     0.060         5
    73.615     9.118     0.060         5
    73.769     9.092     0.060         5
    73.930     9.070     0.060         5
    74.092     9.046     0.060         5
    74.242     9.028     0.060         5
    74.393     9.008     0.060         5
    74.544     8.970     0.060         5
    74.694     8.952     0.060         5
    74.845     8.939     0.060         5
    74.993     8.922     0.060         5
    75.143     8.902     0.060         5
    75.294     8.873     0.060         5
    75.442     8.848     0.060         5
    75.603     8.824     0.060         5
    75.753     8.803     0.060         5
    75.907     8.782     0.060         5
    76.058     8.756     0.060         5
    76.222     8.729     0.060         5
    76.373     8.712     0.060         5
    76.526     8.682     0.060         5
    76.677     8.661     0.060         5
    76.831     8.635     0.060         5
    76.992     8.622     0.060         5
    77.143     8.596     0.060         5
    77.296     8.558     0.060         5
    77.458     8.545     0.060         5
    77.608     8.515     0.060         5
    77.762     8.494     0.060         5
    77.913     8.472     0.060         5
    78.074     8.449     0.060         5
    78.225     8.434     0.060         5
    78.375     8.410     0.060         5
    78.536     8.395     0.060         5
    78.698     8.376     0.060         5
    78.848     8.349     0.060         5
    79.010     8.326     0.060         5
    79.157     8.309     0.060         5
    79.319     8.280     0.060         5
    79.469     8.258     0.060         5
    79.620     8.237     0.060         5
    79.771     8.212     0.060         5
    79.932     8.183     0.060         5
    80.083     8.161     0.060         5
    80.233     8.140     0.060         5
    80.395     8.119     0.060         5
    80.542     8.098     0.060         5
    80.704     8.073     0.060         5
    80.854     8.052     0.060         5
    81.016     8.025     0.060         5
    81.166     7.997     0.060         5
    81.317     7.970     0.060         5
    81.478     7.943     0.060         5
    81.629     7.918     0.060         5
    82.102     7.850     0.060         5
    82.260     7.815     0.060         5
    82.411     7.794     0.060         5
    82.562     7.769     0.060         5
    82.723     7.740     0.060         5
    82.884     7.710     0.060         5
    83.046     7.681     0.060         5
    83.196     7.643     0.060         5
    83.355     7.630     0.060         5
    83.508     7.601     0.060         5
    83.670     7.561     0.060         5
    83.820     7.537     0.060         5
    83.985     7.505     0.060         5
    84.135     7.481     0.060         5
    84.286     7.465     0.060         5
    84.450     7.433     0.060         5
    84.611     7.417     0.060         5
    84.762     7.389     0.060         5
    84.923     7.361     0.060         5
    85.074     7.337     0.060         5
    85.238     7.317     0.060         5
    85.400     7.281     0.060         5
    85.550     7.261     0.060         5
    85.715     7.241     0.060         5
    85.865     7.205     0.060         5
    86.027     7.183     0.060         5
    86.177     7.165     0.060         5
    86.342     7.129     0.060         5
    86.492     7.105     0.060         5
    86.656     7.074     0.060         5
    86.807     7.038     0.060         5
    86.968     7.015     0.060         5
    87.133     6.999     0.060         5
    87.283     6.975     0.060         5
    87.445     6.946     0.060         5
    87.595     6.919     0.060         5
    87.757     6.900     0.060         5
    87.921     6.860     0.060         5
    88.072     6.841     0.060         5
    88.233     6.818     0.060         5
    88.387     6.803     0.060         5
    88.537     6.775     0.060         5
    88.699     6.740     0.060         5
    88.852     6.709     0.060         5
    89.013     6.706     0.060         5
    89.164     6.674     0.060         5
    89.318     6.649     0.060         5
    89.479     6.632     0.060         5
    89.633     6.610     0.060         5
    89.794     6.597     0.060         5
    89.945     6.576     0.060         5
    90.098     6.558     0.060         5
    90.260     6.537     0.060         5
    90.410     6.512     0.060         5
    90.564     6.490     0.060         5
    90.725     6.468     0.060         5
    90.879     6.438     0.060         5
    91.030     6.416     0.060         5
    91.194     6.395     0.060         5
    91.355     6.369     0.060         5
    91.509     6.339     0.060         5
    91.659     6.314     0.060         5
    91.821     6.284     0.060         5
    91.974     6.253     0.060         5
    92.136     6.226     0.060         5
    92.289     6.195     0.060         5
    92.451     6.161     0.060         5
    92.604     6.143     0.060         5
    92.765     6.108     0.060         5
    93.077     6.059     0.060         5
    93.400     6.011     0.060         5
    93.551     5.985     0.060         5
    93.876     5.944     0.060         5
     4.543    19.062     0.060         8
     4.704    19.045     0.060         8
     4.879    19.025     0.060         8
     5.041    19.009     0.060         8
     5.205    18.977     0.060         8
     5.541    18.954     0.060         8
     5.867    18.919     0.060         8
     6.190    18.885     0.060         8
     6.341    18.873     0.060         8
     6.505    18.841     0.060         8
     6.663    18.826     0.060         8
     6.825    18.824     0.060         8
     6.986    18.784     0.060         8
     7.147    18.787     0.060         8
     7.309    18.781     0.060         8
     7.467    18.769     0.060         8
     7.628    18.758     0.060         8
     7.790    18.721     0.060         8
     7.951    18.696     0.060         8
     8.116    18.664     0.060         8
     8.277    18.667     0.060         8
     8.441    18.639     0.060         8
     8.603    18.631     0.060         8
     8.778    18.611     0.060         8
     8.939    18.599     0.060         8
     9.104    18.595     0.060         8
     9.268    18.554     0.060         8
     9.429    18.561     0.060         8
     9.591    18.529     0.060         8
     9.752    18.521     0.060         8
     9.914    18.492     0.060         8
    10.075    18.477     0.060         8
    10.236    18.467     0.060         8
    10.387    18.428     0.060         8
    10.548    18.430     0.060         8
    10.716    18.407     0.060         8
    10.880    18.386     0.060         8
    11.044    18.375     0.060         8
    11.209    18.356     0.060         8
    11.381    18.326     0.060         8
    11.545    18.312     0.060         8
    11.706    18.300     0.060         8
    11.881    18.272     0.060         8
    12.043    18.242     0.060         8
    12.207    18.226     0.060         8
    12.379    18.198     0.060         8
    12.544    18.178     0.060         8
    12.705    18.161     0.060         8
    12.866    18.130     0.060         8
    13.028    18.111     0.060         8
    13.186    18.099     0.060         8
    13.347    18.075     0.060         8
    13.506    18.059     0.060         8
    13.656    18.044     0.060         8
    13.818    18.032     0.060         8
    13.979    18.008     0.060         8
    14.143    17.988     0.060         8
    14.305    17.979     0.060         8
    14.459    17.957     0.060         8
    14.620    17.937     0.060         8
    14.784    17.909     0.060         8
    14.946    17.885     0.060         8
    15.110    17.866     0.060         8
    15.271    17.846     0.060         8
    15.436    17.822     0.060         8
    15.600    17.798     0.060         8
    15.751    17.798     0.060         8
    15.923    17.758     0.060         8
    16.087    17.739     0.060         8
    16.248    17.716     0.060         8
    16.413    17.691     0.060         8
    16.574    17.679     0.060         8
    16.738    17.664     0.060         8
    16.910    17.632     0.060         8
    17.075    17.628     0.060         8
    17.236    17.620     0.060         8
    17.398    17.585     0.060         8
    17.559    17.561     0.060         8
    17.710    17.541     0.060         8
    18.032    17.510     0.060         8
    18.183    17.498     0.060         8
    18.341    17.474     0.060         8
    18.503    17.446     0.060         8
    18.656    17.430     0.060         8
    18.818    17.423     0.060         8
    18.979    17.403     0.060         8
    19.130    17.387     0.060         8
    19.291    17.397     0.060         8
    19.442    17.348     0.060         8
    19.603    17.324     0.060         8
    19.754    17.304     0.060         8
    19.915    17.280     0.060         8
    20.066    17.273     0.060         8
    20.217    17.253     0.060         8
    20.378    17.229     0.060         8
    20.532    17.225     0.060         8
    20.693    17.193     0.060         8
    20.844    17.169     0.060         8
    21.008    17.162     0.060         8
    21.159    17.151     0.060         8
    21.320    17.125     0.060         8
    21.474    17.099     0.060         8
    21.635    17.075     0.060         8
    21.786    17.062     0.060         8
    21.947    17.051     0.060         8
    22.251    17.008     0.060         8
    22.566    16.960     0.060         8
    22.878    16.916     0.060         8
    23.193    16.868     0.060         8
    23.506    16.829     0.060         8
    23.656    16.809     0.060         8
    23.821    16.789     0.060         8
    24.130    16.749     0.060         8
    24.761    16.658     0.060         8
    24.923    16.634     0.060         8
    25.232    16.586     0.060         8
    25.393    16.566     0.060         8
    25.705    16.518     0.060         8
    25.856    16.503     0.060         8
    26.017    16.479     0.060         8
    26.168    16.482     0.060         8
    26.641    16.387     0.060         8
    27.118    16.328     0.060         8
    27.268    16.312     0.060         8
    27.906    16.220     0.060         8
    28.067    16.205     0.060         8
    28.544    16.137     0.060         8
    28.694    16.125     0.060         8
    29.184    16.054     0.060         8
    29.496    16.014     0.060         8
    29.661    15.990     0.060         8
    29.973    15.951     0.060         8
    30.285    15.907     0.060         8
    30.610    15.863     0.060         8
    30.922    15.828     0.060         8
    31.553    15.740     0.060         8
    31.714    15.729     0.060         8
    32.196    15.649     0.060         8
    32.683    15.573     0.060         8
    33.006    15.525     0.060         8
    33.482    15.453     0.060         8
    34.131    15.345     0.060         8
    34.618    15.278     0.060         8
    34.943    15.234     0.060         8
    35.280    15.195     0.060         8
    35.605    15.163     0.060         8
    35.931    15.115     0.060         8
    36.415    15.048     0.060         8
    36.907    14.964     0.060         8
    37.383    14.892     0.060         8
    37.706    14.848     0.060         8
    38.357    14.749     0.060         8
    38.680    14.705     0.060         8
    39.170    14.629     0.060         8
    39.818    14.538     0.060         8
    40.305    14.482     0.060         8
    40.631    14.439     0.060         8
    40.792    14.423     0.060         8
    41.129    14.375     0.060         8
    41.448    14.336     0.060         8
    41.922    14.268     0.060         8
    42.570    14.172     0.060         8
    42.882    14.129     0.060         8
    43.191    14.093     0.060         8
    43.973    13.986     0.060         8
    94.826     5.747     0.060        10
    94.979     5.705     0.060        10
    95.141     5.666     0.060        10
    95.302     5.617     0.060        10
    95.453     5.575     0.060        10
    95.617     5.538     0.060        10
    95.778     5.502     0.060        10
    95.940     5.462     0.060        10
    96.090     5.413     0.060        10
    96.252     5.354     0.060        10
    96.416     5.315     0.060        10
    96.567     5.281     0.060        10
    96.728     5.227     0.060        10
    96.881     5.186     0.060        10
    97.043     5.150     0.060        10
    97.204     5.111     0.060        10
    97.355     5.077     0.060        10
    97.516     5.022     0.060        10
    97.677     4.979     0.060        10
    97.828     4.941     0.060        10
    97.989     4.870     0.060        10
    98.148     4.831     0.060        10
    98.298     4.789     0.060        10
    98.460     4.746     0.060        10
    98.607     4.709     0.060        10
    98.769     4.670     0.060        10
    98.919     4.643     0.060        10
    99.070     4.612     0.060        10
    99.228     4.573     0.060        10
    99.379     4.531     0.060        10
    99.540     4.495     0.060        10
    99.691     4.461     0.060        10
    99.841     4.422     0.060        10
   100.003     4.380     0.060        10
   100.153     4.343     0.060        10
   100.315     4.293     0.060        10
   100.465     4.242     0.060        10
   100.616     4.203     0.060        10
   100.777     4.167     0.060        10
   100.928     4.129     0.060        10
   101.081     4.094     0.060        10
   101.232     4.060     0.060        10
   101.386     4.024     0.060        10
   101.536     3.989     0.060        10
   101.690     3.953     0.060        10
   101.844     3.921     0.060        10
   101.994     3.885     0.060        10
   102.148     3.842     0.060        10
   102.299     3.812     0.060        10
   102.463     3.778     0.060        10
   102.613     3.742     0.060        10
   102.764     3.702     0.060        10
   102.918     3.667     0.060        10
   103.068     3.636     0.060        10
   103.219     3.605     0.060        10
   103.372     3.586     0.060        10
   103.523     3.540     0.060        10
   103.684     3.489     0.060        10
     8.277    19.554     0.060        12
     8.939    19.470     0.060        12
     9.591    19.390     0.060        12
    10.075    19.330     0.060        12
    11.209    19.190     0.060        12
    11.881    19.139     0.060        12
    12.544    19.064     0.060        12
    13.186    18.984     0.060        12
    14.305    18.844     0.060        12
    15.110    18.744     0.060        12
    15.923    18.648     0.060        12
    16.738    18.548     0.060        12
    17.559    18.436     0.060        12
    18.656    18.300     0.060        12
    19.291    18.228     0.060        12
    19.603    18.188     0.060        12
    20.217    18.120     0.060        12
    20.844    18.048     0.060        12
    21.320    17.992     0.060        12
    22.101    17.868     0.060        12
    22.878    17.772     0.060        12
    23.506    17.692     0.060        12
    24.291    17.596     0.060        12
    24.761    17.536     0.060        12
    25.393    17.456     0.060        12
    25.856    17.416     0.060        12
    26.641    17.316     0.060        12
    26.956    17.276     0.060        12
    27.745    17.180     0.060        12
    28.067    17.140     0.060        12
    28.859    17.065     0.060        12
    30.131    16.913     0.060        12
    31.237    16.785     0.060        12
    32.196    16.665     0.060        12
    33.482    16.477     0.060        12
    34.618    16.295     0.060        12
    35.931    16.090     0.060        12
    37.383    15.894     0.060        12
    38.519    15.725     0.060        12
    39.493    15.522     0.060        12
    40.470    15.382     0.060        12
    41.129    15.277     0.060        12
    41.922    15.152     0.060        12
    42.731    15.032     0.060        12
    43.812    14.900     0.060        12
    44.912    14.768     0.060        12
    12.207    18.830     0.060        14
    12.379    18.789     0.060        14
    12.544    18.761     0.060        14
    12.705    18.725     0.060        14
    12.866    18.715     0.060        14
    13.028    18.688     0.060        14
    13.506    18.616     0.060        14
    13.656    18.584     0.060        14
    13.818    18.564     0.060        14
    13.979    18.543     0.060        14
    14.459    18.463     0.060        14
    14.784    18.410     0.060        14
    14.946    18.382     0.060        14
    15.110    18.362     0.060        14
    15.271    18.321     0.060        14
    15.436    18.318     0.060        14
    15.600    18.290     0.060        14
    15.751    18.262     0.060        14
    15.923    18.242     0.060        14
    16.087    18.214     0.060        14
    16.248    18.185     0.060        14
    16.413    18.157     0.060        14
    16.574    18.130     0.060        14
    16.738    18.097     0.060        14
    16.910    18.072     0.060        14
    17.075    18.045     0.060        14
    17.236    18.012     0.060        14
    17.398    17.984     0.060        14
    17.559    17.947     0.060        14
    17.710    17.939     0.060        14
    17.871    17.911     0.060        14
    18.032    17.890     0.060        14
    18.183    17.867     0.060        14
    18.341    17.844     0.060        14
    18.503    17.813     0.060        14
    18.656    17.786     0.060        14
    18.818    17.755     0.060        14
    18.979    17.748     0.060        14
    19.130    17.717     0.060        14
    19.291    17.698     0.060        14
    19.442    17.666     0.060        14
    19.603    17.637     0.060        14
    19.754    17.600     0.060        14
    19.915    17.577     0.060        14
    20.066    17.540     0.060        14
    20.217    17.524     0.060        14
    20.378    17.504     0.060        14
    20.532    17.472     0.060        14
    20.693    17.455     0.060        14
    20.844    17.428     0.060        14
    21.008    17.398     0.060        14
    21.159    17.378     0.060        14
    21.320    17.373     0.060        14
    21.474    17.333     0.060        14
    21.635    17.312     0.060        14
    21.786    17.307     0.060        14
    21.947    17.299     0.060        14
    22.101    17.264     0.060        14
    22.251    17.235     0.060        14
    22.402    17.203     0.060        14
    22.566    17.166     0.060        14
    22.717    17.161     0.060        14
    22.878    17.134     0.060        14
    23.032    17.093     0.060        14
    23.193    17.072     0.060        14
    23.344    17.038     0.060        14
    23.506    17.022     0.060        14
    23.656    17.002     0.060        14
    23.821    16.963     0.060        14
    23.982    16.946     0.060        14
    24.130    16.926     0.060        14
    24.291    16.891     0.060        14
    24.442    16.885     0.060        14
    24.600    16.853     0.060        14
    24.761    16.820     0.060        14
    24.923    16.792     0.060        14
    25.073    16.763     0.060        14
    25.232    16.762     0.060        14
    25.705    16.676     0.060        14
    25.856    16.669     0.060        14
    26.017    16.631     0.060        14
    26.168    16.610     0.060        14
    26.329    16.584     0.060        14
    26.480    16.591     0.060        14
    26.641    16.557     0.060        14
    26.795    16.526     0.060        14
    26.956    16.497     0.060        14
    27.118    16.464     0.060        14
    27.268    16.438     0.060        14
    27.433    16.417     0.060        14
    27.594    16.401     0.060        14
    27.745    16.352     0.060        14
    27.906    16.335     0.060        14
    28.067    16.335     0.060        14
    28.218    16.297     0.060        14
    28.379    16.268     0.060        14
    28.544    16.256     0.060        14
    28.694    16.246     0.060        14
    28.859    16.214     0.060        14
    29.020    16.193     0.060        14
    29.184    16.164     0.060        14
    29.335    16.119     0.060        14
    29.496    16.103     0.060        14
    29.661    16.059     0.060        14
    29.822    16.055     0.060        14
    29.973    16.022     0.060        14
    30.131    16.004     0.060        14
    30.285    15.989     0.060        14
    30.446    15.961     0.060        14
    30.610    15.948     0.060        14
    30.761    15.932     0.060        14
    30.922    15.894     0.060        14
    31.076    15.859     0.060        14
    31.237    15.837     0.060        14
    31.388    15.798     0.060        14
    31.553    15.760     0.060        14
    31.714    15.758     0.060        14
    31.878    15.714     0.060        14
    32.032    15.705     0.060        14
    32.196    15.653     0.060        14
    32.358    15.641     0.060        14
    32.522    15.608     0.060        14
    32.683    15.588     0.060        14
    32.845    15.557     0.060        14
    33.006    15.533     0.060        14
    33.157    15.517     0.060        14
    33.318    15.469     0.060        14
    33.482    15.474     0.060        14
    33.644    15.445     0.060        14
    33.808    15.432     0.060        14
    33.969    15.415     0.060        14
    34.131    15.371     0.060        14
    34.292    15.371     0.060        14
    34.456    15.342     0.060        14
    34.943    15.273     0.060        14
    35.280    15.224     0.060        14
    35.605    15.171     0.060        14
    35.931    15.123     0.060        14
    36.092    15.102     0.060        14
    36.415    15.063     0.060        14
    36.584    15.043     0.060        14
    36.745    15.019     0.060        14
    37.057    14.986     0.060        14
    37.383    14.935     0.060        14
    37.870    14.853     0.060        14
    38.193    14.802     0.060        14
    38.680    14.717     0.060        14
    39.170    14.645     0.060        14
    39.331    14.613     0.060        14
    39.657    14.557     0.060        14
    39.983    14.500     0.060        14
    40.470    14.421     0.060        14
    40.792    14.363     0.060        14
    41.129    14.302     0.060        14
    41.287    14.266     0.060        14
    41.599    14.209     0.060        14
    42.083    14.129     0.060        14
    42.570    14.044     0.060        14
    43.030    13.960     0.060        14
    43.339    13.915     0.060        14
    43.651    13.856     0.060        14
    44.127    13.811     0.060        14
    44.288    13.785     0.060        14
    44.762    13.722     0.060        14
    45.066    13.678     0.060        14
    45.542    13.606     0.060        14
    46.019    13.530     0.060        14
    46.334    13.493     0.060        14
    46.649    13.447     0.060        14
    47.114    13.381     0.060        14
    47.429    13.319     0.060        14
    47.752    13.272     0.060        14
    47.903    13.256     0.060        14
    48.218    13.208     0.060        14
    48.683    13.144     0.060        14
    48.848    13.124     0.060        14
    49.160    13.084     0.060        14
    49.472    13.044     0.060        14
    49.794    13.012     0.060        14
    49.945    12.996     0.060        14
    50.260    12.968     0.060        14
    50.575    12.932     0.060        14
    51.048    12.885     0.060        14
    51.357    12.845     0.060        14
    51.672    12.817     0.060        14
    51.834    12.793     0.060        14
    52.146    12.761     0.060        14
    52.444    12.725     0.060        14
    52.756    12.689     0.060        14
    53.068    12.657     0.060        14
    53.520    12.601     0.060        14
    53.821    12.570     0.060        14
    54.126    12.538     0.060        14
    54.581    12.486     0.060        14
    54.885    12.458     0.060        14
    55.340    12.411     0.060        14
    56.107    12.325     0.060        14
    56.261    12.300     0.060        14
    56.422    12.315     0.060        14
    56.573    12.281     0.060        14
    56.723    12.271     0.060        14
    56.882    12.229     0.060        14
    57.032    12.235     0.060        14
    57.183    12.201     0.060        14
    57.344    12.189     0.060        14
    57.495    12.180     0.060        14
    57.656    12.150     0.060        14
    57.807    12.131     0.060        14
    57.958    12.124     0.060        14
    58.108    12.100     0.060        14
    58.259    12.110     0.060        14
    58.410    12.070     0.060        14
    58.568    12.058     0.060        14
    58.719    12.057     0.060        14
    58.869    12.032     0.060        14
    59.017    11.994     0.060        14
    59.178    11.997     0.060        14
    59.332    11.967     0.060        14
    59.483    11.953     0.060        14
    59.644    11.936     0.060        14
    59.795    11.910     0.060        14
    59.945    11.900     0.060        14
    60.107    11.867     0.060        14
    60.257    11.865     0.060        14
    60.408    11.831     0.060        14
    60.566    11.816     0.060        14
    60.717    11.792     0.060        14
    60.868    11.774     0.060        14
    61.021    11.756     0.060        14
    61.172    11.756     0.060        14
    61.315    11.728     0.060        14
    61.469    11.713     0.060        14
    61.619    11.697     0.060        14
    61.773    11.678     0.060        14
    61.923    11.666     0.060        14
    62.077    11.629     0.060        14
    62.228    11.613     0.060        14
    62.381    11.597     0.060        14
    62.532    11.573     0.060        14
    62.686    11.557     0.060        14
    62.839    11.522     0.060        14
    62.990    11.516     0.060        14
    63.144    11.483     0.060        14
    63.287    11.476     0.060        14
    63.440    11.456     0.060        14
    63.591    11.436     0.060        14
    63.734    11.422     0.060        14
    63.888    11.396     0.060        14
    64.041    11.380     0.060        14
    64.181    11.356     0.060        14
    64.335    11.340     0.060        14
    64.485    11.303     0.060        14
    64.636    11.266     0.060        14
    64.794    11.260     0.060        14
    64.942    11.235     0.060        14
    65.090    11.215     0.060        14
    65.251    11.195     0.060        14
    65.399    11.179     0.060        14
    65.547    11.164     0.060        14
    65.708    11.121     0.060        14
    65.859    11.111     0.060        14
    66.009    11.095     0.060        14
    66.168    11.065     0.060        14
    66.315    11.049     0.060        14
    66.474    11.031     0.060        14
    66.621    11.015     0.060        14
    66.783    10.989     0.060        14
    66.930    10.978     0.060        14
    67.078    10.950     0.060        14
    67.229    10.923     0.060        14
    67.382    10.908     0.060        14
    67.533    10.893     0.060        14
    67.694    10.871     0.060        14
    67.845    10.849     0.060        14
    67.995    10.830     0.060        14
    68.149    10.812     0.060        14
    68.310    10.774     0.060        14
    68.461    10.760     0.060        14
    68.619    10.726     0.060        14
    68.770    10.692     0.060        14
    68.921    10.681     0.060        14
    69.082    10.655     0.060        14
    69.233    10.621     0.060        14
    69.394    10.617     0.060        14
    69.545    10.592     0.060        14
    69.698    10.559     0.060        14
    69.860    10.563     0.060        14
    70.007    10.533     0.060        14
    70.172    10.502     0.060        14
    70.322    10.504     0.060        14
    70.484    10.472     0.060        14
    70.637    10.448     0.060        14
    70.799    10.440     0.060        14
    70.949    10.414     0.060        14
    71.111    10.382     0.060        14
    71.261    10.373     0.060        14
    71.423    10.351     0.060        14
    71.573    10.328     0.060        14
    71.732    10.298     0.060        14
    71.893    10.288     0.060        14
    72.043    10.261     0.060        14
    72.208    10.239     0.060        14
    72.358    10.208     0.060        14
    72.512    10.178     0.060        14
    72.673    10.144     0.060        14
    72.827    10.125     0.060        14
    72.988    10.095     0.060        14
    73.139    10.060     0.060        14
    73.300    10.054     0.060        14
    73.451    10.016     0.060        14
    73.615     9.982     0.060        14
    73.769     9.967     0.060        14
    73.930     9.940     0.060        14
    74.092     9.930     0.060        14
    74.242     9.923     0.060        14
    74.393     9.893     0.060        14
    74.544     9.857     0.060        14
    74.694     9.828     0.060        14
    74.845     9.836     0.060        14
    74.993     9.796     0.060        14
    75.143     9.764     0.060        14
    75.294     9.740     0.060        14
    75.442     9.736     0.060        14
    75.603     9.700     0.060        14
    75.753     9.704     0.060        14
    75.907     9.664     0.060        14
    76.058     9.642     0.060        14
    76.222     9.621     0.060        14
    76.373     9.603     0.060        14
    76.526     9.582     0.060        14
    76.677     9.547     0.060        14
    76.831     9.538     0.060        14
    76.992     9.524     0.060        14
    77.143     9.502     0.060        14
    77.296     9.480     0.060        14
    77.458     9.459     0.060        14
    77.608     9.449     0.060        14
    77.762     9.423     0.060        14
    77.913     9.401     0.060        14
    78.074     9.387     0.060        14
    78.225     9.367     0.060        14
    78.375     9.344     0.060        14
    78.536     9.333     0.060        14
    78.698     9.302     0.060        14
    78.848     9.279     0.060        14
    79.010     9.264     0.060        14
    79.157     9.232     0.060        14
    79.319     9.210     0.060        14
    79.469     9.182     0.060        14
    79.620     9.163     0.060        14
    79.771     9.143     0.060        14
    79.932     9.107     0.060        14
    80.083     9.083     0.060        14
    80.233     9.054     0.060        14
    80.395     9.034     0.060        14
    80.542     9.014     0.060        14
    80.704     8.986     0.060        14
    80.854     8.961     0.060        14
    81.016     8.937     0.060        14
    81.166     8.905     0.060        14
    81.317     8.884     0.060        14
    81.478     8.856     0.060        14
    81.629     8.828     0.060        14
    81.790     8.796     0.060        14
    81.941     8.767     0.060        14
    82.102     8.749     0.060        14
    82.260     8.723     0.060        14
    82.411     8.688     0.060        14
    82.562     8.673     0.060        14
    82.723     8.639     0.060        14
    82.884     8.621     0.060        14
    83.046     8.595     0.060        14
    83.196     8.568     0.060        14
    83.355     8.545     0.060        14
    83.508     8.522     0.060        14
    83.670     8.480     0.060        14
    83.820     8.461     0.060        14
    83.985     8.427     0.060        14
    84.135     8.407     0.060        14
    84.286     8.384     0.060        14
    84.450     8.358     0.060        14
    84.611     8.332     0.060        14
    84.762     8.312     0.060        14
    84.923     8.272     0.060        14
    85.074     8.256     0.060        14
    85.238     8.232     0.060        14
    85.400     8.196     0.060        14
    85.550     8.179     0.060        14
    85.715     8.155     0.060        14
    85.865     8.130     0.060        14
    86.027     8.090     0.060        14
    86.177     8.083     0.060        14
    86.342     8.038     0.060        14
    86.492     8.007     0.060        14
    86.656     7.981     0.060        14
    86.807     7.955     0.060        14
    86.968     7.933     0.060        14
    87.133     7.911     0.060        14
    87.283     7.892     0.060        14
    87.445     7.866     0.060        14
    87.595     7.844     0.060        14
    87.757     7.814     0.060        14
    87.921     7.790     0.060        14
    88.072     7.766     0.060        14
    88.233     7.738     0.060        14
    88.387     7.714     0.060        14
    88.537     7.702     0.060        14
    88.699     7.674     0.060        14
    88.852     7.650     0.060        14
    89.013     7.610     0.060        14
    89.164     7.590     0.060        14
    89.318     7.594     0.060        14
    89.479     7.538     0.060        14
    89.633     7.526     0.060        14
    89.794     7.510     0.060        14
    89.945     7.494     0.060        14
    90.098     7.470     0.060        14
    90.260     7.446     0.060        14
    90.410     7.434     0.060        14
    90.564     7.405     0.060        14
    90.725     7.381     0.060        14
    90.879     7.349     0.060        14
    91.030     7.316     0.060        14
    91.194     7.288     0.060        14
    91.355     7.260     0.060        14
    91.509     7.232     0.060        14
    91.659     7.207     0.060        14
    91.821     7.187     0.060        14
     4.704    32.519     0.060        24
     5.706    32.232     0.060        24
     6.341    32.049     0.060        24
     6.986    31.881     0.060        24
     8.277    31.547     0.060        24
     8.939    31.375     0.060        24
     9.752    31.164     0.060        24
    10.716    30.901     0.060        24
    11.545    30.725     0.060        24
    12.379    30.486     0.060        24
    13.028    30.299     0.060        24
    13.656    30.076     0.060        24
    14.946    29.732     0.060        24
    15.271    29.666     0.060        24
    15.600    29.572     0.060        24
    15.751    29.543     0.060        24
    16.087    29.456     0.060        24
    16.248    29.392     0.060        24
    16.738    29.273     0.060        24
    17.075    29.188     0.060        24
    17.398    29.115     0.060        24
    17.710    29.014     0.060        24
    18.183    28.871     0.060        24
    18.818    28.703     0.060        24
    19.442    28.531     0.060        24
    20.217    28.310     0.060        24
    20.693    28.211     0.060        24
    21.008    28.122     0.060        24
    21.786    27.874     0.060        24
    22.878    27.597     0.060        24
    23.193    27.513     0.060        24
    23.982    27.306     0.060        24
    24.923    27.093     0.060        24
    25.393    26.941     0.060        24
    25.705    26.859     0.060        24
    26.168    26.738     0.060        24
    26.641    26.594     0.060        24
    27.118    26.460     0.060        24
    27.745    26.259     0.060        24
    28.067    26.178     0.060        24
    28.859    25.975     0.060        24
    29.184    25.887     0.060        24
    29.496    25.823     0.060        24
    29.973    25.690     0.060        24
    30.131    25.634     0.060        24
    30.446    25.562     0.060        24
    30.761    25.485     0.060        24
    31.076    25.417     0.060        24
    31.388    25.330     0.060        24
    32.683    25.043     0.060        24
    33.644    24.745     0.060        24
    34.782    24.418     0.060        24
    35.444    24.227     0.060        24
    35.931    24.068     0.060        24
    36.745    23.853     0.060        24
    37.706    23.594     0.060        24
    38.844    23.303     0.060        24
    39.493    23.115     0.060        24
    40.792    22.820     0.060        24
    41.922    22.573     0.060        24
    42.083    22.505     0.060        24
    43.030    22.270     0.060        24
    43.973    22.038     0.060        24
    44.450    21.906     0.060        24
    45.066    21.752     0.060        24
    45.542    21.615     0.060        24
    45.857    21.540     0.060        24
    46.334    21.410     0.060        24
    46.649    21.328     0.060        24
    46.964    21.256     0.060        24
    47.591    21.109     0.060        24
    47.752    21.073     0.060        24
    47.903    21.077     0.060        24
    48.371    20.923     0.060        24
    48.533    20.865     0.060        24
    48.998    20.753     0.060        24
    49.633    20.607     0.060        24
    50.099    20.505     0.060        24
    50.414    20.421     0.060        24
    50.887    20.309     0.060        24
    51.519    20.169     0.060        24
    52.293    19.984     0.060        24
    52.605    19.888     0.060        24
    53.520    19.672     0.060        24
    54.581    19.400     0.060        24
    55.036    19.292     0.060        24
    55.501    19.167     0.060        24
    56.107    19.010     0.060        24
    56.422    18.944     0.060        24
    56.882    18.809     0.060        24
    57.183    18.724     0.060        24
    57.495    18.671     0.060        24
    57.958    18.533     0.060        24
    58.108    18.501     0.060        24
    58.568    18.431     0.060        24
    59.017    18.308     0.060        24
    59.332    18.227     0.060        24
    59.795    18.111     0.060        24
    60.107    18.043     0.060        24
    60.257    18.011     0.060        24
    60.566    17.943     0.060        24
    60.868    17.875     0.060        24
    61.172    17.803     0.060        24
    61.619    17.707     0.060        24
    61.773    17.668     0.060        24
    61.923    17.632     0.060        24
    62.228    17.564     0.060        24
    62.381    17.510     0.060        24
    62.839    17.385     0.060        24
    63.287    17.263     0.060        24
    63.888    17.131     0.060        24
    64.041    17.085     0.060        24
    64.181    17.053     0.060        24
    64.335    17.017     0.060        24
    64.942    16.874     0.060        24
    65.399    16.767     0.060        24
    65.547    16.721     0.060        24
    66.009    16.631     0.060        24
    66.168    16.581     0.060        24
    66.474    16.527     0.060        24
    66.930    16.427     0.060        24
    67.078    16.373     0.060        24
    67.382    16.298     0.060        24
    67.694    16.223     0.060        24
    67.995    16.162     0.060        24
    68.310    16.097     0.060        24
    69.082    15.929     0.060        24
    70.484    15.584     0.060        24
    71.261    15.387     0.060        24
    71.732    15.275     0.060        24
    72.512    15.066     0.060        24
    72.827    14.998     0.060        24
    73.930    14.737     0.060        24
    74.694    14.524     0.060        24
    75.442    14.343     0.060        24
    76.058    14.154     0.060        24
    76.526    14.025     0.060        24
    77.458    13.780     0.060        24
    77.762    13.695     0.060        24
    78.536    13.499     0.060        24
    79.010    13.358     0.060        24
    79.319    13.290     0.060        24
    79.771    13.217     0.060        24
    80.233    13.097     0.060        24
    81.016    12.966     0.060        24
    81.790    12.739     0.060        24
    82.562    12.518     0.060        24
    83.196    12.371     0.060        24
    83.985    12.131     0.060        24
    84.450    11.998     0.060        24
    85.074    11.829     0.060        24
    85.550    11.682     0.060        24
    86.177    11.512     0.060        24
    86.492    11.427     0.060        24
    87.133    11.256     0.060        24
    87.595    11.111     0.060        24
    88.072    10.955     0.060        24
    88.537    10.873     0.060        24
     9.752    31.892     0.060        28
    10.548    31.723     0.060        28
    11.545    31.514     0.060        28
    12.379    31.369     0.060        28
    13.186    31.181     0.060        28
    13.979    31.017     0.060        28
    14.784    30.828     0.060        28
    15.600    30.632     0.060        28
    16.087    30.513     0.060        28
    16.248    30.493     0.060        28
    16.413    30.449     0.060        28
    16.574    30.405     0.060        28
    16.738    30.389     0.060        28
    16.910    30.337     0.060        28
    17.075    30.314     0.060        28
    17.236    30.271     0.060        28
    17.398    30.248     0.060        28
    17.559    30.209     0.060        28
    17.710    30.166     0.060        28
    17.871    30.127     0.060        28
    18.032    30.068     0.060        28
    18.183    30.033     0.060        28
    18.341    30.001     0.060        28
    18.503    29.961     0.060        28
    18.656    29.925     0.060        28
    18.818    29.893     0.060        28
    18.979    29.853     0.060        28
    19.130    29.821     0.060        28
    19.291    29.777     0.060        28
    19.442    29.745     0.060        28
    19.603    29.721     0.060        28
    19.754    29.681     0.060        28
    19.915    29.657     0.060        28
    20.066    29.637     0.060        28
    20.217    29.557     0.060        28
    20.378    29.553     0.060        28
    20.532    29.501     0.060        28
    20.693    29.473     0.060        28
    20.844    29.449     0.060        28
    21.008    29.385     0.060        28
    21.159    29.361     0.060        28
    21.320    29.337     0.060        28
    21.474    29.281     0.060        28
    21.635    29.249     0.060        28
    21.786    29.233     0.060        28
    21.947    29.197     0.060        28
    22.101    29.180     0.060        28
    22.251    29.122     0.060        28
    22.402    29.093     0.060        28
    22.566    29.056     0.060        28
    22.717    29.007     0.060        28
    22.878    28.970     0.060        28
    23.032    28.916     0.060        28
    23.193    28.883     0.060        28
    23.344    28.858     0.060        28
    23.506    28.837     0.060        28
    23.656    28.795     0.060        28
    23.821    28.765     0.060        28
    23.982    28.732     0.060        28
    24.130    28.702     0.060        28
    24.291    28.673     0.060        28
    24.442    28.637     0.060        28
    24.600    28.613     0.060        28
    24.761    28.581     0.060        28
    24.923    28.537     0.060        28
    25.073    28.505     0.060        28
    25.232    28.465     0.060        28
    25.393    28.433     0.060        28
    25.544    28.394     0.060        28
    25.705    28.346     0.060        28
    25.856    28.303     0.060        28
    26.017    28.255     0.060        28
    26.168    28.220     0.060        28
    26.329    28.197     0.060        28
    26.480    28.165     0.060        28
    26.641    28.125     0.060        28
    26.795    28.085     0.060        28
    26.956    28.057     0.060        28
    27.118    28.009     0.060        28
    27.268    27.962     0.060        28
    27.433    27.923     0.060        28
    27.594    27.879     0.060        28
    27.745    27.844     0.060        28
    27.906    27.807     0.060        28
    28.067    27.765     0.060        28
    28.218    27.732     0.060        28
    28.379    27.690     0.060        28
    28.544    27.657     0.060        28
    28.694    27.623     0.060        28
    28.859    27.594     0.060        28
    29.020    27.552     0.060        28
    29.184    27.496     0.060        28
    29.335    27.480     0.060        28
    29.496    27.452     0.060        28
    29.661    27.376     0.060        28
    29.822    27.356     0.060        28
    29.973    27.340     0.060        28
    30.131    27.316     0.060        28
    30.285    27.272     0.060        28
    30.446    27.256     0.060        28
    30.610    27.212     0.060        28
    30.761    27.168     0.060        28
    30.922    27.128     0.060        28
    31.076    27.092     0.060        28
    31.237    27.060     0.060        28
    31.388    27.036     0.060        28
    31.553    26.996     0.060        28
    31.714    26.948     0.060        28
    31.878    26.940     0.060        28
    32.032    26.892     0.060        28
    32.196    26.844     0.060        28
    32.358    26.820     0.060        28
    32.522    26.784     0.060        28
    32.683    26.736     0.060        28
    32.845    26.712     0.060        28
    33.006    26.676     0.060        28
    35.280    26.161     0.060        28
    36.254    25.932     0.060        28
    37.057    25.748     0.060        28
    37.545    25.660     0.060        28
    38.519    25.431     0.060        28
    39.331    25.243     0.060        28
    40.792    24.911     0.060        28
    41.760    24.682     0.060        28
    42.570    24.522     0.060        28
    43.651    24.297     0.060        28
    44.288    24.168     0.060        28
    45.392    23.955     0.060        28
    46.649    23.691     0.060        28
    47.279    23.578     0.060        28
   108.860     1.000     0.000         0
   109.030     1.608     0.060         1
   109.178     1.620     0.060         1
   109.321     1.640     0.060         1
   109.484     1.680     0.060         1
   109.644     1.707     0.060         1
   109.794     1.741     0.060         1
   109.955     1.780     0.060         1
   110.105     1.826     0.060         1
   110.266     1.878     0.060         1
   110.420     1.933     0.060         1
   110.581     1.986     0.060         1
   110.731     2.053     0.060         1
   110.882     2.120     0.060         1
   111.043     2.227     0.060         1
   111.193     2.285     0.060         1
   111.355     2.341     0.060         1
   111.505     2.453     0.060         1
   111.666     2.544     0.060         1
   111.817     2.602     0.060         1
   111.978     2.666     0.060         1
   109.030     2.126     0.060         2
   109.178     2.106     0.060         2
   109.321     2.119     0.060         2
   109.484     2.143     0.060         2
   109.644     2.167     0.060         2
   109.794     2.195     0.060         2
   109.955     2.226     0.060         2
   110.105     2.252     0.060         2
   110.266     2.292     0.060         2
   110.420     2.328     0.060         2
   110.581     2.371     0.060         2
   110.731     2.415     0.060         2
   110.882     2.467     0.060         2
   111.043     2.517     0.060         2
   118.131     4.695     0.060         5
   118.604     4.783     0.060         5
   118.930     4.843     0.060         5
   119.242     4.899     0.060         5
   119.406     4.931     0.060         5
   119.567     4.959     0.060         5
   119.729     4.996     0.060         5
   119.890     5.023     0.060         5
   120.051     5.061     0.060         5
   120.213     5.090     0.060         5
   120.374     5.116     0.060         5
   120.535     5.149     0.060         5
   120.697     5.175     0.060         5
   120.858     5.216     0.060         5
   121.022     5.246     0.060         5
   121.184     5.276     0.060         5
   121.345     5.298     0.060         5
   121.509     5.341     0.060         5
   121.670     5.379     0.060         5
   121.832     5.395     0.060         5
   121.985     5.430     0.060         5
   122.147     5.467     0.060         5
   122.311     5.510     0.060         5
   122.472     5.526     0.060         5
   122.633     5.558     0.060         5
   122.798     5.588     0.060         5
   122.959     5.630     0.060         5
   123.110     5.655     0.060         5
   123.271     5.679     0.060         5
   123.422     5.714     0.060         5
   123.583     5.751     0.060         5
   123.733     5.779     0.060         5
   123.895     5.808     0.060         5
   124.045     5.847     0.060         5
   124.207     5.875     0.060         5
   124.368     5.904     0.060         5
   124.522     5.940     0.060         5
   124.686     5.970     0.060         5
   124.836     6.004     0.060         5
   124.998     6.030     0.060         5
   125.162     6.052     0.060         5
   125.313     6.083     0.060         5
   125.474     6.100     0.060         5
   125.635     6.133     0.060         5
   125.786     6.160     0.060         5
   125.947     6.184     0.060         5
   126.098     6.212     0.060         5
   126.248     6.241     0.060         5
   126.410     6.256     0.060         5
   126.560     6.281     0.060         5
   126.722     6.316     0.060         5
   126.872     6.327     0.060         5
   127.343     6.410     0.060         5
   128.281     6.566     0.060         5
   129.086     6.691     0.060         5
   129.411     6.743     0.060         5
   130.052     6.851     0.060         5
   130.692     6.953     0.060         5
   131.330     7.052     0.060         5
   131.491     7.080     0.060         5
   131.970     7.160     0.060         5
   132.621     7.268     0.060         5
   133.100     7.348     0.060         5
   133.751     7.467     0.060         5
   134.564     7.608     0.060         5
   135.043     7.699     0.060         5
   136.157     7.892     0.060         5
   136.472     7.956     0.060         5
   136.948     8.049     0.060         5
   137.263     8.117     0.060         5
   137.574     8.169     0.060         5
   138.215     8.298     0.060         5
   138.366     8.330     0.060         5
   138.688     8.390     0.060         5
   139.003     8.442     0.060         5
   139.329     8.494     0.060         5
   139.490     8.514     0.060         5
   139.966     8.586     0.060         5
   140.127     8.614     0.060         5
   140.614     8.690     0.060         5
   141.090     8.766     0.060         5
   141.416     8.813     0.060         5
   141.900     8.893     0.060         5
   142.225     8.941     0.060         5
   142.701     9.017     0.060         5
   143.016     9.057     0.060         5
   143.339     9.100     0.060         5
   143.664     9.140     0.060         5
   143.987     9.184     0.060         5
   144.624     9.259     0.060         5
   144.786     9.274     0.060         5
   145.434     9.370     0.060         5
   146.243     9.477     0.060         5
   146.881     9.560     0.060         5
   147.354     9.636     0.060         5
   147.841     9.700     0.060         5
   148.478     9.787     0.060         5
   148.954     9.851     0.060         5
   149.745     9.954     0.060         5
   150.224    10.017     0.060         5
   150.851    10.105     0.060         5
   151.470    10.197     0.060         5
   151.931    10.260     0.060         5
   219.871    20.462     0.060         5
   220.277    20.555     0.060         5
   220.680    20.681     0.060         5
   221.097    20.790     0.060         5
   221.500    20.883     0.060         5
   221.928    20.980     0.060         5
   222.344    21.072     0.060         5
   222.775    21.186     0.060         5
   223.205    21.307     0.060         5
   223.496    21.413     0.060         5
   223.786    21.461     0.060         5
   224.077    21.525     0.060         5
   224.227    21.553     0.060         5
   224.657    21.675     0.060         5
   224.948    21.772     0.060         5
   225.389    21.869     0.060         5
   225.679    21.925     0.060         5
   225.830    21.970     0.060         5
   226.123    22.059     0.060         5
   226.564    22.156     0.060         5
   226.855    22.212     0.060         5
   227.145    22.285     0.060         5
   227.586    22.361     0.060         5
   227.877    22.409     0.060         5
   228.167    22.465     0.060         5
   228.608    22.562     0.060         5
   228.888    22.610     0.060         5
   229.179    22.658     0.060         5
   229.595    22.726     0.060         5
   229.746    22.754     0.060         5
   230.023    22.814     0.060         5
   230.439    22.895     0.060         5
   230.856    22.979     0.060         5
   231.283    23.043     0.060         5
   231.700    23.127     0.060         5
   232.128    23.199     0.060         5
   232.558    23.271     0.060         5
   232.845    23.344     0.060         5
   233.125    23.421     0.060         5
   233.552    23.468     0.060         5
   233.832    23.525     0.060         5
   234.252    23.584     0.060         5
   234.669    23.651     0.060         5
   235.379    23.766     0.060         5
   235.809    23.828     0.060         5
   236.239    23.880     0.060         5
   236.673    23.936     0.060         5
   237.251    24.024     0.060         5
   237.832    24.113     0.060         5
   238.423    24.218     0.060         5
   238.724    24.247     0.060         5
   239.039    24.294     0.060         5
   239.343    24.318     0.060         5
   239.658    24.341     0.060         5
   240.134    24.407     0.060         5
   240.744    24.510     0.060         5
   241.507    24.588     0.060         5
   241.668    24.595     0.060         5
   242.274    24.661     0.060         5
   242.414    24.660     0.060         5
   243.131    24.769     0.060         5
   244.015    24.873     0.060         5
   244.622    24.985     0.060         5
   244.769    24.973     0.060         5
   245.976    25.117     0.060         5
   246.734    25.228     0.060         5
   246.888    25.275     0.060         5
   247.052    25.272     0.060         5
   247.520    25.332     0.060         5
   248.297    25.436     0.060         5
   249.236    25.567     0.060         5
   249.709    25.616     0.060         5
   250.470    25.725     0.060         5
   250.939    25.775     0.060         5
   251.410    25.842     0.060         5
   252.045    25.949     0.060         5
   252.199    25.931     0.060         5
   253.009    26.033     0.060         5
   253.634    26.104     0.060         5
   254.096    26.126     0.060         5
   255.036    26.218     0.060         5
   255.810    26.309     0.060         5
   257.047    26.428     0.060         5
   258.167    26.535     0.060         5
   258.801    26.566     0.060         5
   259.116    26.573     0.060         5
   259.592    26.592     0.060         5
   260.229    26.630     0.060         5
   261.339    26.692     0.060         5
   261.812    26.736     0.060         5
   262.460    26.783     0.060         5
   263.433    26.888     0.060         5
   263.906    26.932     0.060         5
   264.562    27.047     0.060         5
   265.053    27.105     0.060         5
   265.383    27.175     0.060         5
   266.043    27.255     0.060         5
   266.537    27.320     0.060         5
   266.863    27.376     0.060         5
   267.346    27.436     0.060         5
   268.473    27.576     0.060         5
   268.955    27.628     0.060         5
   269.750    27.719     0.060         5
   270.558    27.829     0.060         5
   271.204    27.887     0.060         5
   272.162    28.007     0.060         5
   272.649    28.056     0.060         5
   273.616    28.163     0.060         5
   274.422    28.237     0.060         5
   274.912    28.260     0.060         5
   275.412    28.295     0.060         5
   275.737    28.311     0.060         5
   276.887    28.472     0.060         5
   278.163    28.599     0.060         5
   279.447    28.677     0.060         5
   281.056    28.794     0.060         5
   282.172    28.868     0.060         5
   283.452    28.946     0.060         5
   284.890    29.060     0.060         5
   286.652    29.247     0.060         5
   288.101    29.344     0.060         5
   289.557    29.462     0.060         5
   290.527    29.566     0.060         5
   291.830    29.708     0.060         5
   293.253    29.910     0.060         5
   295.278    30.242     0.060         5
   297.432    30.578     0.060         5
   299.114    30.828     0.060         5
   300.332    31.014     0.060         5
   247.671    26.504     0.060         8
   248.147    26.484     0.060         8
   248.297    26.531     0.060         8
   248.770    26.564     0.060         8
   249.859    26.679     0.060         8
   250.785    26.774     0.060         8
   251.574    26.835     0.060         8
   252.527    26.913     0.060         8
   253.480    27.008     0.060         8
   254.096    27.034     0.060         8
   255.187    27.105     0.060         8
   255.971    27.181     0.060         8
   256.584    27.198     0.060         8
   257.369    27.218     0.060         8
   257.842    27.243     0.060         8
   258.640    27.266     0.060         8
   259.592    27.323     0.060         8
   260.229    27.355     0.060         8
   260.552    27.360     0.060         8
   261.178    27.387     0.060         8
   261.812    27.432     0.060         8
   262.624    27.515     0.060         8
   263.433    27.594     0.060         8
   264.562    27.713     0.060         8
   265.552    27.816     0.060         8
   266.376    27.900     0.060         8
   267.024    27.973     0.060         8
   267.672    28.004     0.060         8
   268.320    28.060     0.060         8
   268.801    28.106     0.060         8
   269.596    28.118     0.060         8
   270.558    28.190     0.060         8
   271.519    28.251     0.060         8
   272.488    28.322     0.060         8
   273.616    28.392     0.060         8
   274.586    28.471     0.060         8
   275.573    28.553     0.060         8
   276.227    28.588     0.060         8
   113.671     3.499     0.060        10
   113.832     3.552     0.060        10
   113.997     3.595     0.060        10
   114.147     3.643     0.060        10
   114.309     3.692     0.060        10
   114.470     3.740     0.060        10
   114.634     3.785     0.060        10
   114.795     3.827     0.060        10
   114.957     3.864     0.060        10
   115.118     3.918     0.060        10
   115.279     3.959     0.060        10
   115.441     4.005     0.060        10
   115.602     4.050     0.060        10
   115.763     4.096     0.060        10
   115.924     4.142     0.060        10
   116.086     4.183     0.060        10
   116.244     4.229     0.060        10
   116.395     4.269     0.060        10
   116.556     4.311     0.060        10
   116.714     4.352     0.060        10
   116.876     4.394     0.060        10
   117.026     4.434     0.060        10
   117.188     4.476     0.060        10
   117.346     4.517     0.060        10
   117.497     4.554     0.060        10
   228.608    26.177     0.060        12
   229.746    26.271     0.060        12
   231.283    26.422     0.060        12
   232.985    26.543     0.060        12
   235.099    26.741     0.060        12
   236.813    26.875     0.060        12
   238.423    27.025     0.060        12
   239.970    27.102     0.060        12
   242.994    27.383     0.060        12
   244.313    27.481     0.060        12
   245.688    27.620     0.060        12
   246.734    27.694     0.060        12
   247.835    27.756     0.060        12
   250.317    27.936     0.060        12
   250.939    27.971     0.060        12
   252.527    28.080     0.060        12
   253.795    28.162     0.060        12
   254.878    28.223     0.060        12
   255.498    28.262     0.060        12
   256.434    28.320     0.060        12
   258.167    28.446     0.060        12
   258.801    28.485     0.060        12
   259.915    28.575     0.060        12
   260.863    28.617     0.060        12
   262.624    28.754     0.060        12
   263.745    28.820     0.060        12
   265.222    28.922     0.060        12
   266.043    28.976     0.060        12
   267.511    29.069     0.060        12
   268.158    29.116     0.060        12
   269.119    29.195     0.060        12
   270.074    29.257     0.060        12
   270.876    29.333     0.060        12
   271.837    29.395     0.060        12
   274.422    29.554     0.060        12
   275.073    29.601     0.060        12
   276.227    29.662     0.060        12
   277.529    29.727     0.060        12
   278.649    29.793     0.060        12
   279.773    29.859     0.060        12
   281.381    29.960     0.060        12
   283.603    30.124     0.060        12
   285.684    30.261     0.060        12
   286.813    30.326     0.060        12
   288.262    30.424     0.060        12
   289.879    30.562     0.060        12
   292.785    30.885     0.060        12
   294.347    31.081     0.060        12
   296.964    31.438     0.060        12
   298.040    31.615     0.060        12
   299.575    31.823     0.060        12
   301.382    32.122     0.060        12
   304.060    32.573     0.060        12
   306.259    32.965     0.060        12
   308.598    33.347     0.060        12
   311.105    33.750     0.060        12
   312.355    33.972     0.060        12
   314.220    34.291     0.060        12
   315.779    34.565     0.060        12
   317.350    34.819     0.060        12
   318.159    34.964     0.060        12
   320.523    35.326     0.060        12
   322.370    35.628     0.060        12
   323.451    35.822     0.060        12
   324.825    36.068     0.060        12
   326.384    36.330     0.060        12
   328.108    36.612     0.060        12
   329.358    36.843     0.060        12
   330.436    37.024     0.060        12
   331.829    37.274     0.060        12
   333.072    37.480     0.060        12
   335.373    37.859     0.060        12
   337.288    38.177     0.060        12
   338.719    38.407     0.060        12
   341.092    38.752     0.060        12
   344.133    39.198     0.060        12
   346.354    39.486     0.060        12
   297.582    30.367     0.060        13
   298.358    30.473     0.060        13
   299.114    30.577     0.060        13
   299.575    30.625     0.060        13
   300.332    30.736     0.060        13
   301.084    30.813     0.060        13
   301.863    30.942     0.060        13
   303.286    31.125     0.060        13
   304.060    31.249     0.060        13
   305.159    31.395     0.060        13
   306.259    31.531     0.060        13
   307.511    31.687     0.060        13
   308.913    31.863     0.060        13
   309.848    31.986     0.060        13
   310.632    32.086     0.060        13
   311.105    32.153     0.060        13
   311.882    32.242     0.060        13
   312.355    32.316     0.060        13
   313.293    32.432     0.060        13
   314.070    32.556     0.060        13
   315.155    32.692     0.060        13
   316.241    32.828     0.060        13
   317.039    32.928     0.060        13
   317.834    33.014     0.060        13
   119.729     5.820     0.060        14
   120.051     5.888     0.060        14
   120.374     5.948     0.060        14
   120.697     6.024     0.060        14
   121.184     6.116     0.060        14
   121.509     6.163     0.060        14
   121.985     6.260     0.060        14
   122.147     6.280     0.060        14
   122.472     6.365     0.060        14
   122.798     6.424     0.060        14
   122.959     6.468     0.060        14
   123.271     6.544     0.060        14
   123.733     6.624     0.060        14
   124.368     6.716     0.060        14
   124.686     6.772     0.060        14
   125.162     6.829     0.060        14
   125.635     6.922     0.060        14
   126.098     7.013     0.060        14
   126.560     7.113     0.060        14
   126.872     7.149     0.060        14
   127.181     7.229     0.060        14
   127.805     7.344     0.060        14
   128.281     7.421     0.060        14
   128.771     7.501     0.060        14
   129.250     7.578     0.060        14
   129.737     7.659     0.060        14
   130.213     7.735     0.060        14
   130.692     7.799     0.060        14
   131.018     7.852     0.060        14
   131.330     7.912     0.060        14
   131.655     7.973     0.060        14
   132.131     8.062     0.060        14
   132.457     8.106     0.060        14
   132.621     8.146     0.060        14
   132.947     8.215     0.060        14
   133.426     8.296     0.060        14
   133.913     8.385     0.060        14
   134.238     8.450     0.060        14
   134.725     8.559     0.060        14
   134.889     8.612     0.060        14
   135.204     8.700     0.060        14
   135.680     8.785     0.060        14
   135.995     8.857     0.060        14
   136.633     8.962     0.060        14
   136.948     9.017     0.060        14
   137.424     9.101     0.060        14
   138.051     9.209     0.060        14
   138.688     9.317     0.060        14
   138.852     9.341     0.060        14
   139.167     9.394     0.060        14
   139.654     9.473     0.060        14
   139.966     9.517     0.060        14
   140.614     9.615     0.060        14
   140.929     9.652     0.060        14
   141.577     9.752     0.060        14
   142.064     9.820     0.060        14
   142.701     9.908     0.060        14
   142.866     9.935     0.060        14
   143.503    10.008     0.060        14
   143.664    10.042     0.060        14
   143.826    10.054     0.060        14
   144.148    10.102     0.060        14
   144.624    10.169     0.060        14
   145.272    10.269     0.060        14
   145.595    10.325     0.060        14
   146.082    10.405     0.060        14
   146.716    10.505     0.060        14
   147.354    10.584     0.060        14
   147.841    10.648     0.060        14
   148.317    10.711     0.060        14
   148.642    10.751     0.060        14
   149.115    10.822     0.060        14
   149.581    10.857     0.060        14
   150.060    10.927     0.060        14
   150.536    11.001     0.060        14
   150.690    11.008     0.060        14
   151.005    11.035     0.060        14
   219.592    21.441     0.060        14
   219.871    21.527     0.060        14
   220.148    21.583     0.060        14
   220.554    21.692     0.060        14
   220.820    21.777     0.060        14
   220.957    21.814     0.060        14
   221.363    21.907     0.060        14
   221.788    22.012     0.060        14
   222.068    22.093     0.060        14
   222.495    22.198     0.060        14
   222.775    22.266     0.060        14
   222.925    22.307     0.060        14
   223.205    22.371     0.060        14
   223.356    22.420     0.060        14
   223.646    22.480     0.060        14
   223.937    22.578     0.060        14
   224.227    22.642     0.060        14
   224.518    22.699     0.060        14
   224.808    22.780     0.060        14
   225.098    22.852     0.060        14
   225.529    22.982     0.060        14
   225.830    23.075     0.060        14
   225.973    23.095     0.060        14
   226.274    23.151     0.060        14
   226.564    23.228     0.060        14
   226.855    23.304     0.060        14
   227.296    23.398     0.060        14
   227.586    23.452     0.060        14
   227.877    23.533     0.060        14
   228.167    23.566     0.060        14
   228.318    23.600     0.060        14
   228.608    23.667     0.060        14
   228.748    23.733     0.060        14
   229.028    23.767     0.060        14
   229.318    23.798     0.060        14
   229.746    23.869     0.060        14
   230.160    23.964     0.060        14
   230.439    24.013     0.060        14
   230.716    24.061     0.060        14
   230.993    24.134     0.060        14
   231.423    24.220     0.060        14
   231.560    24.258     0.060        14
   231.851    24.308     0.060        14
   232.128    24.354     0.060        14
   232.558    24.429     0.060        14
   232.985    24.508     0.060        14
   233.265    24.591     0.060        14
   233.416    24.580     0.060        14
   233.692    24.628     0.060        14
   233.972    24.690     0.060        14
   234.252    24.740     0.060        14
   234.529    24.782     0.060        14
   234.809    24.840     0.060        14
   235.099    24.874     0.060        14
   235.379    24.938     0.060        14
   235.669    24.984     0.060        14
   235.949    25.051     0.060        14
   236.239    25.080     0.060        14
   236.522    25.164     0.060        14
   236.673    25.181     0.060        14
   236.963    25.229     0.060        14
   237.251    25.262     0.060        14
   237.692    25.338     0.060        14
   237.982    25.394     0.060        14
   238.273    25.420     0.060        14
   238.574    25.468     0.060        14
   238.886    25.492     0.060        14
   239.343    25.554     0.060        14
   239.504    25.582     0.060        14
   239.819    25.634     0.060        14
   239.970    25.658     0.060        14
   240.134    25.700     0.060        14
   240.443    25.702     0.060        14
   240.593    25.747     0.060        14
   241.056    25.799     0.060        14
   241.206    25.823     0.060        14
   241.507    25.842     0.060        14
   241.668    25.843     0.060        14
   242.120    25.890     0.060        14
   242.553    25.962     0.060        14
   242.844    25.985     0.060        14
   243.282    26.054     0.060        14
   243.857    26.105     0.060        14
   245.976    26.353     0.060        14
   247.986    26.605     0.060        14
   250.163    26.877     0.060        14
   252.681    27.156     0.060        14
   254.257    27.273     0.060        14
   256.735    27.482     0.060        14
   258.801    27.635     0.060        14
   260.229    27.745     0.060        14
   261.812    27.879     0.060        14
   264.081    28.130     0.060        14
   266.043    28.324     0.060        14
   267.833    28.507     0.060        14
   269.750    28.681     0.060        14
   271.355    28.856     0.060        14
   272.488    28.939     0.060        14
   274.586    29.104     0.060        14
   276.062    29.238     0.060        14
   277.206    29.349     0.060        14
   278.810    29.475     0.060        14
   280.738    29.690     0.060        14
   281.217    29.684     0.060        14
   283.288    29.911     0.060        14
   284.890    30.037     0.060        14
   301.382    31.993     0.060        15
   303.437    32.239     0.060        15
   305.783    32.574     0.060        15
   308.291    32.942     0.060        15
   309.848    33.152     0.060        15
   312.355    33.479     0.060        15
   313.905    33.717     0.060        15
   315.005    33.853     0.060        15
   316.241    34.023     0.060        15
   118.443     6.790     0.060        24
   118.604     6.901     0.060        24
   119.242     7.155     0.060        24
   119.567     7.291     0.060        24
   119.890     7.368     0.060        24
   120.213     7.503     0.060        24
   120.535     7.618     0.060        24
   121.022     7.785     0.060        24
   121.345     7.921     0.060        24
   121.832     8.089     0.060        24
   122.147     8.224     0.060        24
   122.798     8.458     0.060        24
   123.110     8.622     0.060        24
   123.271     8.708     0.060        24
   123.733     8.864     0.060        24
   124.207     9.021     0.060        24
   124.522     9.163     0.060        24
   124.998     9.334     0.060        24
   129.086    10.864     0.060        24
   129.888    11.091     0.060        24
   130.213    11.204     0.060        24
   130.692    11.322     0.060        24
   134.077    12.362     0.060        24
   134.889    12.558     0.060        24
   135.366    12.714     0.060        24
   135.995    12.857     0.060        24
   136.472    13.007     0.060        24
   137.098    13.181     0.060        24
   137.900    13.412     0.060        24
   138.366    13.599     0.060        24
   139.167    13.806     0.060        24
   141.577    14.490     0.060        24
   142.064    14.628     0.060        24
   142.701    14.790     0.060        24
   143.016    14.912     0.060        24
   143.664    15.078     0.060        24
   144.148    15.205     0.060        24
   144.624    15.320     0.060        24
   145.272    15.486     0.060        24
   146.082    15.651     0.060        24
   146.243    15.732     0.060        24
   149.266    16.546     0.060        24
   149.906    16.703     0.060        24
   150.375    16.821     0.060        24
   219.046    34.834     0.060        24
   219.871    35.035     0.060        24
   220.680    35.195     0.060        24
   221.500    35.400     0.060        24
   222.204    35.570     0.060        24
   222.775    35.711     0.060        24
   224.518    36.137     0.060        24
   225.389    36.302     0.060        24
   225.830    36.419     0.060        24
   226.414    36.547     0.060        24
   227.005    36.656     0.060        24
   229.595    37.358     0.060        24
   230.160    37.481     0.060        24
   230.439    37.561     0.060        24
   230.993    37.675     0.060        24
   231.283    37.759     0.060        24
   231.988    37.919     0.060        24
     0.000     0.000     0.000        -1
