    42.860    -1.000     0.000         0
    39.170     2.816     0.060         1
    39.331     2.720     0.060         1
    39.492     2.636     0.060         1
    39.657     2.548     0.060         1
    39.818     2.466     0.060         1
    39.983     2.384     0.060         1
    40.144     2.304     0.060         1
    40.305     2.228     0.060         1
    40.470     2.160     0.060         1
    40.631     2.088     0.060         1
    40.792     2.020     0.060         1
    40.967     1.945     0.060         1
    41.128     1.883     0.060         1
    41.286     1.827     0.060         1
    41.448     1.776     0.060         1
    41.598     1.738     0.060         1
    41.759     1.700     0.060         1
    41.920     1.654     0.060         1
    42.081     1.624     0.060         1
    42.241     1.606     0.060         1
    42.416     1.578     0.060         1
    42.564     1.580     0.060         1
    42.718     1.568     0.060         1
    42.796     1.578     0.060         1
    40.967     2.293     0.060         2
    41.128     2.237     0.060         2
    41.286     2.196     0.060         2
    41.448     2.158     0.060         2
    41.598     2.129     0.060         2
    41.759     2.105     0.060         2
    41.920     2.071     0.060         2
    42.081     2.041     0.060         2
    42.241     2.033     0.060         2
    42.416     2.024     0.060         2
    42.564     2.028     0.060         2
    42.718     2.020     0.060         2
    42.796     2.022     0.060         2
     3.097     9.448     0.060         5
     3.233     9.428     0.060         5
     3.394     9.404     0.060         5
     3.559     9.385     0.060         5
     3.720     9.349     0.060         5
     3.881     9.337     0.060         5
     4.056     9.313     0.060         5
     4.218     9.301     0.060         5
     4.379     9.269     0.060         5
     4.543     9.245     0.060         5
     4.705     9.238     0.060         5
     4.880     9.210     0.060         5
     5.041     9.186     0.060         5
     5.205     9.179     0.060         5
     5.370     9.164     0.060         5
     5.542     9.125     0.060         5
     5.706     9.095     0.060         5
     5.868     9.063     0.060         5
     6.029     9.051     0.060         5
     6.190     9.017     0.060         5
     6.341     8.999     0.060         5
     6.505     8.989     0.060         5
     6.664     8.963     0.060         5
     6.825     8.941     0.060         5
     6.986     8.928     0.060         5
     7.148     8.892     0.060         5
     7.309     8.880     0.060         5
     7.467     8.866     0.060         5
     7.629     8.818     0.060         5
     7.790     8.807     0.060         5
     7.952     8.772     0.060         5
     8.116     8.739     0.060         5
     8.277     8.722     0.060         5
     8.442     8.684     0.060         5
     8.603     8.667     0.060         5
     8.778     8.642     0.060         5
     8.939     8.621     0.060         5
     9.104     8.603     0.060         5
     9.268     8.578     0.060         5
     9.429     8.545     0.060         5
     9.591     8.542     0.060         5
     9.752     8.518     0.060         5
     9.914     8.502     0.060         5
    10.075     8.470     0.060         5
    10.236     8.439     0.060         5
    10.387     8.406     0.060         5
    10.548     8.369     0.060         5
    10.716     8.349     0.060         5
    10.880     8.331     0.060         5
    11.044     8.310     0.060         5
    11.209     8.286     0.060         5
    11.381     8.266     0.060         5
    11.545     8.230     0.060         5
    11.706     8.194     0.060         5
    11.881     8.190     0.060         5
    12.043     8.167     0.060         5
    12.207     8.140     0.060         5
    12.379     8.121     0.060         5
    12.544     8.090     0.060         5
    12.705     8.067     0.060         5
    12.866     8.055     0.060         5
    13.028     8.036     0.060         5
    13.186     8.000     0.060         5
    13.347     7.977     0.060         5
    13.506     7.962     0.060         5
    13.656     7.926     0.060         5
    13.818     7.904     0.060         5
    13.979     7.871     0.060         5
    14.143     7.843     0.060         5
    14.305     7.820     0.060         5
    14.458     7.791     0.060         5
    14.620     7.773     0.060         5
    14.784     7.744     0.060         5
    14.946     7.715     0.060         5
    15.110     7.709     0.060         5
    15.271     7.680     0.060         5
    15.436     7.646     0.060         5
    15.600     7.625     0.060         5
    15.751     7.583     0.060         5
    15.923     7.578     0.060         5
    16.087     7.556     0.060         5
    16.248     7.532     0.060         5
    16.413     7.515     0.060         5
    16.574     7.482     0.060         5
    16.738     7.461     0.060         5
    16.910     7.437     0.060         5
    17.075     7.404     0.060         5
    17.236     7.383     0.060         5
    17.398     7.358     0.060         5
    17.559     7.337     0.060         5
    17.710     7.313     0.060         5
    17.871     7.280     0.060         5
    18.032     7.263     0.060         5
    18.183     7.235     0.060         5
    18.341     7.214     0.060         5
    18.503     7.177     0.060         5
    18.656     7.155     0.060         5
    18.818     7.129     0.060         5
    18.979     7.099     0.060         5
    19.130     7.081     0.060         5
    19.291     7.056     0.060         5
    19.442     7.034     0.060         5
    19.603     7.004     0.060         5
    19.754     6.986     0.060         5
    19.915     6.947     0.060         5
    20.066     6.928     0.060         5
    20.216     6.902     0.060         5
    20.378     6.879     0.060         5
    20.532     6.860     0.060         5
    20.693     6.838     0.060         5
    20.844     6.807     0.060         5
    21.008     6.793     0.060         5
    21.159     6.758     0.060         5
    21.320     6.739     0.060         5
    21.474     6.713     0.060         5
    21.635     6.686     0.060         5
    21.786     6.668     0.060         5
    21.947     6.647     0.060         5
    22.101     6.621     0.060         5
    22.251     6.604     0.060         5
    22.402     6.582     0.060         5
    22.566     6.548     0.060         5
    22.717     6.523     0.060         5
    22.878     6.501     0.060         5
    23.032     6.468     0.060         5
    23.193     6.451     0.060         5
    23.344     6.414     0.060         5
    23.506     6.401     0.060         5
    23.656     6.364     0.060         5
    23.821     6.331     0.060         5
    23.982     6.310     0.060         5
    24.130     6.273     0.060         5
    24.291     6.251     0.060         5
    24.442     6.222     0.060         5
    24.600     6.195     0.060         5
    24.761     6.175     0.060         5
    24.923     6.148     0.060         5
    25.073     6.124     0.060         5
    25.232     6.096     0.060         5
    25.393     6.073     0.060         5
    25.544     6.049     0.060         5
    25.705     6.022     0.060         5
    25.856     5.994     0.060         5
    26.017     5.966     0.060         5
    26.168     5.939     0.060         5
    26.329     5.912     0.060         5
    26.480     5.885     0.060         5
    26.641     5.850     0.060         5
    26.795     5.822     0.060         5
    26.956     5.798     0.060         5
    27.117     5.770     0.060         5
    27.268     5.738     0.060         5
    27.432     5.714     0.060         5
    27.594     5.690     0.060         5
    27.744     5.666     0.060         5
    27.906     5.639     0.060         5
    28.067     5.620     0.060         5
    28.218     5.588     0.060         5
    28.379     5.569     0.060         5
    28.543     5.538     0.060         5
    28.694     5.513     0.060         5
    28.859     5.483     0.060         5
    29.020     5.450     0.060         5
    29.184     5.425     0.060         5
    29.335     5.399     0.060         5
    29.496     5.370     0.060         5
    29.661     5.339     0.060         5
    29.822     5.320     0.060         5
    29.973     5.292     0.060         5
    30.131     5.269     0.060         5
    30.285     5.242     0.060         5
    30.446     5.217     0.060         5
    30.610     5.188     0.060         5
    30.761     5.160     0.060         5
    30.922     5.131     0.060         5
    31.076     5.106     0.060         5
    31.237     5.074     0.060         5
    31.388     5.046     0.060         5
    31.552     5.014     0.060         5
    31.714     4.981     0.060         5
    31.878     4.944     0.060         5
    32.032     4.911     0.060         5
    32.196     4.878     0.060         5
    32.358     4.840     0.060         5
    32.522     4.801     0.060         5
    32.683     4.762     0.060         5
    32.845     4.723     0.060         5
    33.006     4.690     0.060         5
    33.157     4.662     0.060         5
    33.318     4.633     0.060         5
    33.482     4.600     0.060         5
    33.644     4.567     0.060         5
    33.808     4.529     0.060         5
    33.969     4.492     0.060         5
    34.131     4.455     0.060         5
    34.292     4.421     0.060         5
    34.456     4.382     0.060         5
    34.618     4.343     0.060         5
    34.782     4.307     0.060         5
    34.943     4.268     0.060         5
    35.108     4.221     0.060         5
    35.280     4.196     0.060         5
    35.444     4.171     0.060         5
    35.605     4.128     0.060         5
    35.767     4.089     0.060         5
    35.931     4.038     0.060         5
    36.092     3.998     0.060         5
    36.254     3.957     0.060         5
    36.415     3.912     0.060         5
    36.584     3.871     0.060         5
    36.745     3.827     0.060         5
    36.907     3.786     0.060         5
    37.057     3.735     0.060         5
     4.056     9.942     0.060        14
     4.543     9.859     0.060        14
     4.880     9.819     0.060        14
     5.041     9.799     0.060        14
     5.205     9.779     0.060        14
     5.542     9.735     0.060        14
     5.868     9.666     0.060        14
     6.190     9.623     0.060        14
     6.505     9.575     0.060        14
     6.664     9.551     0.060        14
     7.148     9.487     0.060        14
     7.467     9.418     0.060        14
     7.629     9.388     0.060        14
     8.116     9.309     0.060        14
     8.603     9.241     0.060        14
     8.939     9.195     0.060        14
     9.268     9.126     0.060        14
     9.752     9.047     0.060        14
    10.236     8.991     0.060        14
    10.548     8.935     0.060        14
    11.209     8.834     0.060        14
    11.545     8.778     0.060        14
    11.881     8.722     0.060        14
    12.379     8.641     0.060        14
    13.028     8.532     0.060        14
    13.656     8.436     0.060        14
    14.458     8.315     0.060        14
    14.784     8.261     0.060        14
    15.436     8.171     0.060        14
    16.087     8.082     0.060        14
    16.248     8.052     0.060        14
    16.574     7.989     0.060        14
    17.075     7.933     0.060        14
    17.398     7.879     0.060        14
    18.183     7.769     0.060        14
    18.656     7.706     0.060        14
    19.291     7.608     0.060        14
    19.754     7.519     0.060        14
    20.066     7.475     0.060        14
    20.532     7.402     0.060        14
    20.844     7.340     0.060        14
    21.159     7.285     0.060        14
    21.474     7.241     0.060        14
    21.947     7.170     0.060        14
    22.402     7.092     0.060        14
    22.878     7.027     0.060        14
    23.506     6.915     0.060        14
    23.982     6.834     0.060        14
    24.130     6.810     0.060        14
    24.600     6.734     0.060        14
    24.761     6.702     0.060        14
    25.232     6.629     0.060        14
    25.856     6.529     0.060        14
    26.329     6.443     0.060        14
    26.795     6.367     0.060        14
    26.956     6.348     0.060        14
    27.268     6.278     0.060        14
    27.744     6.198     0.060        14
    28.379     6.082     0.060        14
    28.859     6.008     0.060        14
    29.335     5.927     0.060        14
    29.822     5.842     0.060        14
    30.446     5.738     0.060        14
    30.761     5.676     0.060        14
    31.237     5.589     0.060        14
    31.878     5.451     0.060        14
    32.358     5.345     0.060        14
    33.006     5.215     0.060        14
    33.482     5.128     0.060        14
    33.808     5.049     0.060        14
    34.292     4.952     0.060        14
    34.782     4.826     0.060        14
    35.280     4.736     0.060        14
    35.767     4.595     0.060        14
    36.254     4.448     0.060        14
     7.148    14.303     0.060        24
     7.467    14.200     0.060        24
     7.790    14.109     0.060        24
     7.952    14.112     0.060        24
     8.116    14.070     0.060        24
     8.277    14.049     0.060        24
     8.442    14.014     0.060        24
     8.603    13.980     0.060        24
     8.778    13.894     0.060        24
     8.939    13.856     0.060        24
     9.104    13.834     0.060        24
     9.268    13.799     0.060        24
     9.429    13.716     0.060        24
     9.591    13.679     0.060        24
     9.752    13.633     0.060        24
     9.914    13.587     0.060        24
    10.075    13.569     0.060        24
    10.236    13.535     0.060        24
    10.387    13.506     0.060        24
    10.548    13.452     0.060        24
    10.716    13.433     0.060        24
    10.880    13.383     0.060        24
    11.044    13.397     0.060        24
    11.209    13.319     0.060        24
    11.381    13.236     0.060        24
    11.545    13.210     0.060        24
    11.706    13.196     0.060        24
    11.881    13.154     0.060        24
    12.043    13.130     0.060        24
    12.207    13.077     0.060        24
    12.379    13.048     0.060        24
    12.544    12.983     0.060        24
    12.705    12.950     0.060        24
    12.866    12.913     0.060        24
    13.028    12.843     0.060        24
    13.186    12.798     0.060        24
    13.347    12.744     0.060        24
    13.506    12.730     0.060        24
    13.656    12.665     0.060        24
    13.818    12.648     0.060        24
    13.979    12.614     0.060        24
    14.143    12.576     0.060        24
    14.305    12.550     0.060        24
    14.458    12.493     0.060        24
    14.620    12.414     0.060        24
    14.784    12.376     0.060        24
    14.946    12.353     0.060        24
    15.110    12.323     0.060        24
    15.271    12.292     0.060        24
    15.436    12.261     0.060        24
    15.600    12.218     0.060        24
    15.751    12.189     0.060        24
    15.923    12.145     0.060        24
    16.087    12.097     0.060        24
    16.248    12.003     0.060        24
    16.413    12.016     0.060        24
    16.574    11.938     0.060        24
    16.738    11.948     0.060        24
    16.910    11.876     0.060        24
    17.075    11.814     0.060        24
    17.236    11.779     0.060        24
    17.398    11.737     0.060        24
    17.559    11.688     0.060        24
    17.710    11.648     0.060        24
    17.871    11.599     0.060        24
    18.032    11.554     0.060        24
    18.183    11.522     0.060        24
    18.341    11.486     0.060        24
    18.503    11.445     0.060        24
    18.656    11.409     0.060        24
    18.818    11.364     0.060        24
    18.979    11.323     0.060        24
    19.130    11.271     0.060        24
    19.291    11.230     0.060        24
    19.442    11.182     0.060        24
    19.603    11.152     0.060        24
    19.754    11.114     0.060        24
    19.915    11.076     0.060        24
    20.066    11.015     0.060        24
    20.216    10.982     0.060        24
    20.378    10.919     0.060        24
    20.532    10.870     0.060        24
    20.693    10.828     0.060        24
    20.844    10.780     0.060        24
    21.008    10.738     0.060        24
    21.159    10.701     0.060        24
    21.320    10.635     0.060        24
    21.474    10.586     0.060        24
    21.635    10.549     0.060        24
    21.786    10.513     0.060        24
    21.947    10.464     0.060        24
    22.101    10.420     0.060        24
    22.251    10.384     0.060        24
    22.402    10.335     0.060        24
    22.566    10.291     0.060        24
    22.717    10.259     0.060        24
    22.878    10.246     0.060        24
    23.032    10.198     0.060        24
    23.193    10.153     0.060        24
    23.344    10.113     0.060        24
    23.506    10.072     0.060        24
    23.656    10.024     0.060        24
    23.821     9.988     0.060        24
    23.982     9.959     0.060        24
    24.130     9.936     0.060        24
    24.291     9.903     0.060        24
    24.442     9.859     0.060        24
    24.600     9.819     0.060        24
    24.761     9.787     0.060        24
    24.923     9.747     0.060        24
    25.073     9.713     0.060        24
    25.232     9.670     0.060        24
    25.393     9.594     0.060        24
    25.544     9.547     0.060        24
    25.705     9.503     0.060        24
    25.856     9.467     0.060        24
    26.017     9.422     0.060        24
    26.168     9.378     0.060        24
    26.329     9.333     0.060        24
    26.480     9.282     0.060        24
    26.641     9.209     0.060        24
    26.795     9.170     0.060        24
    26.956     9.141     0.060        24
    27.117     9.101     0.060        24
    27.268     9.057     0.060        24
    27.432     9.008     0.060        24
    27.594     8.956     0.060        24
    27.744     8.901     0.060        24
    27.906     8.856     0.060        24
    28.067     8.803     0.060        24
    28.218     8.740     0.060        24
    28.379     8.680     0.060        24
    28.543     8.627     0.060        24
    28.694     8.600     0.060        24
    28.859     8.555     0.060        24
    29.020     8.503     0.060        24
    29.184     8.454     0.060        24
    29.335     8.403     0.060        24
    29.496     8.351     0.060        24
    29.661     8.347     0.060        24
    29.822     8.295     0.060        24
    29.973     8.157     0.060        24
    30.131     8.121     0.060        24
    30.285     8.078     0.060        24
    30.446     8.039     0.060        24
    30.610     8.002     0.060        24
    30.761     7.936     0.060        24
    30.922     7.873     0.060        24
    31.076     7.831     0.060        24
    31.237     7.787     0.060        24
    31.388     7.740     0.060        24
    31.552     7.692     0.060        24
    31.714     7.699     0.060        24
    31.878     7.651     0.060        24
    32.032     7.604     0.060        24
    32.196     7.535     0.060        24
    32.358     7.463     0.060        24
    42.860     1.000     0.000         0
    43.043     1.581     0.060         1
    43.198     1.599     0.060         1
    43.345     1.626     0.060         1
    43.505     1.652     0.060         1
    43.655     1.686     0.060         1
    43.815     1.724     0.060         1
    43.976     1.768     0.060         1
    44.129     1.816     0.060         1
    44.290     1.868     0.060         1
    44.451     1.928     0.060         1
    44.602     1.992     0.060         1
    44.763     2.064     0.060         1
    44.914     2.133     0.060         1
    45.067     2.204     0.060         1
    45.228     2.284     0.060         1
    45.392     2.366     0.060         1
    45.543     2.444     0.060         1
    45.707     2.507     0.060         1
    43.043     2.036     0.060         2
    43.198     2.054     0.060         2
    43.345     2.072     0.060         2
    43.505     2.080     0.060         2
    43.655     2.102     0.060         2
    43.815     2.124     0.060         2
    43.976     2.166     0.060         2
    44.129     2.196     0.060         2
    44.290     2.240     0.060         2
    44.451     2.287     0.060         2
    44.602     2.339     0.060         2
    44.763     2.388     0.060         2
    44.914     2.446     0.060         2
    45.067     2.499     0.060         2
    45.228     2.546     0.060         2
    48.371     3.550     0.060         5
    48.532     3.601     0.060         5
    48.683     3.631     0.060         5
    48.847     3.668     0.060         5
    48.998     3.697     0.060         5
    49.159     3.737     0.060         5
    49.320     3.776     0.060         5
    49.471     3.810     0.060         5
    49.632     3.845     0.060         5
    49.794     3.882     0.060         5
    49.944     3.930     0.060         5
    50.098     3.974     0.060         5
    50.259     4.015     0.060         5
    50.413     4.060     0.060         5
    50.574     4.098     0.060         5
    50.739     4.142     0.060         5
    50.886     4.168     0.060         5
    51.048     4.214     0.060         5
    51.206     4.245     0.060         5
    51.357     4.282     0.060         5
    51.518     4.316     0.060         5
    51.672     4.371     0.060         5
    51.833     4.419     0.060         5
    51.984     4.460     0.060         5
    52.145     4.504     0.060         5
    52.293     4.550     0.060         5
    52.443     4.601     0.060         5
    52.605     4.661     0.060         5
    52.755     4.703     0.060         5
    52.906     4.744     0.060         5
    53.067     4.781     0.060         5
    53.218     4.821     0.060         5
    53.369     4.861     0.060         5
    53.519     4.901     0.060         5
    53.670     4.938     0.060         5
    53.821     4.970     0.060         5
    53.974     5.009     0.060         5
    54.125     5.040     0.060         5
    54.276     5.071     0.060         5
    54.429     5.106     0.060         5
    54.580     5.137     0.060         5
    54.734     5.172     0.060         5
    54.884     5.199     0.060         5
    55.035     5.234     0.060         5
    55.186     5.265     0.060         5
    55.339     5.292     0.060         5
    55.501     5.323     0.060         5
    55.651     5.353     0.060         5
    55.805     5.376     0.060         5
    55.955     5.402     0.060         5
    56.106     5.429     0.060         5
    56.260     5.451     0.060         5
    56.421     5.478     0.060         5
    56.572     5.517     0.060         5
    56.722     5.548     0.060         5
    56.881     5.580     0.060         5
    57.031     5.615     0.060         5
    57.182     5.655     0.060         5
    57.343     5.674     0.060         5
    57.494     5.702     0.060         5
    57.655     5.725     0.060         5
    57.806     5.754     0.060         5
    57.957     5.779     0.060         5
    58.107     5.816     0.060         5
    58.258     5.845     0.060         5
    58.409     5.874     0.060         5
    58.567     5.890     0.060         5
    58.718     5.922     0.060         5
    58.868     5.950     0.060         5
    59.016     5.978     0.060         5
    59.177     6.002     0.060         5
    59.331     6.028     0.060         5
    59.482     6.051     0.060         5
    59.643     6.077     0.060         5
    59.794     6.095     0.060         5
    59.944     6.122     0.060         5
    60.106     6.145     0.060         5
    60.256     6.165     0.060         5
    60.407     6.196     0.060         5
    60.565     6.235     0.060         5
    60.716     6.266     0.060         5
    60.867     6.291     0.060         5
    61.020     6.319     0.060         5
    61.171     6.351     0.060         5
    61.314     6.375     0.060         5
    61.468     6.407     0.060         5
    61.618     6.443     0.060         5
    61.772     6.476     0.060         5
    61.923     6.501     0.060         5
    62.076     6.522     0.060         5
    62.227     6.546     0.060         5
    62.381     6.571     0.060         5
    62.531     6.608     0.060         5
    62.685     6.633     0.060         5
    62.839     6.661     0.060         5
    62.989     6.678     0.060         5
    63.143     6.703     0.060         5
    63.286     6.727     0.060         5
    63.440     6.748     0.060         5
    63.590     6.769     0.060         5
    63.733     6.806     0.060         5
    63.887     6.827     0.060         5
    64.041     6.860     0.060         5
    64.181     6.880     0.060         5
    64.334     6.905     0.060         5
    64.485     6.933     0.060         5
    64.636     6.970     0.060         5
    64.794     6.982     0.060         5
    64.942     7.020     0.060         5
    65.089     7.039     0.060         5
    65.250     7.064     0.060         5
    65.398     7.085     0.060         5
    65.546     7.106     0.060         5
    65.707     7.136     0.060         5
    65.858     7.172     0.060         5
    66.008     7.215     0.060         5
    66.167     7.231     0.060         5
    66.314     7.248     0.060         5
    66.473     7.264     0.060         5
    66.620     7.297     0.060         5
    66.782     7.317     0.060         5
    66.929     7.354     0.060         5
    67.077     7.398     0.060         5
    67.228     7.411     0.060         5
    67.381     7.439     0.060         5
    67.532     7.464     0.060         5
    67.693     7.484     0.060         5
    67.844     7.504     0.060         5
    67.995     7.532     0.060         5
    68.148     7.560     0.060         5
    68.310     7.576     0.060         5
    68.460     7.608     0.060         5
    68.619     7.628     0.060         5
    68.769     7.660     0.060         5
    68.920     7.688     0.060         5
    69.081     7.708     0.060         5
    69.232     7.744     0.060         5
    69.393     7.768     0.060         5
    69.544     7.800     0.060         5
    69.697     7.824     0.060         5
    69.859     7.844     0.060         5
    70.006     7.870     0.060         5
    70.171     7.892     0.060         5
    70.321     7.922     0.060         5
    70.483     7.956     0.060         5
    70.636     7.994     0.060         5
    70.798     8.012     0.060         5
    70.948     8.039     0.060         5
    71.110     8.062     0.060         5
    71.260     8.093     0.060         5
    71.422     8.112     0.060         5
    71.572     8.135     0.060         5
    71.731     8.169     0.060         5
    71.892     8.188     0.060         5
    72.043     8.217     0.060         5
    72.207     8.237     0.060         5
    72.358     8.254     0.060         5
    72.511     8.279     0.060         5
    72.673     8.300     0.060         5
    72.826     8.324     0.060         5
    72.988     8.349     0.060         5
    73.138     8.370     0.060         5
    73.300     8.415     0.060         5
    73.450     8.436     0.060         5
    73.614     8.477     0.060         5
    73.768     8.490     0.060         5
    73.929     8.515     0.060         5
    74.091     8.545     0.060         5
    74.241     8.578     0.060         5
    74.392     8.591     0.060         5
    74.543     8.624     0.060         5
    74.693     8.642     0.060         5
    74.844     8.665     0.060         5
    74.992     8.691     0.060         5
    75.142     8.717     0.060         5
    75.293     8.740     0.060         5
    75.441     8.762     0.060         5
    75.602     8.788     0.060         5
    75.753     8.814     0.060         5
    75.906     8.841     0.060         5
    76.057     8.863     0.060         5
    76.221     8.881     0.060         5
    76.372     8.907     0.060         5
    76.526     8.939     0.060         5
    76.676     8.959     0.060         5
    76.830     8.975     0.060         5
    76.991     8.999     0.060         5
    77.142     9.027     0.060         5
    77.295     9.039     0.060         5
    77.457     9.064     0.060         5
    77.761     9.106     0.060         5
    77.912     9.131     0.060         5
    78.073     9.142     0.060         5
    78.224     9.166     0.060         5
    78.374     9.182     0.060         5
    78.536     9.205     0.060         5
    78.697     9.229     0.060         5
    78.848     9.257     0.060         5
    79.009     9.265     0.060         5
    79.157     9.293     0.060         5
    79.318     9.310     0.060         5
    79.469     9.343     0.060         5
    79.770     9.385     0.060         5
    79.931     9.406     0.060         5
    80.232     9.452     0.060         5
    80.394     9.470     0.060         5
    80.853     9.540     0.060         5
    81.015     9.565     0.060         5
    81.165     9.592     0.060         5
    81.628     9.678     0.060         5
    81.789     9.712     0.060         5
    81.940     9.736     0.060         5
    82.101     9.758     0.060         5
    82.260     9.792     0.060         5
    82.410     9.820     0.060         5
    82.561     9.845     0.060         5
    82.722     9.868     0.060         5
    82.884     9.902     0.060         5
    83.045     9.933     0.060         5
    83.354     9.983     0.060         5
    83.669    10.045     0.060         5
    83.819    10.067     0.060         5
    83.984    10.088     0.060         5
    84.134    10.112     0.060         5
    84.285    10.135     0.060         5
    84.449    10.158     0.060         5
    84.611    10.190     0.060         5
    84.761    10.219     0.060         5
    84.923    10.245     0.060         5
    85.238    10.288     0.060         5
    85.550    10.332     0.060         5
    85.714    10.356     0.060         5
    86.026    10.396     0.060         5
    86.176    10.420     0.060         5
    86.341    10.443     0.060         5
    86.491    10.464     0.060         5
    86.656    10.487     0.060         5
    86.806    10.503     0.060         5
    86.968    10.522     0.060         5
    87.132    10.547     0.060         5
    87.283    10.567     0.060         5
    87.444    10.582     0.060         5
    87.595    10.610     0.060         5
    87.756    10.634     0.060         5
    87.920    10.660     0.060         5
    88.071    10.684     0.060         5
    88.232    10.712     0.060         5
    88.386    10.736     0.060         5
    88.536    10.766     0.060         5
    88.698    10.794     0.060         5
    88.851    10.818     0.060         5
    89.013    10.846     0.060         5
   104.628    13.764     0.060         8
   105.108    13.814     0.060         8
   105.573    13.879     0.060         8
   105.891    13.915     0.060         8
   106.367    13.970     0.060         8
   106.830    14.020     0.060         8
   107.145    14.065     0.060         8
   107.769    14.145     0.060         8
   108.084    14.192     0.060         8
   108.543    14.253     0.060         8
   108.855    14.303     0.060         8
   109.315    14.350     0.060         8
   109.640    14.407     0.060         8
   110.103    14.492     0.060         8
   110.579    14.546     0.060         8
   111.192    14.642     0.060         8
   111.666    14.681     0.060         8
   112.128    14.737     0.060         8
   112.588    14.816     0.060         8
   113.050    14.851     0.060         8
   113.510    14.918     0.060         8
   113.832    14.966     0.060         8
   114.309    15.039     0.060         8
   114.634    15.090     0.060         8
   114.957    15.147     0.060         8
   115.279    15.182     0.060         8
   115.763    15.253     0.060         8
   116.244    15.321     0.060         8
   116.556    15.364     0.060         8
   117.026    15.449     0.060         8
   117.497    15.490     0.060         8
   117.970    15.572     0.060         8
   118.443    15.644     0.060         8
   119.080    15.713     0.060         8
   119.406    15.771     0.060         8
   119.890    15.826     0.060         8
   120.213    15.891     0.060         8
   120.535    15.934     0.060         8
   120.858    15.978     0.060         8
   121.345    16.062     0.060         8
   121.670    16.104     0.060         8
   122.146    16.185     0.060         8
   122.472    16.226     0.060         8
   122.959    16.313     0.060         8
   123.421    16.386     0.060         8
   123.733    16.445     0.060         8
   124.206    16.508     0.060         8
   124.836    16.571     0.060         8
   125.162    16.623     0.060         8
   125.474    16.628     0.060         8
   125.786    16.686     0.060         8
   126.248    16.713     0.060         8
   126.560    16.767     0.060         8
   126.872    16.792     0.060         8
   127.342    16.854     0.060         8
   127.805    16.915     0.060         8
   128.445    17.008     0.060         8
   128.607    17.034     0.060         8
   129.086    17.085     0.060         8
   129.411    17.121     0.060         8
   129.887    17.213     0.060         8
   130.528    17.305     0.060         8
   131.018    17.352     0.060         8
   131.491    17.415     0.060         8
   131.970    17.463     0.060         8
   132.296    17.519     0.060         8
   132.621    17.574     0.060         8
   132.947    17.607     0.060         8
   133.426    17.676     0.060         8
   133.751    17.751     0.060         8
   134.400    17.836     0.060         8
   134.725    17.882     0.060         8
   135.204    17.952     0.060         8
   135.530    17.992     0.060         8
   135.995    18.064     0.060         8
   136.633    18.176     0.060         8
   137.098    18.237     0.060         8
   137.575    18.321     0.060         8
   138.051    18.387     0.060         8
   138.527    18.470     0.060         8
   139.167    18.540     0.060         8
   139.490    18.591     0.060         8
   139.805    18.626     0.060         8
   140.292    18.698     0.060         8
   140.614    18.754     0.060         8
   141.090    18.826     0.060         8
   141.416    18.878     0.060         8
   141.738    18.917     0.060         8
   142.540    19.033     0.060         8
   142.866    19.080     0.060         8
   143.826    19.191     0.060         8
   104.793    14.350     0.060        12
   105.258    14.429     0.060        12
   105.891    14.517     0.060        12
   106.367    14.568     0.060        12
   106.830    14.642     0.060        12
   107.296    14.708     0.060        12
   107.769    14.762     0.060        12
   108.396    14.862     0.060        12
   108.694    14.899     0.060        12
   109.167    14.953     0.060        12
   109.315    14.993     0.060        12
   109.791    15.043     0.060        12
   110.418    15.140     0.060        12
   110.730    15.168     0.060        12
   111.192    15.234     0.060        12
   111.666    15.303     0.060        12
   112.289    15.389     0.060        12
   112.588    15.439     0.060        12
   113.050    15.505     0.060        12
   113.510    15.581     0.060        12
   113.997    15.652     0.060        12
   114.470    15.700     0.060        12
   114.957    15.739     0.060        12
   115.441    15.808     0.060        12
   115.763    15.865     0.060        12
   116.244    15.925     0.060        12
   116.556    15.987     0.060        12
   116.876    16.018     0.060        12
   117.188    16.059     0.060        12
   117.658    16.140     0.060        12
   117.970    16.182     0.060        12
   118.604    16.253     0.060        12
   118.930    16.291     0.060        12
   119.406    16.351     0.060        12
   120.051    16.451     0.060        12
   120.696    16.522     0.060        12
   120.858    16.540     0.060        12
   121.345    16.604     0.060        12
   121.670    16.655     0.060        12
   121.985    16.717     0.060        12
   122.311    16.764     0.060        12
   122.633    16.815     0.060        12
   123.109    16.900     0.060        12
   123.583    16.955     0.060        12
   124.206    17.060     0.060        12
   124.836    17.122     0.060        12
   125.312    17.160     0.060        12
   125.635    17.223     0.060        12
   125.947    17.265     0.060        12
   126.409    17.331     0.060        12
   127.030    17.427     0.060        12
   127.493    17.494     0.060        12
   127.969    17.550     0.060        12
   128.445    17.621     0.060        12
   128.921    17.690     0.060        12
   129.411    17.733     0.060        12
   129.887    17.799     0.060        12
   130.377    17.832     0.060        12
   130.692    17.853     0.060        12
   131.168    17.913     0.060        12
   131.491    17.962     0.060        12
   131.970    18.014     0.060        12
   132.457    18.094     0.060        12
   132.621    18.129     0.060        12
   133.100    18.212     0.060        12
   133.426    18.268     0.060        12
   133.913    18.345     0.060        12
   134.238    18.394     0.060        12
   134.725    18.464     0.060        12
   135.204    18.498     0.060        12
   135.680    18.593     0.060        12
   135.995    18.630     0.060        12
   136.472    18.695     0.060        12
   137.098    18.752     0.060        12
   137.575    18.797     0.060        12
   138.051    18.867     0.060        12
   138.688    18.953     0.060        12
   139.003    19.013     0.060        12
   139.490    19.086     0.060        12
   140.127    19.193     0.060        12
   140.614    19.260     0.060        12
   140.929    19.302     0.060        12
   141.577    19.412     0.060        12
   142.379    19.495     0.060        12
   143.017    19.578     0.060        12
   143.665    19.677     0.060        12
    48.998     4.439     0.060        14
    49.159     4.475     0.060        14
    49.320     4.524     0.060        14
    49.471     4.556     0.060        14
    49.632     4.596     0.060        14
    49.794     4.645     0.060        14
    49.944     4.673     0.060        14
    50.098     4.714     0.060        14
    50.259     4.754     0.060        14
    50.574     4.822     0.060        14
    50.886     4.899     0.060        14
    51.048     4.931     0.060        14
    51.206     4.977     0.060        14
    51.357     5.024     0.060        14
    51.518     5.060     0.060        14
    51.672     5.092     0.060        14
    51.833     5.119     0.060        14
    51.984     5.161     0.060        14
    52.145     5.204     0.060        14
    52.293     5.249     0.060        14
    52.443     5.299     0.060        14
    52.605     5.350     0.060        14
    52.755     5.404     0.060        14
    52.906     5.446     0.060        14
    53.067     5.489     0.060        14
    53.218     5.529     0.060        14
    53.369     5.565     0.060        14
    53.519     5.610     0.060        14
    53.670     5.638     0.060        14
    53.821     5.674     0.060        14
    53.974     5.720     0.060        14
    54.125     5.763     0.060        14
    54.276     5.796     0.060        14
    54.429     5.832     0.060        14
    54.580     5.868     0.060        14
    54.734     5.895     0.060        14
    54.884     5.925     0.060        14
    55.035     5.952     0.060        14
    55.186     5.978     0.060        14
    55.339     6.013     0.060        14
    55.501     6.039     0.060        14
    55.651     6.070     0.060        14
    55.805     6.100     0.060        14
    55.955     6.123     0.060        14
    56.106     6.145     0.060        14
    56.260     6.168     0.060        14
    56.421     6.199     0.060        14
    56.572     6.230     0.060        14
    56.722     6.256     0.060        14
    56.881     6.287     0.060        14
    57.031     6.326     0.060        14
    57.182     6.339     0.060        14
    57.343     6.359     0.060        14
    57.494     6.395     0.060        14
    57.655     6.415     0.060        14
    57.806     6.459     0.060        14
    57.957     6.486     0.060        14
    58.107     6.525     0.060        14
    58.258     6.540     0.060        14
    58.409     6.570     0.060        14
    58.567     6.603     0.060        14
    58.718     6.628     0.060        14
    58.868     6.661     0.060        14
    59.016     6.702     0.060        14
    59.177     6.727     0.060        14
    59.331     6.751     0.060        14
    59.482     6.776     0.060        14
    59.643     6.797     0.060        14
    59.794     6.814     0.060        14
    59.944     6.835     0.060        14
    60.106     6.852     0.060        14
    60.256     6.889     0.060        14
    60.407     6.921     0.060        14
    60.565     6.954     0.060        14
    60.716     6.979     0.060        14
    60.867     6.992     0.060        14
    61.020     7.013     0.060        14
    61.171     7.046     0.060        14
    61.314     7.071     0.060        14
    61.468     7.107     0.060        14
    61.618     7.131     0.060        14
    61.772     7.159     0.060        14
    61.923     7.195     0.060        14
    62.076     7.224     0.060        14
    62.227     7.240     0.060        14
    62.381     7.264     0.060        14
    62.531     7.308     0.060        14
    62.685     7.320     0.060        14
    62.839     7.352     0.060        14
    62.989     7.376     0.060        14
    63.143     7.400     0.060        14
    63.286     7.420     0.060        14
    63.440     7.440     0.060        14
    63.590     7.472     0.060        14
    63.733     7.496     0.060        14
    63.887     7.536     0.060        14
    64.041     7.548     0.060        14
    64.181     7.584     0.060        14
    64.334     7.600     0.060        14
    64.485     7.624     0.060        14
    64.636     7.640     0.060        14
    64.794     7.668     0.060        14
    64.942     7.701     0.060        14
    65.089     7.725     0.060        14
    65.250     7.765     0.060        14
    65.398     7.789     0.060        14
    65.546     7.813     0.060        14
    65.707     7.836     0.060        14
    65.858     7.861     0.060        14
    66.008     7.888     0.060        14
    66.167     7.893     0.060        14
    66.314     7.917     0.060        14
    66.473     7.945     0.060        14
    66.620     7.965     0.060        14
    66.782     7.988     0.060        14
    66.929     8.012     0.060        14
    67.077     8.041     0.060        14
    67.228     8.065     0.060        14
    67.381     8.091     0.060        14
    67.532     8.111     0.060        14
    67.693     8.139     0.060        14
    67.844     8.163     0.060        14
    67.995     8.179     0.060        14
    68.148     8.211     0.060        14
    68.310     8.219     0.060        14
    68.460     8.243     0.060        14
    68.619     8.280     0.060        14
    68.769     8.314     0.060        14
    68.920     8.324     0.060        14
    69.081     8.347     0.060        14
    69.232     8.366     0.060        14
    69.393     8.428     0.060        14
    69.544     8.443     0.060        14
    69.697     8.460     0.060        14
    69.859     8.487     0.060        14
    70.006     8.515     0.060        14
    70.171     8.555     0.060        14
    70.321     8.587     0.060        14
    70.483     8.599     0.060        14
    70.636     8.635     0.060        14
    70.798     8.655     0.060        14
    70.948     8.663     0.060        14
    71.110     8.711     0.060        14
    71.260     8.731     0.060        14
    71.422     8.755     0.060        14
    71.572     8.763     0.060        14
    71.731     8.827     0.060        14
    71.892     8.845     0.060        14
    72.043     8.879     0.060        14
    72.207     8.887     0.060        14
    72.358     8.910     0.060        14
    72.511     8.933     0.060        14
    72.673     8.952     0.060        14
    72.826     8.975     0.060        14
    72.988     8.994     0.060        14
    73.138     9.018     0.060        14
    73.300     9.070     0.060        14
    73.450     9.058     0.060        14
    73.614     9.122     0.060        14
    73.768     9.126     0.060        14
    73.929     9.162     0.060        14
    74.091     9.174     0.060        14
    74.241     9.194     0.060        14
    74.392     9.210     0.060        14
    74.543     9.242     0.060        14
    74.693     9.278     0.060        14
    74.844     9.306     0.060        14
    74.992     9.330     0.060        14
    75.142     9.358     0.060        14
    75.293     9.378     0.060        14
    75.441     9.398     0.060        14
    75.602     9.430     0.060        14
    75.753     9.442     0.060        14
    75.906     9.462     0.060        14
    76.057     9.498     0.060        14
    76.221     9.530     0.060        14
    76.372     9.554     0.060        14
    76.526     9.578     0.060        14
    76.676     9.606     0.060        14
    76.830     9.626     0.060        14
    76.991     9.662     0.060        14
    77.142     9.696     0.060        14
    77.295     9.710     0.060        14
    77.912     9.787     0.060        14
    78.374     9.847     0.060        14
    78.536     9.850     0.060        14
    79.009     9.910     0.060        14
    79.469     9.983     0.060        14
    79.931    10.055     0.060        14
    80.541    10.172     0.060        14
    81.316    10.272     0.060        14
    81.789    10.353     0.060        14
    82.260    10.438     0.060        14
    82.722    10.531     0.060        14
    83.354    10.623     0.060        14
    84.134    10.765     0.060        14
    84.611    10.866     0.060        14
    85.073    10.963     0.060        14
    85.714    11.060     0.060        14
    86.491    11.197     0.060        14
    86.656    11.250     0.060        14
    87.132    11.344     0.060        14
    87.595    11.420     0.060        14
    88.232    11.528     0.060        14
    88.536    11.573     0.060        14
    89.013    11.646     0.060        14
    89.317    11.681     0.060        14
    89.478    11.696     0.060        14
    89.632    11.720     0.060        14
    89.944    11.772     0.060        14
    90.259    11.817     0.060        14
    90.409    11.826     0.060        14
    90.563    11.836     0.060        14
    90.878    11.875     0.060        14
    91.193    11.907     0.060        14
    58.718     9.189     0.060        24
    59.177     9.329     0.060        24
    59.331     9.307     0.060        24
    59.794     9.493     0.060        24
    60.407     9.701     0.060        24
    61.020     9.879     0.060        24
    61.772    10.092     0.060        24
    62.685    10.337     0.060        24
    63.143    10.482     0.060        24
    63.887    10.699     0.060        24
    64.181    10.783     0.060        24
    64.334    10.839     0.060        24
    64.794    10.979     0.060        24
    65.398    11.137     0.060        24
    66.314    11.353     0.060        24
    66.782    11.491     0.060        24
    67.228    11.609     0.060        24
    67.532    11.706     0.060        24
    68.148    11.858     0.060        24
    68.619    11.992     0.060        24
    68.769    12.079     0.060        24
    69.544    12.212     0.060        24
    69.859    12.327     0.060        24
    70.321    12.467     0.060        24
    70.636    12.568     0.060        24
    71.110    12.704     0.060        24
    71.572    12.856     0.060        24
    72.043    12.947     0.060        24
    72.511    13.087     0.060        24
    72.826    13.191     0.060        24
    73.300    13.346     0.060        24
    73.614    13.445     0.060        24
    73.929    13.566     0.060        24
    74.392    13.687     0.060        24
    74.693    13.793     0.060        24
    75.142    13.956     0.060        24
    75.441    14.065     0.060        24
    75.753    14.172     0.060        24
    76.372    14.369     0.060        24
    76.830    14.509     0.060        24
    77.295    14.621     0.060        24
    77.761    14.774     0.060        24
    78.224    14.900     0.060        24
    78.536    14.973     0.060        24
    79.009    15.112     0.060        24
    79.469    15.217     0.060        24
    79.931    15.353     0.060        24
    80.394    15.483     0.060        24
    80.853    15.618     0.060        24
    81.165    15.710     0.060        24
    81.628    15.836     0.060        24
    81.940    15.938     0.060        24
    82.410    16.087     0.060        24
    82.884    16.187     0.060        24
    83.196    16.331     0.060        24
    83.508    16.371     0.060        24
    83.984    16.516     0.060        24
    84.285    16.588     0.060        24
    84.761    16.723     0.060        24
    84.923    16.752     0.060        24
    85.238    16.838     0.060        24
    85.550    16.919     0.060        24
    85.864    17.006     0.060        24
    86.176    17.103     0.060        24
    86.491    17.195     0.060        24
    87.132    17.383     0.060        24
    87.756    17.546     0.060        24
    87.920    17.620     0.060        24
    88.386    17.723     0.060        24
    88.851    17.865     0.060        24
    89.163    17.987     0.060        24
    89.317    17.961     0.060        24
   108.396    24.439     0.060        28
   108.694    24.490     0.060        28
   109.315    24.608     0.060        28
   109.791    24.701     0.060        28
   110.264    24.781     0.060        28
   110.579    24.831     0.060        28
   111.192    24.936     0.060        28
   111.504    24.976     0.060        28
   111.816    25.013     0.060        28
   112.289    25.099     0.060        28
   112.588    25.160     0.060        28
   112.900    25.228     0.060        28
   113.351    25.342     0.060        28
   113.510    25.374     0.060        28
   113.997    25.520     0.060        28
   114.795    25.710     0.060        28
   115.118    25.801     0.060        28
   115.763    25.965     0.060        28
   116.395    26.124     0.060        28
   116.876    26.228     0.060        28
   117.346    26.361     0.060        28
   118.292    26.573     0.060        28
   118.604    26.650     0.060        28
   119.242    26.804     0.060        28
   119.890    26.987     0.060        28
   120.535    27.131     0.060        28
   121.022    27.258     0.060        28
   121.509    27.385     0.060        28
   122.311    27.561     0.060        28
   122.633    27.633     0.060        28
   123.109    27.760     0.060        28
   123.895    27.932     0.060        28
   124.521    28.044     0.060        28
   125.312    28.229     0.060        28
   125.947    28.369     0.060        28
   126.560    28.496     0.060        28
   127.181    28.645     0.060        28
     0.000     0.000     0.000        -1
