   270.805    -1.000     0.000         0
   267.021     2.798     0.060         1
   267.182     2.663     0.060         1
   267.343     2.585     0.060         1
   267.508     2.510     0.060         1
   267.668     2.405     0.060         1
   267.829     2.305     0.060         1
   267.990     2.201     0.060         1
   268.154     2.110     0.060         1
   268.315     2.029     0.060         1
   268.469     1.941     0.060         1
   268.633     1.862     0.060         1
   268.797     1.784     0.060         1
   268.951     1.720     0.060         1
   269.115     1.658     0.060         1
   269.273     1.604     0.060         1
   269.426     1.555     0.060         1
   269.594     1.512     0.060         1
   269.748     1.472     0.060         1
   269.916     1.435     0.060         1
   270.073     1.407     0.060         1
   270.237     1.383     0.060         1
   270.394     1.377     0.060         1
   270.559     1.368     0.060         1
   270.711     1.358     0.060         1
   270.732     1.365     0.060         1
   268.154     2.396     0.060         2
   268.315     2.310     0.060         2
   268.469     2.256     0.060         2
   268.633     2.205     0.060         2
   268.797     2.143     0.060         2
   268.951     2.087     0.060         2
   269.115     2.038     0.060         2
   269.273     1.998     0.060         2
   269.426     1.961     0.060         2
   269.594     1.927     0.060         2
   269.748     1.905     0.060         2
   269.916     1.877     0.060         2
   270.073     1.859     0.060         2
   270.237     1.850     0.060         2
   270.559     1.794     0.060         2
   270.711     1.786     0.060         2
   270.732     1.783     0.060         2
   268.797     2.437     0.060         3
   268.951     2.396     0.060         3
   269.115     2.350     0.060         3
   269.273     2.328     0.060         3
   269.426     2.296     0.060         3
   269.594     2.247     0.060         3
   269.748     2.211     0.060         3
   269.916     2.175     0.060         3
   270.073     2.147     0.060         3
   270.237     2.127     0.060         3
   270.394     2.115     0.060         3
   270.559     2.097     0.060         3
   270.711     2.063     0.060         3
   270.732     2.062     0.060         3
    88.232    31.490     0.060         5
    89.632    31.281     0.060         5
    90.724    31.113     0.060         5
    91.974    30.914     0.060         5
    93.399    30.702     0.060         5
    94.825    30.457     0.060         5
    96.089    30.205     0.060         5
    97.042    29.988     0.060         5
    98.459    29.672     0.060         5
   100.152    29.310     0.060         5
   100.927    29.160     0.060         5
   102.147    28.965     0.060         5
   103.522    28.793     0.060         5
   105.258    28.520     0.060         5
   106.367    28.384     0.060         5
   108.084    28.125     0.060         5
   108.543    28.069     0.060         5
   109.952    27.893     0.060         5
   111.042    27.757     0.060         5
   112.289    27.611     0.060         5
   113.510    27.492     0.060         5
   114.309    27.402     0.060         5
   114.957    27.340     0.060         5
   116.395    27.128     0.060         5
   117.026    27.041     0.060         5
   225.679    11.286     0.060         5
   225.830    11.258     0.060         5
   225.973    11.238     0.060         5
   226.124    11.220     0.060         5
   226.274    11.200     0.060         5
   226.414    11.177     0.060         5
   226.565    11.157     0.060         5
   226.715    11.135     0.060         5
   226.855    11.113     0.060         5
   227.006    11.091     0.060         5
   227.145    11.077     0.060         5
   227.296    11.054     0.060         5
   227.436    11.030     0.060         5
   227.586    11.013     0.060         5
   227.737    10.998     0.060         5
   227.877    10.978     0.060         5
   228.028    10.956     0.060         5
   228.167    10.936     0.060         5
   228.318    10.918     0.060         5
   228.461    10.898     0.060         5
   228.608    10.878     0.060         5
   228.748    10.858     0.060         5
   228.888    10.842     0.060         5
   229.028    10.812     0.060         5
   229.179    10.788     0.060         5
   229.319    10.774     0.060         5
   229.458    10.764     0.060         5
   229.595    10.738     0.060         5
   229.746    10.718     0.060         5
   229.883    10.695     0.060         5
   230.023    10.676     0.060         5
   230.160    10.653     0.060         5
   230.300    10.637     0.060         5
   230.439    10.609     0.060         5
   230.576    10.601     0.060         5
   230.716    10.569     0.060         5
   230.856    10.549     0.060         5
   230.993    10.532     0.060         5
   231.133    10.505     0.060         5
   231.284    10.482     0.060         5
   231.423    10.460     0.060         5
   231.560    10.444     0.060         5
   231.700    10.428     0.060         5
   231.851    10.400     0.060         5
   231.988    10.380     0.060         5
   232.128    10.364     0.060         5
   232.268    10.336     0.060         5
   232.407    10.314     0.060         5
   232.558    10.296     0.060         5
   232.698    10.263     0.060         5
   232.845    10.239     0.060         5
   232.985    10.219     0.060         5
   233.265    10.176     0.060         5
   233.416    10.150     0.060         5
   233.553    10.112     0.060         5
   233.692    10.098     0.060         5
   233.832    10.068     0.060         5
   233.972    10.044     0.060         5
   234.112    10.016     0.060         5
   234.252    10.001     0.060         5
   234.389     9.983     0.060         5
   234.529     9.950     0.060         5
   234.669     9.924     0.060         5
   234.809     9.904     0.060         5
   234.949     9.865     0.060         5
   235.099     9.835     0.060         5
   235.529     9.754     0.060         5
   235.809     9.695     0.060         5
   236.100     9.611     0.060         5
   236.522     9.522     0.060         5
   236.813     9.434     0.060         5
   237.100     9.375     0.060         5
   237.251     9.335     0.060         5
   237.692     9.242     0.060         5
   237.982     9.183     0.060         5
   238.273     9.127     0.060         5
   238.574     9.085     0.060         5
   239.039     9.031     0.060         5
   239.504     8.969     0.060         5
   239.819     8.915     0.060         5
   240.295     8.840     0.060         5
   240.443     8.812     0.060         5
   240.744     8.762     0.060         5
   241.206     8.696     0.060         5
   241.669     8.628     0.060         5
   242.120     8.572     0.060         5
   242.554     8.513     0.060         5
   243.131     8.439     0.060         5
   243.857     8.357     0.060         5
   244.015     8.323     0.060         5
   244.163     8.298     0.060         5
   244.313     8.256     0.060         5
   244.461     8.240     0.060         5
   244.622     8.203     0.060         5
   244.769     8.186     0.060         5
   244.931     8.152     0.060         5
   245.078     8.122     0.060         5
   245.239     8.098     0.060         5
   245.387     8.063     0.060         5
   245.537     8.049     0.060         5
   245.688     8.022     0.060         5
   245.825     7.999     0.060         5
   245.975     7.973     0.060         5
   246.129     7.957     0.060         5
   246.269     7.935     0.060         5
   246.430     7.908     0.060         5
   246.584     7.881     0.060         5
   246.734     7.846     0.060         5
   246.888     7.815     0.060         5
   247.052     7.775     0.060         5
   247.203     7.741     0.060         5
   247.367     7.705     0.060         5
   247.520     7.653     0.060         5
   247.671     7.610     0.060         5
   247.835     7.581     0.060         5
   247.986     7.551     0.060         5
   248.147     7.522     0.060         5
   248.297     7.497     0.060         5
   248.609     7.425     0.060         5
   248.770     7.385     0.060         5
   248.921     7.365     0.060         5
   249.085     7.335     0.060         5
   249.236     7.307     0.060         5
   249.397     7.278     0.060         5
   249.547     7.246     0.060         5
   249.709     7.215     0.060         5
   249.859     7.185     0.060         5
   250.013     7.150     0.060         5
   250.163     7.116     0.060         5
   250.317     7.085     0.060         5
   250.470     7.050     0.060         5
   250.632     7.023     0.060         5
   250.785     6.980     0.060         5
   250.939     6.941     0.060         5
   251.103     6.906     0.060         5
   251.256     6.867     0.060         5
   251.410     6.829     0.060         5
   251.574     6.797     0.060         5
   251.728     6.755     0.060         5
   251.881     6.725     0.060         5
   252.045     6.693     0.060         5
   252.199     6.659     0.060         5
   252.363     6.631     0.060         5
   252.527     6.596     0.060         5
   252.681     6.557     0.060         5
   252.845     6.517     0.060         5
   253.009     6.477     0.060         5
   253.173     6.441     0.060         5
   253.327     6.406     0.060         5
   253.480     6.367     0.060         5
   253.634     6.329     0.060         5
   253.795     6.289     0.060         5
   253.945     6.247     0.060         5
   254.096     6.208     0.060         5
   254.257     6.167     0.060         5
   254.416     6.130     0.060         5
   254.566     6.086     0.060         5
   254.727     6.049     0.060         5
   254.878     6.009     0.060         5
   255.036     5.968     0.060         5
   255.187     5.928     0.060         5
   255.348     5.891     0.060         5
   255.498     5.855     0.060         5
   255.660     5.818     0.060         5
   255.810     5.782     0.060         5
   255.971     5.749     0.060         5
   256.122     5.714     0.060         5
   256.273     5.683     0.060         5
   256.434     5.650     0.060         5
   256.584     5.603     0.060         5
   256.735     5.560     0.060         5
   256.896     5.511     0.060         5
   257.047     5.460     0.060         5
   257.208     5.412     0.060         5
   257.369     5.363     0.060         5
   257.520     5.317     0.060         5
   257.681     5.270     0.060         5
   257.842     5.218     0.060         5
   258.006     5.170     0.060         5
   258.167     5.118     0.060         5
   258.329     5.075     0.060         5
   258.479     5.033     0.060         5
   258.640     4.990     0.060         5
   258.802     4.948     0.060         5
   258.966     4.909     0.060         5
   259.116     4.863     0.060         5
   259.277     4.821     0.060         5
   259.439     4.778     0.060         5
   259.592     4.736     0.060         5
   259.753     4.693     0.060         5
   259.915     4.654     0.060         5
   260.068     4.611     0.060         5
   260.229     4.572     0.060         5
   260.391     4.536     0.060         5
   260.552     4.501     0.060         5
   260.702     4.464     0.060         5
   260.864     4.430     0.060         5
   261.014     4.393     0.060         5
   261.178     4.350     0.060         5
   261.339     4.308     0.060         5
   261.490     4.259     0.060         5
   261.651     4.212     0.060         5
   261.812     4.166     0.060         5
   261.977     4.127     0.060         5
   262.138     4.092     0.060         5
   262.299     4.061     0.060         5
   262.460     4.026     0.060         5
   262.624     3.995     0.060         5
   262.786     3.899     0.060         5
   262.947     3.864     0.060         5
   263.111     3.829     0.060         5
   263.272     3.798     0.060         5
   263.433     3.763     0.060         5
   263.584     3.733     0.060         5
   263.745     3.696     0.060         5
   263.906     3.658     0.060         5
   264.081     3.620     0.060         5
   264.242     3.574     0.060         5
   264.401     3.541     0.060         5
   264.562     3.504     0.060         5
   264.733     3.469     0.060         5
   264.892     3.433     0.060         5
   265.053     3.395     0.060         5
   265.221     3.337     0.060         5
   265.383     3.296     0.060         5
   265.551     3.258     0.060         5
   265.712     3.227     0.060         5
   265.881     3.184     0.060         5
   266.042     3.140     0.060         5
   118.766    27.224     0.060         8
   119.729    27.096     0.060         8
   120.374    27.016     0.060         8
   121.022    26.965     0.060         8
   122.146    26.842     0.060         8
   123.109    26.722     0.060         8
   123.895    26.626     0.060         8
   124.836    26.497     0.060         8
   126.098    26.317     0.060         8
   127.181    26.156     0.060         8
   127.805    26.072     0.060         8
   128.771    25.948     0.060         8
   129.576    25.839     0.060         8
   130.213    25.743     0.060         8
   131.655    25.571     0.060         8
   132.457    25.471     0.060         8
   133.752    25.336     0.060         8
   135.043    25.180     0.060         8
   136.307    25.049     0.060         8
   137.575    24.889     0.060         8
   138.527    24.777     0.060         8
   139.329    24.694     0.060         8
   140.292    24.557     0.060         8
   142.064    24.288     0.060         8
   143.178    24.115     0.060         8
   143.826    24.026     0.060         8
   144.786    23.873     0.060         8
   145.434    23.769     0.060         8
   145.918    23.696     0.060         8
   146.716    23.559     0.060         8
   147.679    23.435     0.060         8
   148.317    23.310     0.060         8
   149.115    23.168     0.060         8
   149.745    23.055     0.060         8
   150.060    22.974     0.060         8
   150.690    22.853     0.060         8
   151.309    22.736     0.060         8
   151.931    22.602     0.060         8
   152.399    22.492     0.060         8
   152.717    22.395     0.060         8
   153.329    22.261     0.060         8
   153.786    22.172     0.060         8
   154.244    22.071     0.060         8
   154.694    21.965     0.060         8
   155.001    21.855     0.060         8
    18.656    39.263     0.060        13
    19.914    39.116     0.060        13
    21.319    38.940     0.060        13
    22.401    38.804     0.060        13
    23.820    38.636     0.060        13
    25.855    38.389     0.060        13
    27.744    38.153     0.060        13
    29.496    37.941     0.060        13
    31.877    37.654     0.060        13
    33.643    37.354     0.060        13
    33.807    37.414     0.060        13
    35.766    37.149     0.060        13
    35.930    37.089     0.060        13
    37.057    36.966     0.060        13
    39.169    36.720     0.060        13
    40.967    36.507     0.060        13
    41.286    36.421     0.060        13
    43.811    36.117     0.060        13
    46.172    35.826     0.060        13
    48.371    35.562     0.060        13
    51.672    35.186     0.060        13
    53.670    35.006     0.060        13
    55.501    34.829     0.060        13
    58.258    34.548     0.060        13
    60.256    34.343     0.060        13
    62.381    34.138     0.060        13
    64.040    33.981     0.060        13
    65.858    33.804     0.060        13
    67.228    33.682     0.060        13
    68.769    33.533     0.060        13
    70.636    33.352     0.060        13
    71.892    33.217     0.060        13
    73.450    33.093     0.060        13
    74.844    32.967     0.060        13
    76.221    32.821     0.060        13
    77.761    32.671     0.060        13
    79.931    32.416     0.060        13
    54.125    36.697     0.060        14
    55.186    36.598     0.060        14
    57.032    36.382     0.060        14
    61.171    35.883     0.060        14
    62.227    35.751     0.060        14
    64.334    35.503     0.060        14
    66.473    35.268     0.060        14
    68.460    35.070     0.060        14
    73.300    34.466     0.060        14
    76.057    34.105     0.060        14
    79.770    33.625     0.060        14
    81.789    33.356     0.060        14
    83.984    33.031     0.060        14
    86.341    32.735     0.060        14
    90.409    32.111     0.060        14
    93.238    31.677     0.060        14
    94.825    31.411     0.060        14
    97.515    30.960     0.060        14
   101.081    30.400     0.060        14
   101.689    30.324     0.060        14
   106.042    29.747     0.060        14
   108.234    29.438     0.060        14
   109.006    29.342     0.060        14
   112.900    28.858     0.060        14
   115.925    28.495     0.060        14
   118.604    28.192     0.060        14
   121.831    27.788     0.060        14
   124.998    27.359     0.060        14
   127.969    26.974     0.060        14
   131.168    26.558     0.060        14
   133.913    26.197     0.060        14
   137.739    25.701     0.060        14
   140.614    25.291     0.060        14
   143.016    24.909     0.060        14
   146.243    24.443     0.060        14
   148.478    24.031     0.060        14
   150.224    23.695     0.060        14
   152.717    23.152     0.060        14
   155.462    22.577     0.060        14
   226.124    11.935     0.060        14
   226.715    11.858     0.060        14
   227.145    11.811     0.060        14
   227.586    11.742     0.060        14
   227.877    11.694     0.060        14
   228.461    11.601     0.060        14
   229.179    11.484     0.060        14
   229.746    11.370     0.060        14
   230.160    11.319     0.060        14
   230.576    11.266     0.060        14
   231.284    11.179     0.060        14
   231.700    11.098     0.060        14
   232.268    11.006     0.060        14
   232.558    10.947     0.060        14
   233.265    10.824     0.060        14
   233.692    10.764     0.060        14
   233.972    10.686     0.060        14
   234.669    10.584     0.060        14
   235.379    10.502     0.060        14
   235.809    10.402     0.060        14
   236.382    10.320     0.060        14
   236.813    10.246     0.060        14
   237.100    10.187     0.060        14
   237.541    10.115     0.060        14
   237.982    10.030     0.060        14
   238.423     9.965     0.060        14
   238.886     9.893     0.060        14
   239.343     9.802     0.060        14
   239.819     9.723     0.060        14
   239.970     9.684     0.060        14
   240.593     9.603     0.060        14
   240.894     9.540     0.060        14
   241.669     9.429     0.060        14
   242.274     9.353     0.060        14
   242.844     9.257     0.060        14
   243.282     9.183     0.060        14
   243.717     9.091     0.060        14
   244.461     8.970     0.060        14
   244.769     8.901     0.060        14
   245.239     8.825     0.060        14
   245.825     8.744     0.060        14
   246.430     8.621     0.060        14
   247.052     8.465     0.060        14
   247.367     8.378     0.060        14
   247.671     8.314     0.060        14
   248.147     8.221     0.060        14
   248.770     8.112     0.060        14
   249.236     7.995     0.060        14
   249.709     7.898     0.060        14
   250.163     7.813     0.060        14
   250.470     7.749     0.060        14
   251.103     7.606     0.060        14
   251.410     7.541     0.060        14
   251.574     7.505     0.060        14
   252.045     7.387     0.060        14
   252.527     7.294     0.060        14
   253.009     7.146     0.060        14
   253.480     7.042     0.060        14
   253.634     6.976     0.060        14
   254.096     6.875     0.060        14
   254.257     6.831     0.060        14
   254.566     6.745     0.060        14
   254.878     6.656     0.060        14
   255.187     6.549     0.060        14
   255.660     6.424     0.060        14
   255.971     6.355     0.060        14
   256.273     6.257     0.060        14
   256.735     6.143     0.060        14
   257.047     6.070     0.060        14
   257.369     5.972     0.060        14
   257.681     5.897     0.060        14
   258.006     5.826     0.060        14
   258.329     5.762     0.060        14
   258.640     5.672     0.060        14
   258.802     5.611     0.060        14
   259.116     5.530     0.060        14
   259.439     5.440     0.060        14
   259.753     5.351     0.060        14
   260.068     5.262     0.060        14
   260.552     5.160     0.060        14
   260.702     5.127     0.060        14
   260.864     5.082     0.060        14
   261.178     5.001     0.060        14
   261.490     4.898     0.060        14
   261.977     4.802     0.060        14
   262.460     4.684     0.060        14
   262.947     4.608     0.060        14
   263.111     4.542     0.060        14
   263.584     4.429     0.060        14
   264.242     4.228     0.060        14
   264.562     4.099     0.060        14
   265.053     4.014     0.060        14
   265.221     4.052     0.060        14
    57.806    35.356     0.060        16
    62.685    34.806     0.060        16
    65.707    34.442     0.060        16
    67.077    34.320     0.060        16
    71.260    33.800     0.060        16
    74.091    33.468     0.060        16
    76.830    33.149     0.060        16
    81.789    32.542     0.060        16
    85.073    32.109     0.060        16
    88.536    31.640     0.060        16
    90.563    31.347     0.060        16
    94.513    30.756     0.060        16
    96.727    30.467     0.060        16
    99.539    30.066     0.060        16
   100.927    29.854     0.060        16
   102.763    29.610     0.060        16
   104.152    29.434     0.060        16
   105.573    29.301     0.060        16
   105.727    29.314     0.060        16
   106.830    29.162     0.060        16
   108.084    29.064     0.060        16
   109.952    28.861     0.060        16
   111.354    28.705     0.060        16
   112.900    28.517     0.060        16
   114.309    28.366     0.060        16
   116.244    28.167     0.060        16
   117.658    28.041     0.060        16
   118.930    27.914     0.060        16
   120.858    27.756     0.060        16
   122.633    27.660     0.060        16
   124.521    27.560     0.060        16
   126.560    27.428     0.060        16
   129.086    27.297     0.060        16
   131.330    27.190     0.060        16
   133.752    27.063     0.060        16
   135.204    27.015     0.060        16
   136.787    27.029     0.060        16
   138.688    26.950     0.060        16
   140.292    26.873     0.060        16
   234.252    15.690     0.060        24
   234.669    15.561     0.060        24
   235.099    15.428     0.060        24
   235.949    15.236     0.060        24
   236.382    15.121     0.060        24
   237.100    14.961     0.060        24
   237.391    14.904     0.060        24
   238.122    14.756     0.060        24
   238.423    14.688     0.060        24
   238.886    14.575     0.060        24
   239.190    14.459     0.060        24
   239.504    14.376     0.060        24
   239.819    14.263     0.060        24
   240.295    14.141     0.060        24
   240.744    14.022     0.060        24
   241.354    13.849     0.060        24
   241.970    13.713     0.060        24
   242.274    13.607     0.060        24
   242.994    13.447     0.060        24
   243.569    13.338     0.060        24
   244.313    13.174     0.060        24
   244.622    13.068     0.060        24
   245.239    12.928     0.060        24
   245.688    12.812     0.060        24
   245.975    12.727     0.060        24
   246.430    12.629     0.060        24
   246.584    12.558     0.060        24
   247.052    12.434     0.060        24
   247.367    12.326     0.060        24
   247.835    12.203     0.060        24
   248.609    11.956     0.060        24
   249.085    11.794     0.060        24
   249.547    11.580     0.060        24
   250.013    11.397     0.060        24
   250.317    11.239     0.060        24
   250.785    11.079     0.060        24
   251.103    10.937     0.060        24
   251.410    10.825     0.060        24
   251.728    10.666     0.060        24
   252.045    10.482     0.060        24
   252.363    10.351     0.060        24
   252.845    10.193     0.060        24
   253.634     9.886     0.060        24
   254.096     9.689     0.060        24
   254.727     9.437     0.060        24
   270.805     1.000     0.000         0
   271.041     1.379     0.060         1
   271.205     1.404     0.060         1
   271.355     1.433     0.060         1
   271.684     1.513     0.060         1
   271.837     1.554     0.060         1
   271.998     1.605     0.060         1
   272.163     1.660     0.060         1
   272.323     1.714     0.060         1
   272.488     1.786     0.060         1
   272.649     1.874     0.060         1
   272.810     1.974     0.060         1
   272.971     2.046     0.060         1
   273.132     2.118     0.060         1
   273.293     2.198     0.060         1
   273.454     2.295     0.060         1
   273.615     2.400     0.060         1
   273.776     2.485     0.060         1
   273.938     2.616     0.060         1
   271.041     1.797     0.060         2
   271.205     1.814     0.060         2
   271.355     1.846     0.060         2
   271.519     1.874     0.060         2
   271.684     1.916     0.060         2
   271.837     1.937     0.060         2
   271.998     1.974     0.060         2
   272.163     2.019     0.060         2
   272.323     2.068     0.060         2
   272.488     2.117     0.060         2
   271.041     2.066     0.060         3
   271.205     2.094     0.060         3
   271.355     2.123     0.060         3
   271.519     2.155     0.060         3
   271.684     2.181     0.060         3
   271.837     2.215     0.060         3
   271.998     2.235     0.060         3
   272.163     2.283     0.060         3
   272.323     2.315     0.060         3
   273.938     2.574     0.060         5
   274.099     2.602     0.060         5
   274.260     2.635     0.060         5
   274.421     2.667     0.060         5
   274.585     2.669     0.060         5
   274.746     2.691     0.060         5
   274.911     2.706     0.060         5
   275.072     2.710     0.060         5
   275.236     2.722     0.060         5
   275.411     2.736     0.060         5
   275.572     2.756     0.060         5
   275.736     2.775     0.060         5
   275.901     2.798     0.060         5
   276.062     2.825     0.060         5
   276.226     2.850     0.060         5
   276.398     2.887     0.060         5
   276.556     2.924     0.060         5
   276.728     2.956     0.060         5
   276.886     2.987     0.060         5
   277.047     3.019     0.060         5
   277.205     3.070     0.060         5
   277.367     3.097     0.060         5
   277.528     3.123     0.060         5
   277.678     3.157     0.060         5
   277.840     3.191     0.060         5
   278.001     3.225     0.060         5
   278.162     3.249     0.060         5
   278.323     3.273     0.060         5
   278.487     3.301     0.060         5
   278.649     3.333     0.060         5
   278.810     3.373     0.060         5
   278.974     3.401     0.060         5
   279.124     3.425     0.060         5
   279.286     3.421     0.060         5
   279.447     3.441     0.060         5
   279.611     3.469     0.060         5
   279.772     3.494     0.060         5
   279.933     3.514     0.060         5
   280.098     3.539     0.060         5
   280.262     3.563     0.060         5
   280.412     3.589     0.060         5
   280.576     3.607     0.060         5
   280.738     3.624     0.060         5
   280.891     3.654     0.060         5
   281.055     3.684     0.060         5
   281.216     3.709     0.060         5
   281.381     3.735     0.060         5
   281.542     3.760     0.060         5
   281.695     3.782     0.060         5
   281.856     3.812     0.060         5
   282.021     3.837     0.060         5
   282.171     3.855     0.060         5
   282.332     3.881     0.060         5
   282.496     3.902     0.060         5
   282.647     3.925     0.060         5
   282.811     3.946     0.060         5
   282.972     3.964     0.060         5
   283.126     3.987     0.060         5
   283.287     4.009     0.060         5
   283.451     4.027     0.060         5
   283.602     4.049     0.060         5
   283.763     4.067     0.060         5
   283.927     4.094     0.060         5
   284.088     4.116     0.060         5
   284.239     4.136     0.060         5
   284.403     4.150     0.060         5
   284.564     4.173     0.060         5
   284.728     4.188     0.060         5
   284.890     4.206     0.060         5
   285.043     4.238     0.060         5
   285.204     4.260     0.060         5
   285.368     4.283     0.060         5
   285.530     4.307     0.060         5
   285.683     4.335     0.060         5
   285.847     4.363     0.060         5
   286.011     4.391     0.060         5
   286.173     4.419     0.060         5
   286.326     4.443     0.060         5
   286.487     4.484     0.060         5
   286.652     4.492     0.060         5
   286.813     4.516     0.060         5
   286.977     4.532     0.060         5
   287.138     4.554     0.060         5
   287.302     4.588     0.060         5
   287.463     4.622     0.060         5
   287.625     4.641     0.060         5
   287.789     4.659     0.060         5
   287.939     4.675     0.060         5
   288.100     4.687     0.060         5
   288.262     4.703     0.060         5
   288.420     4.710     0.060         5
   288.581     4.726     0.060         5
   288.742     4.742     0.060         5
   288.903     4.758     0.060         5
   289.065     4.768     0.060         5
   289.226     4.787     0.060         5
   289.387     4.810     0.060         5
   289.556     4.824     0.060         5
   289.717     4.846     0.060         5
   289.878     4.864     0.060         5
   290.039     4.886     0.060         5
   290.201     4.909     0.060         5
   290.365     4.927     0.060         5
   290.526     4.953     0.060         5
   290.687     4.983     0.060         5
   290.848     5.017     0.060         5
   291.020     5.047     0.060         5
   291.181     5.069     0.060         5
   291.343     5.099     0.060         5
   291.504     5.125     0.060         5
   291.668     5.151     0.060         5
   291.829     5.174     0.060         5
   291.993     5.193     0.060         5
   292.144     5.208     0.060         5
   292.308     5.231     0.060         5
   292.469     5.269     0.060         5
   292.623     5.288     0.060         5
   292.784     5.327     0.060         5
   292.948     5.342     0.060         5
   293.098     5.377     0.060         5
   293.252     5.402     0.060         5
   293.413     5.415     0.060         5
   293.567     5.460     0.060         5
   293.717     5.493     0.060         5
   293.881     5.514     0.060         5
   294.032     5.543     0.060         5
   294.182     5.605     0.060         5
   294.346     5.642     0.060         5
   294.497     5.666     0.060         5
   294.648     5.711     0.060         5
   294.812     5.740     0.060         5
   294.962     5.760     0.060         5
   295.113     5.789     0.060         5
   295.277     5.816     0.060         5
   295.427     5.846     0.060         5
   295.578     5.881     0.060         5
   295.731     5.911     0.060         5
   295.882     5.950     0.060         5
   296.043     5.987     0.060         5
   296.194     6.020     0.060         5
   296.347     6.064     0.060         5
   296.498     6.101     0.060         5
   296.662     6.130     0.060         5
   296.812     6.163     0.060         5
   296.963     6.191     0.060         5
   297.116     6.218     0.060         5
   297.278     6.253     0.060         5
   297.431     6.280     0.060         5
   297.582     6.306     0.060         5
   297.735     6.337     0.060         5
   297.889     6.364     0.060         5
   298.039     6.390     0.060         5
   298.193     6.417     0.060         5
   298.357     6.444     0.060         5
   298.500     6.474     0.060         5
   298.653     6.501     0.060         5
   298.807     6.527     0.060         5
   298.960     6.550     0.060         5
   299.114     6.581     0.060         5
   299.267     6.611     0.060         5
   299.421     6.646     0.060         5
   299.574     6.674     0.060         5
   299.728     6.702     0.060         5
   299.874     6.730     0.060         5
   300.024     6.762     0.060         5
   300.178     6.794     0.060         5
   300.331     6.822     0.060         5
   300.482     6.846     0.060         5
   300.632     6.879     0.060         5
   300.783     6.905     0.060         5
   300.933     6.916     0.060         5
   301.084     6.919     0.060         5
   301.231     6.933     0.060         5
   301.382     6.956     0.060         5
   301.543     6.979     0.060         5
   301.701     7.013     0.060         5
   301.862     7.032     0.060         5
   302.020     7.059     0.060         5
   302.171     7.089     0.060         5
   302.332     7.110     0.060         5
   302.493     7.144     0.060         5
   302.654     7.177     0.060         5
   302.816     7.195     0.060         5
   302.966     7.220     0.060         5
   303.127     7.238     0.060         5
   303.285     7.264     0.060         5
   303.436     7.309     0.060         5
   303.597     7.368     0.060         5
   303.748     7.401     0.060         5
   303.909     7.432     0.060         5
   304.059     7.463     0.060         5
   304.220     7.474     0.060         5
   304.371     7.498     0.060         5
   304.532     7.517     0.060         5
   304.683     7.537     0.060         5
   304.844     7.561     0.060         5
   304.997     7.581     0.060         5
   305.159     7.601     0.060         5
   305.320     7.645     0.060         5
   305.470     7.651     0.060         5
   305.631     7.705     0.060         5
   305.782     7.742     0.060         5
   305.943     7.772     0.060         5
   306.094     7.786     0.060         5
   306.258     7.818     0.060         5
   306.419     7.843     0.060         5
   306.569     7.834     0.060         5
   306.731     7.844     0.060         5
   306.884     7.880     0.060         5
   307.045     7.927     0.060         5
   307.196     7.947     0.060         5
   307.349     7.952     0.060         5
   307.510     7.985     0.060         5
   307.661     8.004     0.060         5
   307.814     8.038     0.060         5
   307.976     8.046     0.060         5
   308.129     8.080     0.060         5
   308.290     8.103     0.060         5
   308.444     8.145     0.060         5
   308.597     8.170     0.060         5
   308.758     8.191     0.060         5
   308.912     8.224     0.060         5
   309.073     8.245     0.060         5
   309.224     8.278     0.060         5
   309.385     8.292     0.060         5
   309.535     8.322     0.060         5
   309.696     8.352     0.060         5
   309.847     8.370     0.060         5
   310.008     8.424     0.060         5
   310.159     8.422     0.060         5
   310.320     8.448     0.060         5
   310.481     8.458     0.060         5
   310.631     8.485     0.060         5
   310.793     8.499     0.060         5
   310.943     8.537     0.060         5
   311.104     8.568     0.060         5
   311.255     8.594     0.060         5
   311.416     8.617     0.060         5
   311.567     8.636     0.060         5
   311.731     8.670     0.060         5
   311.881     8.694     0.060         5
   312.042     8.735     0.060         5
   312.203     8.753     0.060         5
   312.354     8.759     0.060         5
   312.505     8.797     0.060         5
   312.666     8.831     0.060         5
   312.816     8.890     0.060         5
   312.977     8.906     0.060         5
   313.131     8.917     0.060         5
   313.292     8.912     0.060         5
   313.443     8.952     0.060         5
   313.604     8.963     0.060         5
   313.754     8.972     0.060         5
   313.905     9.025     0.060         5
   314.069     9.066     0.060         5
   314.219     9.067     0.060         5
   314.381     9.095     0.060         5
   314.531     9.113     0.060         5
   314.692     9.162     0.060         5
   314.843     9.194     0.060         5
   315.004     9.223     0.060         5
   315.154     9.250     0.060         5
   315.316     9.273     0.060         5
   315.466     9.281     0.060         5
   315.627     9.300     0.060         5
   315.778     9.327     0.060         5
   315.928     9.348     0.060         5
   316.089     9.376     0.060         5
   316.240     9.409     0.060         5
   316.404     9.413     0.060         5
   316.555     9.446     0.060         5
   316.716     9.454     0.060         5
   316.877     9.491     0.060         5
   317.038     9.511     0.060         5
   317.199     9.539     0.060         5
   317.350     9.559     0.060         5
   317.511     9.588     0.060         5
   317.672     9.612     0.060         5
   317.833     9.636     0.060         5
   317.994     9.657     0.060         5
   318.159     9.697     0.060         5
   318.320     9.733     0.060         5
   318.481     9.784     0.060         5
   318.631     9.818     0.060         5
   318.793     9.850     0.060         5
   318.954     9.851     0.060         5
   319.115     9.880     0.060         5
   319.276     9.913     0.060         5
   319.427     9.961     0.060         5
   319.588     9.982     0.060         5
   319.746     9.986     0.060         5
   319.907    10.034     0.060         5
   320.058    10.068     0.060         5
   320.219    10.112     0.060         5
   320.369    10.148     0.060         5
   320.523    10.181     0.060         5
   320.684    10.190     0.060         5
   320.834    10.214     0.060         5
   320.988    10.252     0.060         5
   321.138    10.281     0.060         5
   321.300    10.304     0.060         5
   321.450    10.338     0.060         5
   321.604    10.365     0.060         5
   321.754    10.397     0.060         5
   321.905    10.420     0.060         5
   322.055    10.456     0.060         5
   322.206    10.476     0.060         5
   322.370    10.504     0.060         5
   322.520    10.527     0.060         5
   322.671    10.536     0.060         5
   322.835    10.564     0.060         5
   322.985    10.608     0.060         5
   323.149    10.620     0.060         5
   323.300    10.684     0.060         5
   323.450    10.692     0.060         5
   323.604    10.716     0.060         5
   323.754    10.736     0.060         5
   323.905    10.781     0.060         5
   324.055    10.802     0.060         5
   324.209    10.808     0.060         5
   324.359    10.838     0.060         5
   324.510    10.867     0.060         5
   324.671    10.901     0.060         5
   324.825    10.918     0.060         5
   324.975    10.946     0.060         5
   325.126    10.983     0.060         5
   325.287    11.020     0.060         5
   325.448    11.065     0.060         5
   325.598    11.109     0.060         5
   325.760    11.114     0.060         5
   325.921    11.137     0.060         5
   326.071    11.188     0.060         5
   326.232    11.197     0.060         5
   326.383    11.237     0.060         5
   326.544    11.250     0.060         5
   326.692    11.299     0.060         5
   326.853    11.311     0.060         5
   327.003    11.360     0.060         5
   327.164    11.374     0.060         5
   327.326    11.417     0.060         5
   327.476    11.421     0.060         5
   327.637    11.465     0.060         5
   327.798    11.481     0.060         5
   327.946    11.521     0.060         5
   328.107    11.530     0.060         5
   328.265    11.568     0.060         5
   328.423    11.604     0.060         5
   328.585    11.628     0.060         5
   328.732    11.648     0.060         5
   328.890    11.686     0.060         5
   329.049    11.709     0.060         5
   329.196    11.740     0.060         5
   329.357    11.776     0.060         5
   329.505    11.796     0.060         5
   329.669    11.804     0.060         5
   329.820    11.852     0.060         5
   329.970    11.864     0.060         5
   330.123    11.896     0.060         5
   330.285    11.932     0.060         5
   330.435    11.964     0.060         5
   330.589    11.980     0.060         5
   330.750    11.984     0.060         5
   330.903    12.024     0.060         5
   331.054    12.060     0.060         5
   331.207    12.080     0.060         5
   331.371    12.112     0.060         5
   331.525    12.135     0.060         5
   331.675    12.158     0.060         5
   331.829    12.197     0.060         5
   331.993    12.225     0.060         5
   332.146    12.244     0.060         5
   332.297    12.273     0.060         5
   332.450    12.316     0.060         5
   332.604    12.339     0.060         5
   332.768    12.347     0.060         5
   332.921    12.391     0.060         5
   333.072    12.429     0.060         5
   333.225    12.455     0.060         5
   333.368    12.481     0.060         5
   333.521    12.516     0.060         5
   333.675    12.538     0.060         5
   333.825    12.580     0.060         5
   333.979    12.595     0.060         5
   334.132    12.621     0.060         5
   334.283    12.648     0.060         5
   334.436    12.675     0.060         5
   334.590    12.703     0.060         5
   334.740    12.738     0.060         5
   334.904    12.766     0.060         5
   335.058    12.792     0.060         5
   335.222    12.822     0.060         5
   335.372    12.853     0.060         5
   335.534    12.899     0.060         5
   335.687    12.921     0.060         5
   335.851    12.958     0.060         5
   336.002    12.983     0.060         5
   336.166    13.023     0.060         5
   336.327    13.035     0.060         5
   336.491    13.063     0.060         5
   336.645    13.091     0.060         5
   336.806    13.110     0.060         5
   336.970    13.143     0.060         5
   337.134    13.176     0.060         5
   337.288    13.197     0.060         5
   337.452    13.213     0.060         5
   337.605    13.244     0.060         5
   337.769    13.256     0.060         5
   337.930    13.289     0.060         5
   338.095    13.316     0.060         5
   338.245    13.335     0.060         5
   338.406    13.354     0.060         5
   338.557    13.380     0.060         5
   338.718    13.390     0.060         5
   338.879    13.416     0.060         5
   339.040    13.452     0.060         5
   339.201    13.449     0.060         5
   339.352    13.482     0.060         5
   339.513    13.501     0.060         5
   339.674    13.528     0.060         5
   339.832    13.543     0.060         5
   339.983    13.567     0.060         5
   340.144    13.586     0.060         5
   340.305    13.599     0.060         5
   340.453    13.617     0.060         5
   340.614    13.647     0.060         5
   340.772    13.682     0.060         5
   340.933    13.689     0.060         5
   341.091    13.713     0.060         5
   341.252    13.731     0.060         5
   341.403    13.746     0.060         5
   341.567    13.789     0.060         5
   341.717    13.821     0.060         5
   341.882    13.824     0.060         5
   342.046    13.835     0.060         5
   342.196    13.845     0.060         5
   342.360    13.847     0.060         5
   342.521    13.873     0.060         5
   342.686    13.906     0.060         5
   342.839    13.915     0.060         5
   343.000    13.938     0.060         5
   343.164    13.992     0.060         5
   343.328    14.018     0.060         5
   343.490    14.064     0.060         5
   343.654    14.070     0.060         5
   343.818    14.103     0.060         5
   343.979    14.113     0.060         5
   344.132    14.143     0.060         5
   344.294    14.164     0.060         5
   344.458    14.185     0.060         5
   344.611    14.210     0.060         5
   344.772    14.235     0.060         5
   344.926    14.249     0.060         5
   345.090    14.279     0.060         5
   345.251    14.315     0.060         5
   345.402    14.327     0.060         5
   345.563    14.371     0.060         5
   345.727    14.395     0.060         5
   345.877    14.419     0.060         5
   346.038    14.447     0.060         5
   346.203    14.481     0.060         5
   346.353    14.490     0.060         5
   346.514    14.503     0.060         5
   346.678    14.531     0.060         5
   346.840    14.553     0.060         5
   346.990    14.579     0.060         5
   347.154    14.602     0.060         5
   347.308    14.633     0.060         5
   347.469    14.656     0.060         5
   347.622    14.671     0.060         5
   347.786    14.706     0.060         5
   347.937    14.730     0.060         5
   348.090    14.754     0.060         5
   348.254    14.790     0.060         5
   348.408    14.810     0.060         5
   348.890    14.890     0.060         5
   349.358    14.973     0.060         5
   349.680    15.034     0.060         5
   350.322    15.149     0.060         5
   350.791    15.226     0.060         5
   351.114    15.287     0.060         5
   351.433    15.348     0.060         5
   351.906    15.418     0.060         5
   352.392    15.499     0.060         5
   353.015    15.600     0.060         5
   353.642    15.707     0.060         5
   354.271    15.808     0.060         5
   354.739    15.900     0.060         5
   355.368    15.996     0.060         5
   355.997    16.116     0.060         5
   356.623    16.248     0.060         5
   357.417    16.409     0.060         5
   358.210    16.578     0.060         5
   359.503    16.824     0.060         5
   360.294    16.968     0.060         5
   360.444    17.036     0.060         5
   361.259    17.198     0.060         5
   361.893    17.354     0.060         5
   363.005    17.587     0.060         5
   363.663    17.752     0.060         5
   364.308    17.936     0.060         5
   364.794    18.100     0.060         5
   365.423    18.272     0.060         5
   365.910    18.356     0.060         5
   367.015    18.549     0.060         5
   367.816    18.696     0.060         5
   368.445    18.776     0.060         5
   369.550    18.939     0.060         5
   370.810    19.095     0.060         5
   372.067    19.193     0.060         5
   373.013    19.278     0.060         5
   374.289    19.392     0.060         5
   375.418    19.416     0.060         5
   306.094     9.213     0.060         8
   306.884     9.305     0.060         8
   307.196     9.337     0.060         8
   307.661     9.393     0.060         8
   308.129     9.453     0.060         8
   309.073     9.581     0.060         8
   309.847     9.677     0.060         8
   310.320     9.737     0.060         8
   311.255     9.853     0.060         8
   312.203     9.961     0.060         8
   313.131    10.077     0.060         8
   314.069    10.197     0.060         8
   314.692    10.265     0.060         8
   315.316    10.345     0.060         8
   316.089    10.441     0.060         8
   316.555    10.497     0.060         8
   317.038    10.581     0.060         8
   317.833    10.706     0.060         8
   318.159    10.758     0.060         8
   318.793    10.867     0.060         8
   319.115    10.916     0.060         8
   319.907    11.032     0.060         8
   320.219    11.089     0.060         8
   320.684    11.161     0.060         8
   321.604    11.294     0.060         8
   322.055    11.366     0.060         8
   322.520    11.443     0.060         8
   322.835    11.507     0.060         8
   323.450    11.600     0.060         8
   323.754    11.644     0.060         8
   324.209    11.721     0.060         8
   324.671    11.777     0.060         8
   324.975    11.853     0.060         8
   325.126    11.876     0.060         8
   325.287    11.890     0.060         8
   325.448    11.908     0.060         8
   325.598    11.934     0.060         8
   325.760    11.958     0.060         8
   325.921    11.967     0.060         8
   326.071    11.983     0.060         8
   326.232    11.995     0.060         8
   326.383    12.020     0.060         8
   326.544    12.032     0.060         8
   326.692    12.053     0.060         8
   326.853    12.073     0.060         8
   327.003    12.094     0.060         8
   327.164    12.114     0.060         8
   327.326    12.130     0.060         8
   327.476    12.151     0.060         8
   327.637    12.159     0.060         8
   327.798    12.188     0.060         8
   327.946    12.228     0.060         8
   328.107    12.253     0.060         8
   328.265    12.266     0.060         8
   328.423    12.284     0.060         8
   328.585    12.315     0.060         8
   328.732    12.359     0.060         8
   328.890    12.373     0.060         8
   329.049    12.386     0.060         8
   329.196    12.408     0.060         8
   329.357    12.442     0.060         8
   329.505    12.465     0.060         8
   329.669    12.488     0.060         8
   329.820    12.503     0.060         8
   329.970    12.523     0.060         8
   330.123    12.548     0.060         8
   330.285    12.576     0.060         8
   330.435    12.613     0.060         8
   330.589    12.625     0.060         8
   330.750    12.646     0.060         8
   330.903    12.663     0.060         8
   331.054    12.683     0.060         8
   331.207    12.711     0.060         8
   331.371    12.719     0.060         8
   331.525    12.752     0.060         8
   331.675    12.772     0.060         8
   331.829    12.792     0.060         8
   331.993    12.828     0.060         8
   332.146    12.844     0.060         8
   332.297    12.876     0.060         8
   332.450    12.912     0.060         8
   332.604    12.928     0.060         8
   332.768    12.952     0.060         8
   332.921    12.968     0.060         8
   333.072    13.000     0.060         8
   333.225    13.021     0.060         8
   333.368    13.053     0.060         8
   333.521    13.074     0.060         8
   333.675    13.094     0.060         8
   333.825    13.123     0.060         8
   333.979    13.151     0.060         8
   334.132    13.180     0.060         8
   334.283    13.204     0.060         8
   334.436    13.229     0.060         8
   334.590    13.257     0.060         8
   334.740    13.285     0.060         8
   334.904    13.329     0.060         8
   335.058    13.357     0.060         8
   335.222    13.341     0.060         8
   335.372    13.377     0.060         8
   335.534    13.413     0.060         8
   335.687    13.441     0.060         8
   335.851    13.470     0.060         8
   336.002    13.496     0.060         8
   336.166    13.521     0.060         8
   336.327    13.538     0.060         8
   336.491    13.559     0.060         8
   336.645    13.585     0.060         8
   336.806    13.606     0.060         8
   336.970    13.615     0.060         8
   337.134    13.645     0.060         8
   337.288    13.654     0.060         8
   337.452    13.692     0.060         8
   337.605    13.717     0.060         8
   337.769    13.742     0.060         8
   337.930    13.772     0.060         8
   338.095    13.797     0.060         8
   338.245    13.823     0.060         8
   338.406    13.849     0.060         8
   338.557    13.872     0.060         8
   338.718    13.894     0.060         8
   338.879    13.905     0.060         8
   339.040    13.931     0.060         8
   339.201    13.949     0.060         8
   339.352    13.974     0.060         8
   339.513    13.989     0.060         8
   339.674    14.001     0.060         8
   339.832    14.020     0.060         8
   339.983    14.038     0.060         8
   340.144    14.055     0.060         8
   340.305    14.092     0.060         8
   340.453    14.110     0.060         8
   340.614    14.167     0.060         8
   340.772    14.177     0.060         8
   340.933    14.174     0.060         8
   341.091    14.191     0.060         8
   341.252    14.205     0.060         8
   341.403    14.218     0.060         8
   341.567    14.240     0.060         8
   341.717    14.248     0.060         8
   341.882    14.249     0.060         8
   342.046    14.255     0.060         8
   342.196    14.272     0.060         8
   342.360    14.303     0.060         8
   342.521    14.323     0.060         8
   342.686    14.351     0.060         8
   342.839    14.348     0.060         8
   343.000    14.407     0.060         8
   343.164    14.427     0.060         8
   343.328    14.434     0.060         8
   343.490    14.470     0.060         8
   343.654    14.481     0.060         8
   343.818    14.496     0.060         8
   343.979    14.523     0.060         8
   344.132    14.531     0.060         8
   344.294    14.566     0.060         8
   344.458    14.572     0.060         8
   344.611    14.599     0.060         8
   344.772    14.621     0.060         8
   344.926    14.636     0.060         8
   345.090    14.654     0.060         8
   345.251    14.688     0.060         8
   345.402    14.691     0.060         8
   345.563    14.725     0.060         8
   345.727    14.759     0.060         8
   345.877    14.773     0.060         8
   346.038    14.791     0.060         8
   346.203    14.778     0.060         8
   346.353    14.806     0.060         8
   346.514    14.889     0.060         8
   346.678    14.839     0.060         8
   346.840    14.857     0.060         8
   346.990    14.888     0.060         8
   347.154    14.913     0.060         8
   347.308    14.936     0.060         8
   347.469    14.966     0.060         8
   347.622    14.976     0.060         8
   347.786    15.002     0.060         8
   347.937    15.028     0.060         8
   348.090    15.042     0.060         8
   348.254    15.072     0.060         8
   348.408    15.098     0.060         8
   348.572    15.128     0.060         8
   348.725    15.147     0.060         8
   348.890    15.181     0.060         8
   349.043    15.207     0.060         8
   349.207    15.244     0.060         8
   349.358    15.249     0.060         8
   349.519    15.273     0.060         8
   349.680    15.294     0.060         8
   349.841    15.315     0.060         8
   350.002    15.348     0.060         8
   350.163    15.366     0.060         8
   350.322    15.392     0.060         8
   350.483    15.440     0.060         8
   350.644    15.464     0.060         8
   350.791    15.470     0.060         8
   350.952    15.492     0.060         8
   351.114    15.551     0.060         8
   351.272    15.575     0.060         8
   351.433    15.610     0.060         8
   351.583    15.627     0.060         8
   351.745    15.650     0.060         8
   351.906    15.682     0.060         8
   352.067    15.706     0.060         8
   352.228    15.734     0.060         8
   352.392    15.758     0.060         8
   353.176    15.916     0.060         8
   355.215    16.255     0.060         8
   356.148    16.378     0.060         8
   356.938    16.511     0.060         8
   357.742    16.653     0.060         8
   358.535    16.786     0.060         8
   359.665    17.008     0.060         8
   316.404    11.667     0.060        12
   319.276    11.994     0.060        12
   321.450    12.299     0.060        12
   323.450    12.596     0.060        12
   326.071    12.957     0.060        12
   327.326    13.130     0.060        12
   328.890    13.326     0.060        12
   330.435    13.534     0.060        12
   332.768    13.876     0.060        12
   334.132    14.081     0.060        12
   336.166    14.386     0.060        12
   337.288    14.559     0.060        12
   339.201    14.828     0.060        12
   340.614    15.041     0.060        12
   342.839    15.317     0.060        12
   343.979    15.461     0.060        12
   346.203    15.737     0.060        12
   348.408    16.096     0.060        12
   350.322    16.369     0.060        12
   352.228    16.654     0.060        12
   354.739    17.102     0.060        12
   356.623    17.371     0.060        12
   359.014    17.836     0.060        12
   360.444    18.095     0.060        12
   361.581    18.305     0.060        12
   363.338    18.673     0.060        12
   364.794    19.002     0.060        12
   366.063    19.376     0.060        12
   277.205     4.011     0.060        14
   277.367     4.033     0.060        14
   277.528     4.046     0.060        14
   277.678     4.060     0.060        14
   277.840     4.074     0.060        14
   278.001     4.092     0.060        14
   278.162     4.113     0.060        14
   278.323     4.135     0.060        14
   278.487     4.158     0.060        14
   278.649     4.190     0.060        14
   278.810     4.217     0.060        14
   278.974     4.236     0.060        14
   279.124     4.251     0.060        14
   279.286     4.270     0.060        14
   279.447     4.294     0.060        14
   279.611     4.317     0.060        14
   279.772     4.341     0.060        14
   279.933     4.368     0.060        14
   280.098     4.388     0.060        14
   280.262     4.404     0.060        14
   280.412     4.416     0.060        14
   280.576     4.440     0.060        14
   280.738     4.468     0.060        14
   280.891     4.501     0.060        14
   281.055     4.523     0.060        14
   281.216     4.552     0.060        14
   281.381     4.574     0.060        14
   281.542     4.600     0.060        14
   281.695     4.621     0.060        14
   281.856     4.638     0.060        14
   282.021     4.650     0.060        14
   282.171     4.671     0.060        14
   282.332     4.687     0.060        14
   282.496     4.704     0.060        14
   282.647     4.724     0.060        14
   282.811     4.744     0.060        14
   282.972     4.764     0.060        14
   283.126     4.784     0.060        14
   283.287     4.804     0.060        14
   283.451     4.826     0.060        14
   283.602     4.849     0.060        14
   283.763     4.871     0.060        14
   283.927     4.894     0.060        14
   284.088     4.920     0.060        14
   284.239     4.939     0.060        14
   284.403     4.961     0.060        14
   284.564     4.980     0.060        14
   284.728     5.003     0.060        14
   284.890     5.030     0.060        14
   285.043     5.061     0.060        14
   285.204     5.088     0.060        14
   285.368     5.119     0.060        14
   285.530     5.150     0.060        14
   285.683     5.178     0.060        14
   285.847     5.202     0.060        14
   286.011     5.222     0.060        14
   286.173     5.234     0.060        14
   286.326     5.254     0.060        14
   286.487     5.270     0.060        14
   286.652     5.290     0.060        14
   286.813     5.310     0.060        14
   286.977     5.328     0.060        14
   287.138     5.358     0.060        14
   287.302     5.380     0.060        14
   287.463     5.418     0.060        14
   287.625     5.436     0.060        14
   287.789     5.461     0.060        14
   287.939     5.475     0.060        14
   288.100     5.497     0.060        14
   288.262     5.511     0.060        14
   288.420     5.522     0.060        14
   288.581     5.538     0.060        14
   288.742     5.557     0.060        14
   288.903     5.576     0.060        14
   289.065     5.611     0.060        14
   289.226     5.651     0.060        14
   289.387     5.678     0.060        14
   289.556     5.701     0.060        14
   289.717     5.721     0.060        14
   289.878     5.744     0.060        14
   290.039     5.769     0.060        14
   290.201     5.785     0.060        14
   290.365     5.802     0.060        14
   290.526     5.827     0.060        14
   290.687     5.851     0.060        14
   290.848     5.884     0.060        14
   291.020     5.921     0.060        14
   291.181     5.943     0.060        14
   291.343     5.978     0.060        14
   291.504     6.004     0.060        14
   291.668     6.054     0.060        14
   291.829     6.093     0.060        14
   291.993     6.115     0.060        14
   292.144     6.137     0.060        14
   292.308     6.163     0.060        14
   292.469     6.188     0.060        14
   292.623     6.212     0.060        14
   292.784     6.244     0.060        14
   292.948     6.277     0.060        14
   293.098     6.301     0.060        14
   293.252     6.329     0.060        14
   293.413     6.361     0.060        14
   293.567     6.386     0.060        14
   293.717     6.414     0.060        14
   293.881     6.433     0.060        14
   294.032     6.456     0.060        14
   294.182     6.507     0.060        14
   294.346     6.538     0.060        14
   294.497     6.569     0.060        14
   294.648     6.603     0.060        14
   294.812     6.630     0.060        14
   294.962     6.661     0.060        14
   295.113     6.679     0.060        14
   295.277     6.707     0.060        14
   295.427     6.741     0.060        14
   295.578     6.771     0.060        14
   295.731     6.806     0.060        14
   295.882     6.844     0.060        14
   296.043     6.887     0.060        14
   296.194     6.846     0.060        14
   296.347     6.843     0.060        14
   296.498     6.889     0.060        14
   296.662     6.924     0.060        14
   296.812     6.958     0.060        14
   296.963     6.984     0.060        14
   297.116     7.018     0.060        14
   297.278     7.048     0.060        14
   297.431     7.074     0.060        14
   297.582     7.104     0.060        14
   297.735     7.141     0.060        14
   297.889     7.170     0.060        14
   298.039     7.199     0.060        14
   298.193     7.232     0.060        14
   298.357     7.266     0.060        14
   298.500     7.287     0.060        14
   298.653     7.311     0.060        14
   298.807     7.336     0.060        14
   298.960     7.361     0.060        14
   299.114     7.382     0.060        14
   299.267     7.411     0.060        14
   299.421     7.447     0.060        14
   299.574     7.475     0.060        14
   299.728     7.502     0.060        14
   299.874     7.538     0.060        14
   300.024     7.565     0.060        14
   300.178     7.593     0.060        14
   300.331     7.613     0.060        14
   300.482     7.633     0.060        14
   300.632     7.648     0.060        14
   300.783     7.664     0.060        14
   300.933     7.668     0.060        14
   301.084     7.674     0.060        14
   301.231     7.725     0.060        14
   301.382     7.770     0.060        14
   301.543     7.825     0.060        14
   301.701     7.844     0.060        14
   301.862     7.871     0.060        14
   302.020     7.894     0.060        14
   302.171     7.925     0.060        14
   302.332     7.948     0.060        14
   302.493     7.968     0.060        14
   302.654     7.983     0.060        14
   302.816     8.016     0.060        14
   302.966     8.048     0.060        14
   303.127     8.081     0.060        14
   303.285     8.118     0.060        14
   303.436     8.166     0.060        14
   303.597     8.194     0.060        14
   303.748     8.202     0.060        14
   303.909     8.218     0.060        14
   304.059     8.242     0.060        14
   304.220     8.295     0.060        14
   304.371     8.303     0.060        14
   304.532     8.319     0.060        14
   304.683     8.351     0.060        14
   304.844     8.375     0.060        14
   304.997     8.395     0.060        14
   305.159     8.415     0.060        14
   305.320     8.452     0.060        14
   305.470     8.500     0.060        14
   305.631     8.529     0.060        14
   305.782     8.562     0.060        14
   305.943     8.595     0.060        14
   306.094     8.620     0.060        14
   306.258     8.658     0.060        14
   306.419     8.687     0.060        14
   306.569     8.724     0.060        14
   306.731     8.701     0.060        14
   306.884     8.726     0.060        14
   307.045     8.758     0.060        14
   307.196     8.794     0.060        14
   307.349     8.822     0.060        14
   307.510     8.818     0.060        14
   307.661     8.842     0.060        14
   307.814     8.861     0.060        14
   307.976     8.880     0.060        14
   308.129     8.923     0.060        14
   308.290     8.950     0.060        14
   308.444     8.993     0.060        14
   308.597     9.024     0.060        14
   308.758     9.048     0.060        14
   308.912     9.068     0.060        14
   309.073     9.088     0.060        14
   309.224     9.104     0.060        14
   309.385     9.130     0.060        14
   309.535     9.155     0.060        14
   309.696     9.181     0.060        14
   309.847     9.226     0.060        14
   310.008     9.236     0.060        14
   310.159     9.253     0.060        14
   310.320     9.267     0.060        14
   310.481     9.296     0.060        14
   310.631     9.317     0.060        14
   310.793     9.343     0.060        14
   310.943     9.376     0.060        14
   311.104     9.402     0.060        14
   311.255     9.434     0.060        14
   311.416     9.467     0.060        14
   311.567     9.515     0.060        14
   311.731     9.548     0.060        14
   311.881     9.585     0.060        14
   312.042     9.623     0.060        14
   312.203     9.656     0.060        14
   312.354     9.657     0.060        14
   312.505     9.710     0.060        14
   312.666     9.762     0.060        14
   312.816     9.765     0.060        14
   312.977     9.761     0.060        14
   313.131     9.861     0.060        14
   313.292     9.873     0.060        14
   313.443     9.876     0.060        14
   313.604     9.899     0.060        14
   313.754     9.911     0.060        14
   313.905     9.954     0.060        14
   314.069     9.965     0.060        14
   314.219     9.977     0.060        14
   314.381    10.012     0.060        14
   314.531    10.056     0.060        14
   314.692    10.094     0.060        14
   314.843    10.118     0.060        14
   315.004    10.140     0.060        14
   315.154    10.153     0.060        14
   315.316    10.175     0.060        14
   315.466    10.200     0.060        14
   315.627    10.238     0.060        14
   315.778    10.267     0.060        14
   315.928    10.297     0.060        14
   316.089    10.336     0.060        14
   316.240    10.371     0.060        14
   316.404    10.382     0.060        14
   316.555    10.400     0.060        14
   316.716    10.411     0.060        14
   316.877    10.469     0.060        14
   317.038    10.492     0.060        14
   317.199    10.519     0.060        14
   317.350    10.533     0.060        14
   317.511    10.562     0.060        14
   317.672    10.600     0.060        14
   317.833    10.593     0.060        14
   317.994    10.627     0.060        14
   318.159    10.664     0.060        14
   318.320    10.690     0.060        14
   318.481    10.739     0.060        14
   318.631    10.757     0.060        14
   318.793    10.804     0.060        14
   318.954    10.819     0.060        14
   319.115    10.869     0.060        14
   319.276    10.872     0.060        14
   319.427    10.886     0.060        14
   319.588    10.933     0.060        14
   319.746    10.948     0.060        14
   319.907    10.971     0.060        14
   320.058    11.001     0.060        14
   320.219    11.019     0.060        14
   320.369    11.032     0.060        14
   320.523    11.110     0.060        14
   320.684    11.122     0.060        14
   320.834    11.149     0.060        14
   320.988    11.199     0.060        14
   321.138    11.219     0.060        14
   321.300    11.253     0.060        14
   321.450    11.268     0.060        14
   321.604    11.270     0.060        14
   321.754    11.293     0.060        14
   321.905    11.332     0.060        14
   322.055    11.373     0.060        14
   322.206    11.418     0.060        14
   322.370    11.404     0.060        14
   322.520    11.469     0.060        14
   322.671    11.494     0.060        14
   322.835    11.537     0.060        14
   322.985    11.567     0.060        14
   323.149    11.562     0.060        14
   323.300    11.593     0.060        14
   323.450    11.623     0.060        14
   323.604    11.673     0.060        14
   323.754    11.719     0.060        14
   323.905    11.725     0.060        14
   324.055    11.768     0.060        14
   324.209    11.754     0.060        14
   324.359    11.820     0.060        14
   324.510    11.854     0.060        14
   324.671    11.865     0.060        14
   324.825    11.935     0.060        14
   324.975    11.980     0.060        14
   325.126    11.997     0.060        14
   325.287    12.017     0.060        14
   325.448    12.030     0.060        14
   325.598    12.039     0.060        14
   325.760    12.080     0.060        14
   325.921    12.120     0.060        14
   326.071    12.149     0.060        14
   326.232    12.167     0.060        14
   326.383    12.253     0.060        14
   326.544    12.225     0.060        14
   326.692    12.291     0.060        14
   326.853    12.315     0.060        14
   327.003    12.298     0.060        14
   327.164    12.351     0.060        14
   327.326    12.363     0.060        14
   327.476    12.391     0.060        14
   327.637    12.424     0.060        14
   327.798    12.449     0.060        14
   327.946    12.500     0.060        14
   328.107    12.516     0.060        14
   328.265    12.540     0.060        14
   328.423    12.569     0.060        14
   328.585    12.586     0.060        14
   328.732    12.619     0.060        14
   328.890    12.644     0.060        14
   329.049    12.678     0.060        14
   329.196    12.687     0.060        14
   329.357    12.700     0.060        14
   329.505    12.729     0.060        14
   329.669    12.762     0.060        14
   329.820    12.778     0.060        14
   329.970    12.814     0.060        14
   330.123    12.858     0.060        14
   330.285    12.891     0.060        14
   330.435    12.931     0.060        14
   330.589    12.971     0.060        14
   330.750    12.980     0.060        14
   330.903    13.017     0.060        14
   331.054    13.013     0.060        14
   331.207    13.058     0.060        14
   331.371    13.095     0.060        14
   331.525    13.130     0.060        14
   331.675    13.132     0.060        14
   331.829    13.149     0.060        14
   331.993    13.202     0.060        14
   332.146    13.231     0.060        14
   332.297    13.279     0.060        14
   332.450    13.314     0.060        14
   332.604    13.337     0.060        14
   332.768    13.381     0.060        14
   332.921    13.406     0.060        14
   333.072    13.414     0.060        14
   333.225    13.451     0.060        14
   333.368    13.460     0.060        14
   333.521    13.493     0.060        14
   333.675    13.513     0.060        14
   333.825    13.546     0.060        14
   333.979    13.573     0.060        14
   334.132    13.595     0.060        14
   334.283    13.618     0.060        14
   334.436    13.652     0.060        14
   334.590    13.675     0.060        14
   334.740    13.706     0.060        14
   334.904    13.738     0.060        14
   335.058    13.773     0.060        14
   335.222    13.755     0.060        14
   335.372    13.800     0.060        14
   335.534    13.767     0.060        14
   335.687    13.810     0.060        14
   335.851    13.841     0.060        14
   336.002    13.873     0.060        14
   336.166    13.908     0.060        14
   336.327    13.945     0.060        14
   336.491    13.935     0.060        14
   336.645    14.007     0.060        14
   336.806    14.037     0.060        14
   336.970    14.074     0.060        14
   337.134    14.069     0.060        14
   337.288    14.168     0.060        14
   337.452    14.139     0.060        14
   337.605    14.210     0.060        14
   337.769    14.213     0.060        14
   337.930    14.260     0.060        14
   338.095    14.272     0.060        14
   338.245    14.316     0.060        14
   338.406    14.316     0.060        14
   338.557    14.344     0.060        14
   338.718    14.368     0.060        14
   338.879    14.376     0.060        14
   339.040    14.387     0.060        14
   339.201    14.418     0.060        14
   339.352    14.453     0.060        14
   339.513    14.476     0.060        14
   339.674    14.523     0.060        14
   339.832    14.534     0.060        14
   339.983    14.565     0.060        14
   340.144    14.593     0.060        14
   340.305    14.618     0.060        14
   340.453    14.638     0.060        14
   340.614    14.651     0.060        14
   340.772    14.673     0.060        14
   340.933    14.682     0.060        14
   341.091    14.692     0.060        14
   341.252    14.705     0.060        14
   341.403    14.738     0.060        14
   341.567    14.755     0.060        14
   341.717    14.776     0.060        14
   341.882    14.801     0.060        14
   342.046    14.825     0.060        14
   342.196    14.845     0.060        14
   342.360    14.890     0.060        14
   342.521    14.898     0.060        14
   342.686    14.920     0.060        14
   342.839    14.918     0.060        14
   343.000    14.960     0.060        14
   343.164    14.978     0.060        14
   343.328    14.996     0.060        14
   343.490    15.042     0.060        14
   343.654    15.048     0.060        14
   343.818    15.078     0.060        14
   343.979    15.079     0.060        14
   344.132    15.159     0.060        14
   344.294    15.195     0.060        14
   344.458    15.208     0.060        14
   344.611    15.228     0.060        14
   344.772    15.252     0.060        14
   344.926    15.252     0.060        14
   345.090    15.275     0.060        14
   345.251    15.287     0.060        14
   345.402    15.309     0.060        14
   345.563    15.323     0.060        14
   345.727    15.345     0.060        14
   345.877    15.367     0.060        14
   346.038    15.394     0.060        14
   346.203    15.440     0.060        14
   346.353    15.458     0.060        14
   346.514    15.470     0.060        14
   346.678    15.533     0.060        14
   346.840    15.557     0.060        14
   346.990    15.525     0.060        14
   347.154    15.569     0.060        14
   347.308    15.573     0.060        14
   347.469    15.585     0.060        14
   347.622    15.637     0.060        14
   347.786    15.685     0.060        14
   347.937    15.673     0.060        14
   348.090    15.709     0.060        14
   348.254    15.734     0.060        14
   348.408    15.746     0.060        14
   348.572    15.774     0.060        14
   348.725    15.822     0.060        14
   348.890    15.838     0.060        14
   349.043    15.858     0.060        14
   349.207    15.870     0.060        14
   349.358    15.906     0.060        14
   349.519    15.922     0.060        14
   349.680    15.958     0.060        14
   349.841    15.987     0.060        14
   350.002    16.051     0.060        14
   350.163    16.047     0.060        14
   350.322    16.092     0.060        14
   350.483    16.092     0.060        14
   350.644    16.102     0.060        14
   350.791    16.160     0.060        14
   350.952    16.168     0.060        14
   351.114    16.188     0.060        14
   351.272    16.187     0.060        14
   351.433    16.210     0.060        14
   351.583    16.244     0.060        14
   351.745    16.278     0.060        14
   351.906    16.307     0.060        14
   352.067    16.332     0.060        14
   352.228    16.354     0.060        14
   352.392    16.381     0.060        14
   352.553    16.401     0.060        14
   352.704    16.395     0.060        14
   352.865    16.481     0.060        14
   353.015    16.495     0.060        14
   353.176    16.481     0.060        14
   353.330    16.547     0.060        14
   353.491    16.550     0.060        14
   353.642    16.583     0.060        14
   353.806    16.596     0.060        14
   353.956    16.595     0.060        14
   354.110    16.668     0.060        14
   354.271    16.640     0.060        14
   354.424    16.664     0.060        14
   354.585    16.736     0.060        14
   354.739    16.793     0.060        14
   354.900    16.834     0.060        14
   355.053    16.830     0.060        14
   355.215    16.888     0.060        14
   355.368    16.872     0.060        14
   355.529    16.897     0.060        14
   355.683    16.938     0.060        14
   355.833    16.982     0.060        14
   355.997    17.030     0.060        14
   356.148    17.034     0.060        14
   356.312    17.043     0.060        14
   356.462    17.054     0.060        14
   356.623    17.107     0.060        14
   356.788    17.162     0.060        14
   356.938    17.160     0.060        14
   357.102    17.176     0.060        14
   357.263    17.245     0.060        14
   357.417    17.291     0.060        14
   357.578    17.331     0.060        14
   357.742    17.305     0.060        14
   357.895    17.399     0.060        14
   358.057    17.403     0.060        14
   358.210    17.430     0.060        14
   358.374    17.457     0.060        14
   358.535    17.464     0.060        14
   358.699    17.555     0.060        14
   358.861    17.510     0.060        14
   359.014    17.589     0.060        14
   359.178    17.587     0.060        14
   359.339    17.664     0.060        14
   359.503    17.650     0.060        14
   359.665    17.663     0.060        14
   359.818    17.696     0.060        14
   359.979    17.742     0.060        14
   360.130    17.751     0.060        14
   360.294    17.800     0.060        14
   360.444    17.845     0.060        14
   360.608    17.883     0.060        14
   360.769    17.904     0.060        14
   360.934    17.943     0.060        14
   361.095    17.983     0.060        14
   361.259    17.998     0.060        14
   361.420    18.029     0.060        14
   361.581    18.068     0.060        14
   361.732    18.091     0.060        14
   361.893    18.126     0.060        14
   362.043    18.155     0.060        14
   362.207    18.193     0.060        14
   362.358    18.218     0.060        14
   362.519    18.272     0.060        14
   362.680    18.317     0.060        14
   362.841    18.365     0.060        14
   363.005    18.398     0.060        14
   363.166    18.451     0.060        14
   363.338    18.480     0.060        14
   363.499    18.512     0.060        14
   363.663    18.537     0.060        14
   363.825    18.585     0.060        14
   368.606    19.808     0.060        15
   370.337    20.090     0.060        15
   371.283    20.193     0.060        15
   372.529    20.316     0.060        15
   374.943    20.534     0.060        15
   376.069    20.624     0.060        15
   377.031    20.732     0.060        15
   377.843    20.832     0.060        15
   378.329    20.892     0.060        15
   379.791    21.043     0.060        15
   382.342    21.313     0.060        15
   384.848    21.576     0.060        15
   387.327    21.900     0.060        15
   389.184    22.215     0.060        15
   390.922    22.484     0.060        15
   393.131    22.810     0.060        15
   394.100    22.946     0.060        15
   395.392    23.106     0.060        15
   397.334    23.433     0.060        15
   398.122    23.599     0.060        15
   399.571    23.845     0.060        15
   401.034    24.144     0.060        15
   401.838    24.310     0.060        15
   403.120    24.569     0.060        15
   295.277    10.346     0.060        24
   296.043    10.541     0.060        24
   296.812    10.747     0.060        24
   297.889    11.033     0.060        24
   298.807    11.286     0.060        24
   299.874    11.590     0.060        24
   301.231    11.978     0.060        24
   305.782    13.368     0.060        24
   306.569    13.603     0.060        24
   307.045    13.732     0.060        24
   307.814    13.952     0.060        24
   309.073    14.300     0.060        24
   309.535    14.414     0.060        24
   309.847    14.535     0.060        24
   310.320    14.694     0.060        24
   318.793    17.282     0.060        24
   319.276    17.417     0.060        24
   319.907    17.588     0.060        24
   322.055    18.230     0.060        24
   322.671    18.406     0.060        24
   323.450    18.641     0.060        24
   324.510    18.945     0.060        24
   326.383    19.517     0.060        24
   327.003    19.688     0.060        24
   327.326    19.803     0.060        24
   327.946    19.978     0.060        24
   328.585    20.191     0.060        24
   329.049    20.320     0.060        24
   329.669    20.569     0.060        24
   330.435    20.741     0.060        24
   330.750    20.856     0.060        24
   331.371    20.993     0.060        24
   331.675    21.105     0.060        24
   332.146    21.259     0.060        24
   332.604    21.372     0.060        24
   333.072    21.546     0.060        24
   333.825    21.733     0.060        24
   334.904    22.102     0.060        24
   335.687    22.278     0.060        24
   336.166    22.420     0.060        24
   336.645    22.596     0.060        24
   337.288    22.778     0.060        24
   337.930    22.987     0.060        24
   338.406    23.056     0.060        24
   338.879    23.179     0.060        24
   363.663    30.260     0.060        24
   364.794    30.629     0.060        24
   365.749    30.946     0.060        24
   367.015    31.336     0.060        24
   368.130    31.649     0.060        24
   368.921    31.873     0.060        24
   369.861    32.141     0.060        24
   370.810    32.413     0.060        24
   371.906    32.729     0.060        24
   372.852    32.974     0.060        24
   373.174    33.044     0.060        24
   373.814    33.205     0.060        24
   374.453    33.378     0.060        24
   375.583    33.717     0.060        24
   376.545    34.030     0.060        24
   377.517    34.344     0.060        24
     0.000     0.000     0.000        -1
