    90.860    -1.000     0.000         0
    87.132     3.027     0.060         1
    87.283     2.943     0.060         1
    87.444     2.859     0.060         1
    87.595     2.787     0.060         1
    87.756     2.724     0.060         1
    87.920     2.673     0.060         1
    88.071     2.605     0.060         1
    88.232     2.530     0.060         1
    88.386     2.466     0.060         1
    88.537     2.402     0.060         1
    88.698     2.336     0.060         1
    88.852     2.284     0.060         1
    89.013     2.232     0.060         1
    89.163     2.190     0.060         1
    89.317     2.144     0.060         1
    89.478     2.106     0.060         1
    89.632     2.068     0.060         1
    89.793     2.034     0.060         1
    89.944     2.004     0.060         1
    90.098     1.976     0.060         1
    90.259     1.952     0.060         1
    90.410     1.955     0.060         1
    90.563     1.942     0.060         1
    90.725     1.917     0.060         1
    90.842     1.914     0.060         1
    87.756     3.124     0.060         2
    87.920     3.077     0.060         2
    88.071     3.027     0.060         2
    88.232     2.982     0.060         2
    88.386     2.934     0.060         2
    88.537     2.891     0.060         2
    88.698     2.842     0.060         2
    88.852     2.790     0.060         2
    89.013     2.747     0.060         2
    89.163     2.710     0.060         2
    89.317     2.678     0.060         2
    89.478     2.641     0.060         2
    89.632     2.609     0.060         2
    89.793     2.587     0.060         2
    89.944     2.568     0.060         2
    90.098     2.558     0.060         2
    90.259     2.549     0.060         2
    90.410     2.540     0.060         2
    90.563     2.539     0.060         2
    90.725     2.541     0.060         2
    90.842     2.543     0.060         2
     4.056    16.633     0.060         5
     4.879    16.510     0.060         5
     5.041    16.502     0.060         5
     6.190    16.319     0.060         5
     6.825    16.235     0.060         5
     7.309    16.172     0.060         5
     7.790    16.092     0.060         5
     9.103    15.905     0.060         5
    10.074    15.770     0.060         5
    10.880    15.658     0.060         5
    11.706    15.539     0.060         5
    12.543    15.424     0.060         5
    13.347    15.312     0.060         5
    14.458    15.161     0.060         5
    15.435    15.006     0.060         5
    15.750    14.970     0.060         5
    16.574    14.851     0.060         5
    17.236    14.755     0.060         5
    17.709    14.679     0.060         5
    18.656    14.552     0.060         5
    19.603    14.404     0.060         5
    20.377    14.301     0.060         5
    21.158    14.169     0.060         5
    21.785    14.090     0.060         5
    22.100    14.030     0.060         5
    22.878    13.914     0.060         5
    23.344    13.846     0.060         5
    23.981    13.763     0.060         5
    24.599    13.680     0.060         5
    25.231    13.555     0.060         5
    25.543    13.528     0.060         5
    26.167    13.424     0.060         5
    26.956    13.317     0.060         5
    27.593    13.221     0.060         5
    28.067    13.124     0.060         5
    28.858    13.025     0.060         5
    29.660    12.918     0.060         5
    30.131    12.855     0.060         5
    30.761    12.775     0.060         5
    31.552    12.643     0.060         5
    32.031    12.563     0.060         5
    32.683    12.472     0.060         5
    33.005    12.416     0.060         5
    33.969    12.264     0.060         5
    34.292    12.212     0.060         5
    35.279    12.056     0.060         5
    36.092    11.912     0.060         5
    36.584    11.836     0.060         5
    36.906    11.776     0.060         5
    37.705    11.611     0.060         5
    38.518    11.467     0.060         5
    38.844    11.394     0.060         5
    39.331    11.281     0.060         5
    40.143    11.137     0.060         5
    40.792    11.013     0.060         5
    41.598    10.885     0.060         5
    42.244    10.769     0.060         5
    43.029    10.649     0.060         5
    43.650    10.553     0.060         5
    44.127    10.498     0.060         5
    44.912    10.374     0.060         5
    45.391    10.311     0.060         5
    46.018    10.207     0.060         5
    46.648    10.127     0.060         5
    47.278    10.048     0.060         5
    48.053     9.957     0.060         5
    48.683     9.895     0.060         5
    48.998     9.884     0.060         5
    49.321     9.857     0.060         5
    49.794     9.801     0.060         5
    50.575     9.719     0.060         5
    51.048     9.668     0.060         5
    52.145     9.557     0.060         5
    52.293     9.535     0.060         5
    52.444     9.500     0.060         5
    52.605     9.510     0.060         5
    52.756     9.503     0.060         5
    52.906     9.447     0.060         5
    53.068     9.454     0.060         5
    53.218     9.441     0.060         5
    53.369     9.399     0.060         5
    53.520     9.399     0.060         5
    53.670     9.387     0.060         5
    53.821     9.352     0.060         5
    53.975     9.339     0.060         5
    54.125     9.328     0.060         5
    54.276     9.306     0.060         5
    54.430     9.289     0.060         5
    54.734     9.213     0.060         5
    54.885     9.225     0.060         5
    55.035     9.203     0.060         5
    55.186     9.193     0.060         5
    55.340     9.187     0.060         5
    55.501     9.150     0.060         5
    55.652     9.116     0.060         5
    55.805     9.110     0.060         5
    55.956     9.091     0.060         5
    56.107     9.072     0.060         5
    56.260     9.057     0.060         5
    56.422     9.027     0.060         5
    56.572     9.009     0.060         5
    56.723     9.003     0.060         5
    56.881     8.982     0.060         5
    57.032     8.964     0.060         5
    57.182     8.937     0.060         5
    57.344     8.917     0.060         5
    57.494     8.910     0.060         5
    57.656     8.867     0.060         5
    57.806     8.859     0.060         5
    57.957     8.832     0.060         5
    58.108     8.821     0.060         5
    58.258     8.797     0.060         5
    58.409     8.783     0.060         5
    58.567     8.755     0.060         5
    58.718     8.739     0.060         5
    58.869     8.720     0.060         5
    59.016     8.696     0.060         5
    59.178     8.681     0.060         5
    59.331     8.654     0.060         5
    59.482     8.644     0.060         5
    59.643     8.618     0.060         5
    59.794     8.611     0.060         5
    59.945     8.577     0.060         5
    60.106     8.551     0.060         5
    60.257     8.533     0.060         5
    60.407     8.507     0.060         5
    60.566     8.481     0.060         5
    60.716     8.464     0.060         5
    60.867     8.446     0.060         5
    61.021     8.429     0.060         5
    61.171     8.419     0.060         5
    61.314     8.401     0.060         5
    61.468     8.386     0.060         5
    61.619     8.359     0.060         5
    61.772     8.340     0.060         5
    61.923     8.325     0.060         5
    62.077     8.302     0.060         5
    62.227     8.284     0.060         5
    62.381     8.260     0.060         5
    62.532     8.245     0.060         5
    62.685     8.218     0.060         5
    62.839     8.177     0.060         5
    62.990     8.157     0.060         5
    63.143     8.136     0.060         5
    63.286     8.115     0.060         5
    63.440     8.095     0.060         5
    63.590     8.066     0.060         5
    63.733     8.045     0.060         5
    63.887     8.033     0.060         5
    64.041     8.012     0.060         5
    64.181     7.996     0.060         5
    64.334     7.979     0.060         5
    64.485     7.947     0.060         5
    64.635     7.935     0.060         5
    64.794     7.908     0.060         5
    64.942     7.892     0.060         5
    65.089     7.860     0.060         5
    65.251     7.844     0.060         5
    65.398     7.816     0.060         5
    65.546     7.812     0.060         5
    65.707     7.790     0.060         5
    65.858     7.767     0.060         5
    66.009     7.741     0.060         5
    66.167     7.731     0.060         5
    66.315     7.708     0.060         5
    66.473     7.698     0.060         5
    66.621     7.671     0.060         5
    66.782     7.649     0.060         5
    66.930     7.630     0.060         5
    67.077     7.607     0.060         5
    67.228     7.584     0.060         5
    67.382     7.561     0.060         5
    67.532     7.541     0.060         5
    67.694     7.519     0.060         5
    67.844     7.503     0.060         5
    67.995     7.484     0.060         5
    68.149     7.467     0.060         5
    68.310     7.438     0.060         5
    68.461     7.423     0.060         5
    68.619     7.401     0.060         5
    68.770     7.379     0.060         5
    68.920     7.357     0.060         5
    69.082     7.331     0.060         5
    69.232     7.309     0.060         5
    69.394     7.279     0.060         5
    69.544     7.256     0.060         5
    69.698     7.238     0.060         5
    69.859     7.216     0.060         5
    70.007     7.190     0.060         5
    70.171     7.172     0.060         5
    70.322     7.138     0.060         5
    70.483     7.116     0.060         5
    70.637     7.090     0.060         5
    70.798     7.064     0.060         5
    70.949     7.038     0.060         5
    71.110     7.017     0.060         5
    71.261     6.995     0.060         5
    71.422     6.977     0.060         5
    71.573     6.960     0.060         5
    71.731     6.930     0.060         5
    71.892     6.909     0.060         5
    72.043     6.887     0.060         5
    72.207     6.861     0.060         5
    72.358     6.836     0.060         5
    72.512     6.810     0.060         5
    72.673     6.785     0.060         5
    72.827     6.771     0.060         5
    72.988     6.745     0.060         5
    73.139     6.720     0.060         5
    73.300     6.698     0.060         5
    73.451     6.672     0.060         5
    73.615     6.639     0.060         5
    73.768     6.613     0.060         5
    73.930     6.582     0.060         5
    74.091     6.553     0.060         5
    74.242     6.537     0.060         5
    74.543     6.502     0.060         5
    74.694     6.478     0.060         5
    74.844     6.458     0.060         5
    74.992     6.437     0.060         5
    75.143     6.397     0.060         5
    75.293     6.365     0.060         5
    75.441     6.341     0.060         5
    75.602     6.316     0.060         5
    75.753     6.292     0.060         5
    75.907     6.263     0.060         5
    76.057     6.234     0.060         5
    76.222     6.210     0.060         5
    76.372     6.181     0.060         5
    76.526     6.152     0.060         5
    76.677     6.126     0.060         5
    76.830     6.096     0.060         5
    76.992     6.066     0.060         5
    77.142     6.040     0.060         5
    77.296     6.011     0.060         5
    77.457     5.985     0.060         5
    77.608     5.954     0.060         5
    77.761     5.923     0.060         5
    77.912     5.896     0.060         5
    78.073     5.861     0.060         5
    78.224     5.810     0.060         5
    78.375     5.792     0.060         5
    80.542     5.157     0.060        10
    80.854     5.097     0.060        10
    81.316     4.992     0.060        10
    81.478     4.943     0.060        10
    81.790     4.862     0.060        10
    82.102     4.794     0.060        10
    82.561     4.705     0.060        10
    82.884     4.629     0.060        10
    83.196     4.548     0.060        10
    83.508     4.471     0.060        10
    83.819     4.398     0.060        10
    84.134     4.322     0.060        10
    84.449     4.257     0.060        10
    84.611     4.213     0.060        10
    85.073     4.116     0.060        10
     4.217    17.871     0.060        14
     5.541    17.659     0.060        14
     5.867    17.608     0.060        14
     6.028    17.584     0.060        14
     6.341    17.544     0.060        14
     6.663    17.492     0.060        14
     6.825    17.464     0.060        14
     7.628    17.344     0.060        14
     7.951    17.293     0.060        14
     8.441    17.221     0.060        14
     8.778    17.169     0.060        14
     9.268    17.097     0.060        14
     9.590    17.049     0.060        14
     9.913    17.010     0.060        14
    10.236    16.954     0.060        14
    10.715    16.886     0.060        14
    11.044    16.832     0.060        14
    11.208    16.814     0.060        14
    11.380    16.791     0.060        14
    11.706    16.739     0.060        14
    11.881    16.711     0.060        14
    12.379    16.635     0.060        14
    12.704    16.587     0.060        14
    13.027    16.539     0.060        14
    13.186    16.520     0.060        14
    13.817    16.406     0.060        14
    13.979    16.385     0.060        14
    14.458    16.302     0.060        14
    14.784    16.253     0.060        14
    15.271    16.182     0.060        14
    15.599    16.134     0.060        14
    15.922    16.091     0.060        14
    16.412    16.015     0.060        14
    16.738    15.974     0.060        14
    16.910    15.946     0.060        14
    17.397    15.892     0.060        14
    18.032    15.788     0.060        14
    18.341    15.753     0.060        14
    18.817    15.680     0.060        14
    19.291    15.626     0.060        14
    19.915    15.538     0.060        14
    20.377    15.470     0.060        14
    20.692    15.443     0.060        14
    21.158    15.366     0.060        14
    21.473    15.311     0.060        14
    21.947    15.227     0.060        14
    22.402    15.176     0.060        14
    22.717    15.119     0.060        14
    23.032    15.076     0.060        14
    23.193    15.043     0.060        14
    23.505    14.999     0.060        14
    23.656    14.975     0.060        14
    23.981    14.931     0.060        14
    24.441    14.860     0.060        14
    24.922    14.784     0.060        14
    25.231    14.740     0.060        14
    25.855    14.640     0.060        14
    26.329    14.564     0.060        14
    26.479    14.540     0.060        14
    26.794    14.492     0.060        14
    27.117    14.436     0.060        14
    27.432    14.393     0.060        14
    27.744    14.341     0.060        14
    27.905    14.317     0.060        14
    28.217    14.273     0.060        14
    28.858    14.177     0.060        14
    29.335    14.110     0.060        14
    29.660    14.058     0.060        14
    29.972    14.026     0.060        14
    30.446    13.959     0.060        14
    30.761    13.923     0.060        14
    30.922    13.899     0.060        14
    31.237    13.855     0.060        14
    31.552    13.820     0.060        14
    32.031    13.748     0.060        14
    32.196    13.724     0.060        14
    32.521    13.664     0.060        14
    33.005    13.584     0.060        14
    33.482    13.508     0.060        14
    33.643    13.480     0.060        14
    34.130    13.409     0.060        14
    34.292    13.385     0.060        14
    34.617    13.345     0.060        14
    34.943    13.289     0.060        14
    35.279    13.237     0.060        14
    35.605    13.189     0.060        14
    35.931    13.146     0.060        14
    36.092    13.126     0.060        14
    36.415    13.070     0.060        14
    36.584    13.046     0.060        14
    55.501    10.097     0.060        14
    55.652    10.084     0.060        14
    55.805    10.051     0.060        14
    55.956    10.029     0.060        14
    56.107    10.007     0.060        14
    56.260     9.990     0.060        14
    56.422     9.966     0.060        14
    56.572     9.956     0.060        14
    56.723     9.930     0.060        14
    56.881     9.910     0.060        14
    57.032     9.886     0.060        14
    57.182     9.869     0.060        14
    57.344     9.847     0.060        14
    57.494     9.825     0.060        14
    57.656     9.803     0.060        14
    57.806     9.788     0.060        14
    57.957     9.761     0.060        14
    58.108     9.746     0.060        14
    58.258     9.718     0.060        14
    58.409     9.698     0.060        14
    58.567     9.684     0.060        14
    58.718     9.663     0.060        14
    58.869     9.638     0.060        14
    59.016     9.622     0.060        14
    59.178     9.594     0.060        14
    59.331     9.576     0.060        14
    59.482     9.557     0.060        14
    59.643     9.531     0.060        14
    59.794     9.517     0.060        14
    59.945     9.499     0.060        14
    60.106     9.476     0.060        14
    60.257     9.448     0.060        14
    60.407     9.436     0.060        14
    60.566     9.417     0.060        14
    60.716     9.394     0.060        14
    60.867     9.363     0.060        14
    61.021     9.356     0.060        14
    61.171     9.335     0.060        14
    61.314     9.321     0.060        14
    61.468     9.303     0.060        14
    61.619     9.281     0.060        14
    61.772     9.265     0.060        14
    61.923     9.237     0.060        14
    62.077     9.222     0.060        14
    62.227     9.198     0.060        14
    62.381     9.167     0.060        14
    62.532     9.160     0.060        14
    62.685     9.136     0.060        14
    62.839     9.128     0.060        14
    62.990     9.097     0.060        14
    63.143     9.081     0.060        14
    63.286     9.061     0.060        14
    63.440     9.033     0.060        14
    63.590     9.017     0.060        14
    63.733     8.995     0.060        14
    63.887     8.969     0.060        14
    64.041     8.956     0.060        14
    64.181     8.940     0.060        14
    64.334     8.916     0.060        14
    64.635     8.864     0.060        14
    64.794     8.842     0.060        14
    64.942     8.824     0.060        14
    65.089     8.800     0.060        14
    65.251     8.776     0.060        14
    65.398     8.756     0.060        14
    65.546     8.736     0.060        14
    65.707     8.714     0.060        14
    65.858     8.693     0.060        14
    66.009     8.668     0.060        14
    66.167     8.651     0.060        14
    66.315     8.633     0.060        14
    66.473     8.620     0.060        14
    66.621     8.593     0.060        14
    66.782     8.570     0.060        14
    66.930     8.551     0.060        14
    67.077     8.539     0.060        14
    67.228     8.511     0.060        14
    67.382     8.499     0.060        14
    67.532     8.471     0.060        14
    67.694     8.457     0.060        14
    67.844     8.423     0.060        14
    67.995     8.403     0.060        14
    68.149     8.385     0.060        14
    68.310     8.361     0.060        14
    68.461     8.341     0.060        14
    68.619     8.311     0.060        14
    68.770     8.300     0.060        14
    68.920     8.266     0.060        14
    69.082     8.260     0.060        14
    69.232     8.238     0.060        14
    69.394     8.216     0.060        14
    69.544     8.186     0.060        14
    69.698     8.172     0.060        14
    69.859     8.147     0.060        14
    70.007     8.129     0.060        14
    70.171     8.099     0.060        14
    70.322     8.075     0.060        14
    70.483     8.055     0.060        14
    70.637     8.024     0.060        14
    70.798     8.009     0.060        14
    70.949     7.983     0.060        14
    71.110     7.968     0.060        14
    71.261     7.940     0.060        14
    71.422     7.905     0.060        14
    71.573     7.885     0.060        14
    71.731     7.867     0.060        14
    71.892     7.846     0.060        14
    72.043     7.818     0.060        14
    72.207     7.792     0.060        14
    72.358     7.771     0.060        14
    72.512     7.737     0.060        14
    72.673     7.724     0.060        14
    72.827     7.687     0.060        14
    72.988     7.665     0.060        14
    73.139     7.640     0.060        14
    72.043     7.200     0.060        17
    73.139     6.949     0.060        17
    74.242     6.728     0.060        17
    74.543     6.651     0.060        17
    75.907     6.391     0.060        17
    77.142     6.164     0.060        17
    77.912     6.024     0.060        17
    79.318     5.764     0.060        17
    14.784    25.391     0.060        24
    15.271    25.287     0.060        24
    16.087    25.070     0.060        24
    16.738    24.916     0.060        24
    17.397    24.748     0.060        24
    18.182    24.546     0.060        24
    18.817    24.383     0.060        24
    19.441    24.214     0.060        24
    20.377    23.958     0.060        24
    20.843    23.855     0.060        24
    21.635    23.649     0.060        24
    22.717    23.354     0.060        24
    23.505    23.139     0.060        24
    24.290    22.923     0.060        24
    24.922    22.763     0.060        24
    25.393    22.640     0.060        24
    26.641    22.315     0.060        24
    28.067    21.922     0.060        24
    29.020    21.673     0.060        24
    29.972    21.406     0.060        24
    30.761    21.191     0.060        24
    36.745    19.576     0.060        24
    37.705    19.336     0.060        24
    38.518    19.125     0.060        24
    39.492    18.868     0.060        24
    40.143    18.708     0.060        24
    41.286    18.420     0.060        24
    42.244    18.167     0.060        24
    42.882    18.004     0.060        24
    43.500    17.842     0.060        24
    43.973    17.708     0.060        24
    45.542    17.310     0.060        24
    46.333    17.120     0.060        24
    47.429    16.851     0.060        24
    48.532    16.595     0.060        24
    49.321    16.419     0.060        24
    49.945    16.263     0.060        24
    51.518    15.884     0.060        24
    52.756    15.592     0.060        24
    53.670    15.364     0.060        24
    54.885    15.060     0.060        24
    55.956    14.792     0.060        24
    56.881    14.570     0.060        24
    90.860     1.000     0.000         0
    91.028     1.942     0.060         1
    91.193     1.956     0.060         1
    91.354     1.975     0.060         1
    91.508     2.001     0.060         1
    91.658     2.026     0.060         1
    91.819     2.063     0.060         1
    91.973     2.096     0.060         1
    92.134     2.132     0.060         1
    92.288     2.177     0.060         1
    92.449     2.236     0.060         1
    92.603     2.282     0.060         1
    92.764     2.325     0.060         1
    92.915     2.398     0.060         1
    93.076     2.464     0.060         1
    93.238     2.530     0.060         1
    93.399     2.582     0.060         1
    93.549     2.644     0.060         1
    93.714     2.734     0.060         1
    93.875     2.806     0.060         1
    94.036     2.885     0.060         1
    94.187     2.962     0.060         1
    94.351     3.038     0.060         1
    91.028     2.543     0.060         2
    91.193     2.557     0.060         2
    91.354     2.565     0.060         2
    91.508     2.580     0.060         2
    91.658     2.592     0.060         2
    91.819     2.613     0.060         2
    91.973     2.637     0.060         2
    92.134     2.663     0.060         2
    92.288     2.700     0.060         2
    92.449     2.726     0.060         2
    92.603     2.771     0.060         2
    92.764     2.814     0.060         2
    92.915     2.843     0.060         2
    93.076     2.894     0.060         2
    93.238     2.949     0.060         2
    93.399     2.999     0.060         2
    93.549     3.038     0.060         2
    93.714     3.089     0.060         2
    93.875     3.144     0.060         2
    94.036     3.202     0.060         2
    98.458     4.752     0.060         5
    98.606     4.767     0.060         5
    98.767     4.785     0.060         5
    98.918     4.796     0.060         5
    99.068     4.799     0.060         5
    99.227     4.798     0.060         5
    99.377     4.801     0.060         5
    99.539     4.811     0.060         5
    99.689     4.829     0.060         5
    99.840     4.840     0.060         5
   100.001     4.846     0.060         5
   100.152     4.861     0.060         5
   100.313     4.871     0.060         5
   100.464     4.886     0.060         5
   100.614     4.903     0.060         5
   100.776     4.939     0.060         5
   100.926     4.964     0.060         5
   101.080     4.981     0.060         5
   101.231     4.997     0.060         5
   101.384     5.010     0.060         5
   101.535     5.030     0.060         5
   101.689     5.034     0.060         5
   101.842     5.050     0.060         5
   101.993     5.059     0.060         5
   102.146     5.075     0.060         5
   102.297     5.095     0.060         5
   102.461     5.110     0.060         5
   102.612     5.130     0.060         5
   102.763     5.149     0.060         5
   102.916     5.167     0.060         5
   103.067     5.191     0.060         5
   103.218     5.206     0.060         5
   103.371     5.236     0.060         5
   103.522     5.259     0.060         5
   103.683     5.278     0.060         5
   103.837     5.293     0.060         5
   103.987     5.323     0.060         5
   104.152     5.348     0.060         5
   104.313     5.378     0.060         5
   104.467     5.403     0.060         5
   104.628     5.425     0.060         5
   104.792     5.454     0.060         5
   104.946     5.468     0.060         5
   105.107     5.489     0.060         5
   105.258     5.507     0.060         5
   105.422     5.532     0.060         5
   105.573     5.561     0.060         5
   105.727     5.582     0.060         5
   105.891     5.602     0.060         5
   106.042     5.619     0.060         5
   106.203     5.652     0.060         5
   106.367     5.664     0.060         5
   106.518     5.693     0.060         5
   106.679     5.713     0.060         5
   106.830     5.726     0.060         5
   106.991     5.751     0.060         5
   107.145     5.783     0.060         5
   107.295     5.819     0.060         5
   107.457     5.839     0.060         5
   107.607     5.851     0.060         5
   107.768     5.891     0.060         5
   107.922     5.923     0.060         5
   108.083     5.964     0.060         5
   108.234     5.984     0.060         5
   108.395     6.004     0.060         5
   108.543     6.015     0.060         5
   108.694     6.044     0.060         5
   108.855     6.072     0.060         5
   109.005     6.093     0.060         5
   109.167     6.126     0.060         5
   109.314     6.142     0.060         5
   109.479     6.179     0.060         5
   109.640     6.203     0.060         5
   109.791     6.236     0.060         5
   109.952     6.261     0.060         5
   110.103     6.298     0.060         5
   110.264     6.331     0.060         5
   110.417     6.363     0.060         5
   110.579     6.388     0.060         5
   110.729     6.402     0.060         5
   110.880     6.424     0.060         5
   111.041     6.430     0.060         5
   111.192     6.466     0.060         5
   111.504     6.503     0.060         5
   111.665     6.537     0.060         5
   111.816     6.562     0.060         5
   111.977     6.588     0.060         5
   112.128     6.609     0.060         5
   112.289     6.623     0.060         5
   112.440     6.653     0.060         5
   112.587     6.675     0.060         5
   112.748     6.682     0.060         5
   112.899     6.723     0.060         5
   113.050     6.751     0.060         5
   113.200     6.774     0.060         5
   113.351     6.794     0.060         5
   113.509     6.837     0.060         5
   113.671     6.857     0.060         5
   113.832     6.896     0.060         5
   113.996     6.927     0.060         5
   114.147     6.955     0.060         5
   114.308     6.984     0.060         5
   114.469     7.017     0.060         5
   114.634     7.049     0.060         5
   114.795     7.074     0.060         5
   114.956     7.102     0.060         5
   115.118     7.119     0.060         5
   115.279     7.152     0.060         5
   115.440     7.201     0.060         5
   115.601     7.203     0.060         5
   115.763     7.245     0.060         5
   115.924     7.270     0.060         5
   116.085     7.292     0.060         5
   116.244     7.327     0.060         5
   116.394     7.347     0.060         5
   116.556     7.378     0.060         5
   116.714     7.406     0.060         5
   116.875     7.453     0.060         5
   117.026     7.468     0.060         5
   117.187     7.480     0.060         5
   117.345     7.528     0.060         5
   117.496     7.548     0.060         5
   117.657     7.556     0.060         5
   117.808     7.592     0.060         5
   117.969     7.600     0.060         5
   118.131     7.660     0.060         5
   118.292     7.680     0.060         5
   118.443     7.702     0.060         5
   118.604     7.716     0.060         5
   118.765     7.749     0.060         5
   118.929     7.775     0.060         5
   119.080     7.809     0.060         5
   119.241     7.826     0.060         5
   119.406     7.851     0.060         5
   119.567     7.899     0.060         5
   119.728     7.910     0.060         5
   119.889     7.940     0.060         5
   120.051     7.963     0.060         5
   120.212     8.002     0.060         5
   120.373     8.025     0.060         5
   120.535     8.032     0.060         5
   120.696     8.053     0.060         5
   120.857     8.094     0.060         5
   121.022     8.103     0.060         5
   121.183     8.151     0.060         5
   121.344     8.168     0.060         5
   121.508     8.211     0.060         5
   121.670     8.231     0.060         5
   121.831     8.239     0.060         5
   121.985     8.276     0.060         5
   122.146     8.304     0.060         5
   122.310     8.339     0.060         5
   122.471     8.356     0.060         5
   122.633     8.392     0.060         5
   122.797     8.420     0.060         5
   122.958     8.444     0.060         5
   123.109     8.478     0.060         5
   123.270     8.510     0.060         5
   123.421     8.524     0.060         5
   123.582     8.564     0.060         5
   123.733     8.600     0.060         5
   123.894     8.623     0.060         5
   124.045     8.646     0.060         5
   124.206     8.686     0.060         5
   124.367     8.709     0.060         5
   124.521     8.734     0.060         5
   124.685     8.751     0.060         5
   124.836     8.791     0.060         5
   124.997     8.821     0.060         5
   125.161     8.823     0.060         5
   125.312     8.864     0.060         5
   125.473     8.881     0.060         5
   125.635     8.909     0.060         5
   125.785     8.928     0.060         5
   125.947     8.942     0.060         5
   126.097     8.964     0.060         5
   126.248     8.988     0.060         5
   126.409     9.008     0.060         5
   126.560     9.044     0.060         5
   126.721     9.064     0.060         5
   126.872     9.099     0.060         5
   127.030     9.123     0.060         5
   127.181     9.140     0.060         5
   127.492     9.188     0.060         5
   127.654     9.203     0.060         5
   127.804     9.227     0.060         5
   127.969     9.255     0.060         5
   128.119     9.271     0.060         5
   128.281     9.313     0.060         5
   128.445     9.327     0.060         5
   128.606     9.344     0.060         5
   128.770     9.374     0.060         5
   128.921     9.397     0.060         5
   129.085     9.418     0.060         5
   129.250     9.433     0.060         5
   129.411     9.471     0.060         5
   129.575     9.499     0.060         5
    96.089     4.066     0.060        10
    96.250     4.114     0.060        10
    96.565     4.187     0.060        10
    96.727     4.231     0.060        10
    97.041     4.308     0.060        10
    97.353     4.381     0.060        10
    97.515     4.433     0.060        10
    97.827     4.506     0.060        10
    97.988     4.555     0.060        10
    98.146     4.599     0.060        10
    98.297     4.636     0.060        10
   100.776     6.161     0.060        14
   100.926     6.179     0.060        14
   101.080     6.188     0.060        14
   101.231     6.196     0.060        14
   101.384     6.207     0.060        14
   101.535     6.219     0.060        14
   101.689     6.235     0.060        14
   101.842     6.259     0.060        14
   101.993     6.258     0.060        14
   102.146     6.280     0.060        14
   102.297     6.298     0.060        14
   102.461     6.313     0.060        14
   102.612     6.328     0.060        14
   102.763     6.346     0.060        14
   102.916     6.373     0.060        14
   103.067     6.401     0.060        14
   103.218     6.425     0.060        14
   103.371     6.449     0.060        14
   103.522     6.467     0.060        14
   103.683     6.497     0.060        14
   103.837     6.514     0.060        14
   103.987     6.544     0.060        14
   104.152     6.568     0.060        14
   104.313     6.588     0.060        14
   104.467     6.608     0.060        14
   104.628     6.640     0.060        14
   104.792     6.660     0.060        14
   104.946     6.688     0.060        14
   105.107     6.718     0.060        14
   105.258     6.736     0.060        14
   105.422     6.760     0.060        14
   105.573     6.788     0.060        14
   105.727     6.814     0.060        14
   105.891     6.836     0.060        14
   106.042     6.858     0.060        14
   106.203     6.889     0.060        14
   106.367     6.912     0.060        14
   106.518     6.930     0.060        14
   106.679     6.951     0.060        14
   106.830     6.975     0.060        14
   106.991     6.996     0.060        14
   107.145     7.018     0.060        14
   107.295     7.043     0.060        14
   107.457     7.067     0.060        14
   107.607     7.095     0.060        14
   107.768     7.126     0.060        14
   107.922     7.153     0.060        14
   108.083     7.184     0.060        14
   108.234     7.203     0.060        14
   108.395     7.234     0.060        14
   108.543     7.265     0.060        14
   108.694     7.308     0.060        14
   108.855     7.314     0.060        14
   109.005     7.361     0.060        14
   109.167     7.392     0.060        14
   109.314     7.407     0.060        14
   109.479     7.442     0.060        14
   109.640     7.465     0.060        14
   109.791     7.487     0.060        14
   109.952     7.521     0.060        14
   110.103     7.547     0.060        14
   110.264     7.580     0.060        14
   110.417     7.602     0.060        14
   110.579     7.632     0.060        14
   110.729     7.653     0.060        14
   110.880     7.671     0.060        14
   111.041     7.693     0.060        14
   111.192     7.714     0.060        14
   111.353     7.728     0.060        14
   111.504     7.762     0.060        14
   111.665     7.771     0.060        14
   111.816     7.797     0.060        14
   111.977     7.831     0.060        14
   112.128     7.840     0.060        14
   112.289     7.866     0.060        14
   112.440     7.894     0.060        14
   112.587     7.898     0.060        14
   112.748     7.930     0.060        14
   112.899     7.950     0.060        14
   113.050     7.970     0.060        14
   113.200     7.998     0.060        14
   113.351     8.014     0.060        14
   113.509     8.046     0.060        14
   113.671     8.066     0.060        14
   113.832     8.106     0.060        14
   113.996     8.146     0.060        14
   114.147     8.174     0.060        14
   114.308     8.207     0.060        14
   114.469     8.231     0.060        14
   114.634     8.257     0.060        14
   114.795     8.283     0.060        14
   114.956     8.314     0.060        14
   115.118     8.348     0.060        14
   115.279     8.367     0.060        14
   115.440     8.405     0.060        14
   115.601     8.443     0.060        14
   115.763     8.470     0.060        14
   115.924     8.505     0.060        14
   116.085     8.532     0.060        14
   116.244     8.551     0.060        14
   116.394     8.579     0.060        14
   116.556     8.603     0.060        14
   116.714     8.633     0.060        14
   116.875     8.664     0.060        14
   117.026     8.696     0.060        14
   117.187     8.716     0.060        14
   117.345     8.733     0.060        14
   117.496     8.759     0.060        14
   117.657     8.783     0.060        14
   117.808     8.803     0.060        14
   117.969     8.827     0.060        14
   118.131     8.859     0.060        14
   118.292     8.875     0.060        14
   118.443     8.907     0.060        14
   118.604     8.939     0.060        14
   118.765     8.963     0.060        14
   118.929     8.987     0.060        14
   119.080     9.015     0.060        14
   119.241     9.047     0.060        14
   119.406     9.071     0.060        14
   119.567     9.095     0.060        14
   119.728     9.123     0.060        14
   119.889     9.147     0.060        14
   120.051     9.182     0.060        14
   120.212     9.200     0.060        14
   120.373     9.223     0.060        14
   120.535     9.243     0.060        14
   120.696     9.279     0.060        14
   120.857     9.311     0.060        14
   121.022     9.331     0.060        14
   121.183     9.359     0.060        14
   121.344     9.391     0.060        14
   121.508     9.423     0.060        14
   121.670     9.455     0.060        14
   121.831     9.479     0.060        14
   121.985     9.491     0.060        14
   122.146     9.540     0.060        14
   122.310     9.569     0.060        14
   122.471     9.595     0.060        14
   122.633     9.637     0.060        14
   122.797     9.649     0.060        14
   122.958     9.680     0.060        14
   123.109     9.720     0.060        14
   123.270     9.743     0.060        14
   123.421     9.768     0.060        14
   124.045     9.868     0.060        14
   124.367     9.920     0.060        14
   124.836     9.983     0.060        14
   125.312    10.047     0.060        14
   125.785    10.119     0.060        14
   126.248    10.186     0.060        14
   126.721    10.258     0.060        14
   127.030    10.302     0.060        14
   127.342    10.346     0.060        14
   127.654    10.394     0.060        14
   127.804    10.418     0.060        14
   127.969    10.446     0.060        14
   128.281    10.489     0.060        14
   128.606    10.545     0.060        14
   128.921    10.593     0.060        14
   215.914    24.171     0.060        14
   216.712    24.418     0.060        14
   217.398    24.580     0.060        14
   217.691    24.681     0.060        14
   218.302    24.814     0.060        14
   218.902    24.980     0.060        14
   219.185    25.094     0.060        14
   220.011    25.263     0.060        14
   220.680    25.441     0.060        14
   221.223    25.566     0.060        14
   222.067    25.756     0.060        14
   222.774    25.905     0.060        14
   223.495    26.074     0.060        14
   223.936    26.150     0.060        14
   224.808    26.311     0.060        14
   225.238    26.416     0.060        14
   226.273    26.621     0.060        14
   226.715    26.730     0.060        14
   227.435    26.866     0.060        14
   228.460    27.067     0.060        14
   229.178    27.204     0.060        14
   229.745    27.300     0.060        14
   230.716    27.443     0.060        14
   231.423    27.563     0.060        14
   232.845    27.799     0.060        14
   233.692    27.939     0.060        14
   234.528    28.079     0.060        14
   235.529    28.214     0.060        14
   236.382    28.371     0.060        14
   237.250    28.469     0.060        14
   238.272    28.621     0.060        14
   239.343    28.768     0.060        14
   239.819    28.831     0.060        14
   240.442    28.935     0.060        14
   241.206    29.076     0.060        14
   241.969    29.171     0.060        14
   243.131    29.350     0.060        14
   244.015    29.461     0.060        14
    97.353     4.820     0.060        17
    98.606     4.997     0.060        17
    99.377     5.119     0.060        17
   100.464     5.327     0.060        17
   101.384     5.486     0.060        17
   102.461     5.715     0.060        17
   103.987     5.991     0.060        17
   104.792     6.151     0.060        17
   105.727     6.332     0.060        17
   103.218     8.521     0.060        24
   103.987     8.731     0.060        24
   104.792     8.958     0.060        24
   105.573     9.127     0.060        24
   106.203     9.301     0.060        24
   106.679     9.439     0.060        24
   107.295     9.613     0.060        24
   107.768     9.767     0.060        24
   108.543     9.970     0.060        24
   109.314    10.155     0.060        24
   109.791    10.277     0.060        24
   110.103    10.386     0.060        24
   110.729    10.540     0.060        24
   111.192    10.678     0.060        24
   111.977    10.880     0.060        24
   112.587    11.058     0.060        24
   112.899    11.151     0.060        24
   113.509    11.317     0.060        24
   113.996    11.447     0.060        24
   114.634    11.563     0.060        24
   114.956    11.656     0.060        24
   115.279    11.778     0.060        24
   115.924    11.919     0.060        24
   116.394    12.045     0.060        24
   116.714    12.159     0.060        24
   117.187    12.284     0.060        24
   117.496    12.402     0.060        24
   117.969    12.548     0.060        24
   118.443    12.702     0.060        24
   119.080    12.905     0.060        24
   119.567    13.025     0.060        24
   119.889    13.132     0.060        24
   120.857    13.366     0.060        24
   121.022    13.452     0.060        24
   121.508    13.603     0.060        24
   121.670    13.651     0.060        24
   122.310    13.818     0.060        24
   122.633    13.910     0.060        24
   123.270    14.084     0.060        24
   124.045    14.319     0.060        24
   124.521    14.439     0.060        24
   124.836    14.500     0.060        24
   130.213    15.924     0.060        24
   130.692    16.054     0.060        24
   131.329    16.220     0.060        24
   131.805    16.353     0.060        24
   132.295    16.479     0.060        24
   132.782    16.600     0.060        24
   133.587    16.810     0.060        24
   134.077    16.948     0.060        24
   134.399    17.023     0.060        24
   134.725    17.124     0.060        24
   135.204    17.266     0.060        24
   114.956    17.488     0.060        28
   115.763    17.677     0.060        28
   116.394    17.804     0.060        28
   116.875    17.902     0.060        28
   117.657    18.043     0.060        28
   118.604    18.246     0.060        28
   119.080    18.333     0.060        28
   120.212    18.558     0.060        28
   124.206    19.315     0.060        28
   125.161    19.456     0.060        28
   126.248    19.662     0.060        28
   134.399    21.269     0.060        28
   135.204    21.414     0.060        28
   135.680    21.512     0.060        28
   136.471    21.668     0.060        28
     0.000     0.000     0.000        -1
