   387.558    -1.000     0.000         0
   385.467     1.541     0.060         1
   385.628     1.436     0.060         1
   385.782     1.380     0.060         1
   385.943     1.259     0.060         1
   386.096     1.212     0.060         1
   386.247     1.118     0.060         1
   386.397     1.067     0.060         1
   386.558     1.012     0.060         1
   386.712     0.937     0.060         1
   386.862     0.890     0.060         1
   387.012     0.850     0.060         1
   387.163     0.822     0.060         1
   387.327     0.791     0.060         1
   387.486     0.801     0.060         1
   386.397     1.685     0.060         3
   386.558     1.664     0.060         3
   386.712     1.663     0.060         3
   386.862     1.639     0.060         3
   387.012     1.617     0.060         3
   387.163     1.603     0.060         3
   387.327     1.601     0.060         3
   387.477     1.584     0.060         3
   387.486     1.577     0.060         3
   338.246    11.215     0.060         5
   338.557    11.183     0.060         5
   338.719    11.148     0.060         5
   339.041    11.083     0.060         5
   339.202    11.062     0.060         5
   339.514    11.003     0.060         5
   339.675    10.982     0.060         5
   339.833    10.971     0.060         5
   340.453    10.866     0.060         5
   340.772    10.803     0.060         5
   340.934    10.786     0.060         5
   341.092    10.775     0.060         5
   341.567    10.687     0.060         5
   342.046    10.624     0.060         5
   342.197    10.605     0.060         5
   342.522    10.565     0.060         5
   342.686    10.525     0.060         5
   342.840    10.509     0.060         5
   343.165    10.457     0.060         5
   343.329    10.426     0.060         5
   343.654    10.373     0.060         5
   343.980    10.342     0.060         5
   344.133    10.305     0.060         5
   344.294    10.275     0.060         5
   344.458    10.253     0.060         5
   344.612    10.219     0.060         5
   344.926    10.194     0.060         5
   345.252    10.160     0.060         5
   345.402    10.129     0.060         5
   345.563    10.102     0.060         5
   345.728    10.071     0.060         5
   345.878    10.056     0.060         5
   346.203    10.000     0.060         5
   346.515     9.957     0.060         5
   346.679     9.947     0.060         5
   346.840     9.923     0.060         5
   347.155     9.880     0.060         5
   347.469     9.834     0.060         5
   347.787     9.792     0.060         5
   348.255     9.707     0.060         5
   348.573     9.669     0.060         5
   348.726     9.643     0.060         5
   348.890     9.613     0.060         5
   349.208     9.568     0.060         5
   349.520     9.517     0.060         5
   349.681     9.492     0.060         5
   349.842     9.461     0.060         5
   350.322     9.406     0.060         5
   351.114     9.293     0.060         5
   351.584     9.208     0.060         5
   352.067     9.140     0.060         5
   352.554     9.055     0.060         5
   353.177     8.945     0.060         5
   353.492     8.889     0.060         5
   353.642     8.861     0.060         5
   354.110     8.789     0.060         5
   354.271     8.758     0.060         5
   354.739     8.672     0.060         5
   355.369     8.571     0.060         5
   355.683     8.521     0.060         5
   355.998     8.474     0.060         5
   356.312     8.431     0.060         5
   356.624     8.394     0.060         5
   356.939     8.354     0.060         5
   357.579     8.292     0.060         5
   357.743     8.277     0.060         5
   358.057     8.251     0.060         5
   358.375     8.228     0.060         5
   358.536     8.213     0.060         5
   358.861     8.180     0.060         5
   359.015     8.169     0.060         5
   359.340     8.136     0.060         5
   359.665     8.111     0.060         5
   359.819     8.099     0.060         5
   360.130     8.077     0.060         5
   360.609     8.032     0.060         5
   360.934     8.016     0.060         5
   361.260     7.993     0.060         5
   361.893     7.947     0.060         5
   362.520     7.896     0.060         5
   246.583    25.602     0.060         8
   248.458    25.207     0.060         8
   250.012    24.848     0.060         8
   251.102    24.602     0.060         8
   252.363    24.341     0.060         8
   253.326    24.150     0.060         8
   254.415    23.935     0.060         8
   255.347    23.729     0.060         8
   256.272    23.534     0.060         8
   257.368    23.337     0.060         8
   258.965    23.043     0.060         8
   260.229    22.831     0.060         8
   262.785    22.473     0.060         8
   263.906    22.351     0.060         8
   264.891    22.236     0.060         8
   266.204    22.066     0.060         8
   292.470    17.342     0.060         8
   293.414    17.234     0.060         8
   293.718    17.202     0.060         8
   294.347    17.130     0.060         8
   294.648    17.094     0.060         8
   295.579    16.987     0.060         8
   296.813    16.855     0.060         8
   297.582    16.768     0.060         8
   298.040    16.695     0.060         8
   298.357    16.680     0.060         8
   299.421    16.615     0.060         8
   300.633    16.479     0.060         8
   302.021    16.329     0.060         8
   303.598    16.144     0.060         8
   304.372    16.070     0.060         8
   305.632    15.943     0.060         8
   306.731    15.840     0.060         8
   307.815    15.732     0.060         8
   308.598    15.665     0.060         8
   309.848    15.542     0.060         8
   310.482    15.493     0.060         8
   311.256    15.415     0.060         8
   312.204    15.332     0.060         8
   312.817    15.300     0.060         8
   313.604    15.239     0.060         8
   314.532    15.156     0.060         8
   315.155    15.107     0.060         8
   315.628    15.075     0.060         8
   316.090    15.042     0.060         8
   317.039    14.959     0.060         8
   366.386     7.498     0.060        10
   366.701     7.410     0.060        10
   366.865     7.352     0.060        10
   367.177     7.270     0.060        10
   367.341     7.205     0.060        10
   367.655     7.117     0.060        10
   367.816     7.105     0.060        10
   367.967     7.071     0.060        10
   368.131     6.970     0.060        10
   368.292     6.940     0.060        10
   368.446     6.906     0.060        10
   368.607     6.840     0.060        10
   368.760     6.818     0.060        10
   368.921     6.752     0.060        10
   369.072     6.718     0.060        10
   369.236     6.659     0.060        10
   369.386     6.599     0.060        10
   369.550     6.559     0.060        10
   369.712     6.517     0.060        10
   369.862     6.422     0.060        10
   370.023     6.380     0.060        10
   370.187     6.328     0.060        10
   370.338     6.276     0.060        10
   370.499     6.228     0.060        10
   370.660     6.181     0.060        10
   370.810     6.139     0.060        10
   370.972     6.093     0.060        10
   371.122     6.045     0.060        10
   371.283     5.993     0.060        10
   371.444     5.959     0.060        10
   371.595     5.916     0.060        10
   371.756     5.909     0.060        10
   371.906     5.828     0.060        10
   372.067     5.776     0.060        10
   372.218     5.734     0.060        10
   372.379     5.682     0.060        10
   372.529     5.658     0.060        10
   372.690     5.615     0.060        10
   372.851     5.575     0.060        10
   373.013     5.541     0.060        10
   373.174     5.495     0.060        10
   373.338     5.505     0.060        10
   373.488     5.465     0.060        10
   373.652     5.431     0.060        10
   373.814     5.393     0.060        10
   373.978     5.351     0.060        10
   374.139     5.314     0.060        10
   374.289     5.278     0.060        10
   374.453     5.240     0.060        10
   374.614     5.207     0.060        10
   374.779     5.170     0.060        10
   374.943     5.125     0.060        10
   375.104     5.080     0.060        10
   375.268     5.030     0.060        10
   375.418     4.983     0.060        10
   375.583     4.937     0.060        10
   375.744     4.888     0.060        10
   375.908     4.839     0.060        10
   376.069     4.798     0.060        10
   376.219     4.746     0.060        10
   376.383     4.648     0.060        10
   376.706     4.509     0.060        10
   377.031     4.393     0.060        10
   377.356     4.276     0.060        10
   377.842     4.129     0.060        10
   378.003     4.065     0.060        10
   378.168     3.946     0.060        10
   378.664     3.806     0.060        10
   379.140     3.647     0.060        10
   379.626     3.456     0.060        10
   380.105     3.287     0.060        10
   380.430     3.181     0.060        10
   381.227     2.994     0.060        10
   381.552     2.899     0.060        10
   382.020     2.762     0.060        10
   382.342     2.624     0.060        10
   382.810     2.502     0.060        10
   383.286     2.333     0.060        10
   383.590     2.238     0.060        10
   383.905     3.369     0.060        11
   384.066     3.302     0.060        11
   384.219     3.232     0.060        11
   384.370     3.163     0.060        11
   384.534     3.095     0.060        11
   384.684     3.030     0.060        11
   384.848     2.965     0.060        11
   385.002     2.911     0.060        11
   385.163     2.867     0.060        11
   385.316     2.814     0.060        11
   385.467     2.757     0.060        11
   385.628     2.714     0.060        11
   385.782     2.675     0.060        11
   385.943     2.636     0.060        11
   386.096     2.602     0.060        11
   386.247     2.568     0.060        11
   386.397     2.538     0.060        11
   386.558     2.503     0.060        11
   386.712     2.479     0.060        11
   386.862     2.459     0.060        11
   387.012     2.444     0.060        11
   387.163     2.433     0.060        11
   387.327     2.423     0.060        11
   387.477     2.417     0.060        11
   387.486     2.416     0.060        11
   374.289     5.811     0.060        18
   374.453     5.755     0.060        18
   374.614     5.708     0.060        18
   374.779     5.648     0.060        18
   374.943     5.605     0.060        18
   375.104     5.558     0.060        18
   375.268     5.507     0.060        18
   375.418     5.466     0.060        18
   375.583     5.413     0.060        18
   375.744     5.364     0.060        18
   375.908     5.307     0.060        18
   376.069     5.259     0.060        18
   376.219     5.204     0.060        18
   376.383     5.150     0.060        18
   376.545     5.092     0.060        18
   376.706     5.022     0.060        18
   376.870     4.972     0.060        18
   377.031     4.922     0.060        18
   377.192     4.875     0.060        18
   377.356     4.820     0.060        18
   377.517     4.782     0.060        18
   377.678     4.739     0.060        18
   377.842     4.677     0.060        18
   378.003     4.615     0.060        18
   378.168     4.556     0.060        18
   378.329     4.519     0.060        18
   378.500     4.472     0.060        18
   378.664     4.394     0.060        18
   378.826     4.333     0.060        18
   378.987     4.268     0.060        18
   379.140     4.211     0.060        18
   379.301     4.152     0.060        18
   379.465     4.101     0.060        18
   379.626     4.040     0.060        18
   379.791     3.971     0.060        18
   379.952     3.926     0.060        18
   380.105     3.849     0.060        18
   380.269     3.741     0.060        18
   380.430     3.690     0.060        18
   380.595     3.652     0.060        18
   380.745     3.616     0.060        18
   380.909     3.475     0.060        18
   381.073     3.445     0.060        18
   381.227     3.413     0.060        18
   381.388     3.363     0.060        18
   381.552     3.324     0.060        18
   381.702     3.281     0.060        18
   381.867     3.241     0.060        18
   382.020     3.199     0.060        18
   382.181     3.147     0.060        18
   382.342     3.115     0.060        18
   385.316     3.057     0.060        22
   385.467     3.009     0.060        22
   385.628     2.972     0.060        22
   385.782     2.935     0.060        22
   385.943     2.901     0.060        22
   386.096     2.867     0.060        22
   386.247     2.850     0.060        22
   386.397     2.823     0.060        22
   386.558     2.800     0.060        22
   386.712     2.785     0.060        22
   386.862     2.763     0.060        22
   387.012     2.758     0.060        22
   387.163     2.740     0.060        22
   387.327     2.745     0.060        22
   387.477     2.743     0.060        22
   387.486     2.743     0.060        22
   387.558     1.000     0.000         0
   387.780     0.834     0.060         1
   387.942     0.862     0.060         1
   388.095     0.915     0.060         1
   388.245     0.963     0.060         1
   388.396     1.028     0.060         1
   388.557     1.106     0.060         1
   388.710     1.179     0.060         1
   388.872     1.248     0.060         1
   389.022     1.321     0.060         1
   389.183     1.403     0.060         1
   389.344     1.472     0.060         1
   389.508     1.572     0.060         1
   389.659     1.646     0.060         1
   387.780     1.608     0.060         3
   387.942     1.643     0.060         3
   388.095     1.689     0.060         3
   388.245     1.726     0.060         3
   388.396     1.756     0.060         3
   388.557     1.802     0.060         3
   388.710     1.860     0.060         3
   405.033     6.464     0.060         5
   405.358     6.533     0.060         5
   406.003     6.674     0.060         5
   406.164     6.702     0.060         5
   406.650     6.782     0.060         5
   398.600     5.276     0.060         7
   398.764     5.293     0.060         7
   398.928     5.303     0.060         7
   399.089     5.316     0.060         7
   399.253     5.332     0.060         7
   399.407     5.342     0.060         7
   399.571     5.360     0.060         7
   399.735     5.375     0.060         7
   399.899     5.385     0.060         7
   400.063     5.415     0.060         7
   400.227     5.424     0.060         7
   400.391     5.440     0.060         7
   400.544     5.467     0.060         7
   400.708     5.498     0.060         7
   400.870     5.520     0.060         7
   401.034     5.549     0.060         7
   401.198     5.582     0.060         7
   401.359     5.612     0.060         7
   401.512     5.615     0.060         7
   401.676     5.620     0.060         7
   401.837     5.673     0.060         7
   401.991     5.709     0.060         7
   402.155     5.742     0.060         7
   402.316     5.770     0.060         7
   402.480     5.802     0.060         7
   402.644     5.851     0.060         7
   402.795     5.883     0.060         7
   402.959     5.936     0.060         7
   403.120     5.992     0.060         7
   403.273     6.051     0.060         7
   403.434     6.087     0.060         7
   403.598     6.128     0.060         7
   403.749     6.178     0.060         7
   403.910     6.209     0.060         7
   404.071     6.257     0.060         7
   404.235     6.295     0.060         7
   404.386     6.324     0.060         7
   404.547     6.366     0.060         7
   404.711     6.423     0.060         7
   404.872     6.443     0.060         7
   405.033     6.451     0.060         7
   405.194     6.466     0.060         7
   405.358     6.525     0.060         7
   405.519     6.586     0.060         7
   405.680     6.622     0.060         7
   405.842     6.626     0.060         7
   406.003     6.695     0.060         7
   406.164     6.721     0.060         7
   406.325     6.722     0.060         7
   406.489     6.747     0.060         7
   406.650     6.783     0.060         7
   406.811     6.827     0.060         7
   390.922     2.096     0.060        10
   391.384     2.244     0.060        10
   391.859     2.424     0.060        10
   392.171     2.559     0.060        10
   392.657     2.684     0.060        10
   393.130     2.854     0.060        10
   393.778     3.003     0.060        10
   394.100     3.131     0.060        10
   394.586     3.257     0.060        10
   394.908     3.384     0.060        10
   395.556     3.574     0.060        10
   396.039     3.732     0.060        10
   396.526     3.901     0.060        10
   397.173     4.073     0.060        10
   397.646     4.294     0.060        10
   397.960     4.340     0.060        10
   398.122     4.368     0.060        10
   398.286     4.409     0.060        10
   398.447     4.453     0.060        10
   398.600     4.479     0.060        10
   398.764     4.514     0.060        10
   398.928     4.553     0.060        10
   399.089     4.603     0.060        10
   399.253     4.635     0.060        10
   399.407     4.679     0.060        10
   399.571     4.714     0.060        10
   399.735     4.755     0.060        10
   399.899     4.788     0.060        10
   400.063     4.837     0.060        10
   400.227     4.895     0.060        10
   400.391     4.936     0.060        10
   400.544     4.976     0.060        10
   400.708     5.008     0.060        10
   400.870     5.069     0.060        10
   401.034     5.108     0.060        10
   401.198     5.154     0.060        10
   401.359     5.210     0.060        10
   401.512     5.245     0.060        10
   401.676     5.300     0.060        10
   401.837     5.386     0.060        10
   401.991     5.464     0.060        10
   402.155     5.507     0.060        10
   402.316     5.562     0.060        10
   402.480     5.613     0.060        10
   402.644     5.645     0.060        10
   402.795     5.692     0.060        10
   402.959     5.763     0.060        10
   403.120     5.813     0.060        10
   403.273     5.862     0.060        10
   403.434     5.908     0.060        10
   403.749     6.031     0.060        10
   403.910     6.077     0.060        10
   404.071     6.132     0.060        10
   404.235     6.160     0.060        10
   404.386     6.222     0.060        10
   387.780     2.429     0.060        11
   387.942     2.438     0.060        11
   388.095     2.455     0.060        11
   388.245     2.472     0.060        11
   388.396     2.492     0.060        11
   388.557     2.514     0.060        11
   388.710     2.552     0.060        11
   388.872     2.590     0.060        11
   389.022     2.636     0.060        11
   389.183     2.682     0.060        11
   389.344     2.741     0.060        11
   389.508     2.795     0.060        11
   389.659     2.828     0.060        11
   389.820     2.873     0.060        11
   389.981     2.929     0.060        11
   390.135     2.982     0.060        11
   390.296     3.049     0.060        11
   390.446     3.114     0.060        11
   390.607     3.183     0.060        11
   390.758     3.258     0.060        11
   390.922     3.324     0.060        11
   391.072     3.394     0.060        11
   391.859     2.829     0.060        18
   392.010     2.888     0.060        18
   392.171     2.942     0.060        18
   392.332     2.991     0.060        18
   392.496     3.045     0.060        18
   392.657     3.100     0.060        18
   392.808     3.134     0.060        18
   392.969     3.190     0.060        18
   393.130     3.245     0.060        18
   393.291     3.293     0.060        18
   393.455     3.341     0.060        18
   393.616     3.382     0.060        18
   393.778     3.418     0.060        18
   393.939     3.459     0.060        18
   394.100     3.507     0.060        18
   394.261     3.556     0.060        18
   394.425     3.603     0.060        18
   394.586     3.663     0.060        18
   394.747     3.718     0.060        18
   394.908     3.778     0.060        18
   395.070     3.826     0.060        18
   395.231     3.882     0.060        18
   395.392     3.937     0.060        18
   395.556     3.991     0.060        18
   395.717     4.047     0.060        18
   387.780     2.732     0.060        22
   387.942     2.755     0.060        22
   388.095     2.790     0.060        22
   388.245     2.787     0.060        22
   388.396     2.806     0.060        22
   388.557     2.820     0.060        22
   388.710     2.846     0.060        22
   388.872     2.875     0.060        22
   389.022     2.915     0.060        22
   389.183     2.955     0.060        22
   389.344     3.000     0.060        22
   389.508     3.039     0.060        22
   389.659     3.073     0.060        22
   389.820     3.111     0.060        22
     0.000     0.000     0.000        -1
