   138.753    -1.000     0.000         0
   135.043     3.075     0.060         1
   135.204     2.970     0.060         1
   135.366     2.911     0.060         1
   135.530     2.836     0.060         1
   135.681     2.757     0.060         1
   135.842     2.683     0.060         1
   135.996     2.610     0.060         1
   136.157     2.540     0.060         1
   136.307     2.480     0.060         1
   136.472     2.431     0.060         1
   136.633     2.385     0.060         1
   136.787     2.337     0.060         1
   136.948     2.287     0.060         1
   137.098     2.242     0.060         1
   137.263     2.203     0.060         1
   137.424     2.168     0.060         1
   137.574     2.145     0.060         1
   137.739     2.119     0.060         1
   137.900     2.100     0.060         1
   138.050     2.080     0.060         1
   138.215     2.063     0.060         1
   138.365     2.051     0.060         1
   138.525     2.049     0.060         1
   138.680     2.039     0.060         1
     8.277    22.593     0.060         5
     9.103    22.475     0.060         5
     9.590    22.400     0.060         5
    10.548    22.246     0.060         5
    11.208    22.165     0.060         5
    12.206    22.025     0.060         5
    12.865    21.933     0.060         5
    13.656    21.801     0.060         5
    14.619    21.654     0.060         5
    14.945    21.624     0.060         5
    15.750    21.515     0.060         5
    16.412    21.429     0.060         5
    17.709    21.235     0.060         5
    18.182    21.161     0.060         5
    19.129    21.021     0.060         5
    19.441    20.980     0.060         5
    20.065    20.893     0.060         5
    20.843    20.766     0.060         5
    21.473    20.695     0.060         5
    22.251    20.574     0.060         5
    22.878    20.487     0.060         5
    23.505    20.405     0.060         5
    25.073    20.161     0.060         5
    25.704    20.063     0.060         5
    26.328    19.975     0.060         5
    26.955    19.895     0.060         5
    27.432    19.824     0.060         5
    28.217    19.709     0.060         5
    28.543    19.673     0.060         5
    29.019    19.609     0.060         5
    29.821    19.503     0.060         5
    30.445    19.407     0.060         5
    31.237    19.275     0.060         5
    32.195    19.132     0.060         5
    32.844    19.032     0.060         5
    33.481    18.924     0.060         5
    34.130    18.816     0.060         5
    34.943    18.684     0.060         5
    35.443    18.608     0.060         5
    35.766    18.561     0.060         5
    36.253    18.481     0.060         5
    36.745    18.397     0.060         5
    37.221    18.329     0.060         5
    37.705    18.253     0.060         5
    38.192    18.181     0.060         5
    39.005    18.062     0.060         5
    39.657    17.979     0.060         5
    39.818    17.959     0.060         5
    40.631    17.827     0.060         5
    41.287    17.731     0.060         5
    41.921    17.644     0.060         5
    42.419    17.576     0.060         5
    43.191    17.473     0.060         5
    43.812    17.377     0.060         5
    44.449    17.286     0.060         5
    44.912    17.226     0.060         5
    45.542    17.139     0.060         5
    46.018    17.084     0.060         5
    46.648    16.996     0.060         5
    47.114    16.924     0.060         5
    47.429    16.889     0.060         5
    47.902    16.838     0.060         5
    48.217    16.798     0.060         5
    48.847    16.719     0.060         5
    49.471    16.640     0.060         5
    49.945    16.584     0.060         5
    50.575    16.497     0.060         5
    51.357    16.394     0.060         5
    51.984    16.314     0.060         5
    52.906    16.191     0.060         5
    53.821    16.089     0.060         5
    54.734    15.970     0.060         5
    55.501    15.875     0.060         5
    56.422    15.739     0.060         5
    57.495    15.633     0.060         5
    58.259    15.555     0.060         5
    58.869    15.504     0.060         5
    59.644    15.389     0.060         5
    60.408    15.281     0.060         5
    60.717    15.238     0.060         5
    61.172    15.186     0.060         5
    61.772    15.111     0.060         5
    62.381    15.007     0.060         5
    62.839    14.964     0.060         5
    63.440    14.872     0.060         5
    63.734    14.857     0.060         5
    64.636    14.722     0.060         5
    65.090    14.671     0.060         5
    65.546    14.611     0.060         5
    66.009    14.560     0.060         5
    66.621    14.485     0.060         5
    67.382    14.390     0.060         5
    67.995    14.302     0.060         5
    68.461    14.234     0.060         5
    69.082    14.155     0.060         5
    69.232    14.148     0.060         5
    69.698    14.084     0.060         5
    70.171    14.016     0.060         5
    70.483    13.989     0.060         5
    71.110    13.893     0.060         5
    71.731    13.814     0.060         5
    72.043    13.770     0.060         5
    72.673    13.671     0.060         5
    73.139    13.611     0.060         5
    73.769    13.524     0.060         5
    74.242    13.452     0.060         5
    74.845    13.377     0.060         5
    75.602    13.282     0.060         5
    76.222    13.190     0.060         5
    76.830    13.094     0.060         5
    77.608    12.983     0.060         5
    78.074    12.919     0.060         5
    78.536    12.860     0.060         5
    79.009    12.788     0.060         5
    79.932    12.661     0.060         5
    81.015    12.514     0.060         5
    81.628    12.410     0.060         5
    82.561    12.262     0.060         5
    83.508    12.122     0.060         5
    84.135    12.018     0.060         5
    84.762    11.914     0.060         5
    85.550    11.799     0.060         5
    86.492    11.643     0.060         5
    86.968    11.563     0.060         5
    87.756    11.431     0.060         5
    88.386    11.343     0.060         5
    89.013    11.248     0.060         5
    89.632    11.152     0.060         5
    90.259    11.064     0.060         5
    91.029    10.953     0.060         5
    91.508    10.889     0.060         5
    92.289    10.774     0.060         5
    92.450    10.754     0.060         5
    94.664    10.518     0.060         5
    94.826    10.483     0.060         5
    94.979    10.444     0.060         5
    95.140    10.380     0.060         5
    95.302    10.348     0.060         5
    95.452    10.309     0.060         5
    95.617    10.279     0.060         5
    95.778    10.226     0.060         5
    95.939    10.186     0.060         5
    96.090    10.165     0.060         5
    96.251    10.137     0.060         5
    96.416    10.098     0.060         5
    96.566    10.067     0.060         5
    96.728    10.009     0.060         5
    96.881     9.994     0.060         5
    97.042     9.951     0.060         5
    97.204     9.921     0.060         5
    97.354     9.871     0.060         5
    97.516     9.834     0.060         5
    97.677     9.805     0.060         5
    97.828     9.773     0.060         5
    97.989     9.745     0.060         5
    98.147     9.708     0.060         5
    98.298     9.679     0.060         5
    98.459     9.656     0.060         5
    98.607     9.614     0.060         5
    98.768     9.566     0.060         5
    98.919     9.521     0.060         5
    99.069     9.486     0.060         5
    99.228     9.444     0.060         5
    99.378     9.420     0.060         5
    99.540     9.385     0.060         5
    99.690     9.360     0.060         5
    99.841     9.324     0.060         5
   100.002     9.308     0.060         5
   100.153     9.277     0.060         5
   100.314     9.265     0.060         5
   100.465     9.241     0.060         5
   100.615     9.191     0.060         5
   100.777     9.174     0.060         5
   100.927     9.172     0.060         5
   101.081     9.146     0.060         5
   101.232     9.107     0.060         5
   101.385     9.089     0.060         5
   101.536     9.064     0.060         5
   101.690     9.044     0.060         5
   101.843     9.016     0.060         5
   101.994     8.999     0.060         5
   102.148     8.971     0.060         5
   102.298     8.951     0.060         5
   102.462     8.929     0.060         5
   102.613     8.891     0.060         5
   102.764     8.881     0.060         5
   102.917     8.854     0.060         5
   103.068     8.836     0.060         5
   103.219     8.801     0.060         5
   103.372     8.775     0.060         5
   103.523     8.756     0.060         5
   103.684     8.734     0.060         5
   103.838     8.716     0.060         5
   103.988     8.709     0.060         5
   104.153     8.675     0.060         5
   104.314     8.650     0.060         5
   104.468     8.631     0.060         5
   104.629     8.614     0.060         5
   104.793     8.586     0.060         5
   104.947     8.556     0.060         5
   105.108     8.534     0.060         5
   105.259     8.513     0.060         5
   105.423     8.485     0.060         5
   105.574     8.461     0.060         5
   105.727     8.440     0.060         5
   105.892     8.423     0.060         5
   106.042     8.403     0.060         5
   106.204     8.378     0.060         5
   106.368     8.358     0.060         5
   106.518     8.333     0.060         5
   106.680     8.301     0.060         5
   106.830     8.281     0.060         5
   106.992     8.253     0.060         5
   107.145     8.229     0.060         5
   107.296     8.209     0.060         5
   107.457     8.177     0.060         5
   107.608     8.145     0.060         5
   107.769     8.125     0.060         5
   107.923     8.108     0.060         5
   108.084     8.054     0.060         5
   108.235     8.053     0.060         5
   108.396     8.029     0.060         5
   108.544     7.985     0.060         5
   108.694     7.977     0.060         5
   108.856     7.977     0.060         5
   109.006     7.945     0.060         5
   109.168     7.897     0.060         5
   109.315     7.873     0.060         5
   109.480     7.853     0.060         5
   109.641     7.821     0.060         5
   109.791     7.794     0.060         5
   109.953     7.776     0.060         5
   110.103     7.769     0.060         5
   110.265     7.749     0.060         5
   110.418     7.717     0.060         5
   110.580     7.685     0.060         5
   110.730     7.687     0.060         5
   110.881     7.663     0.060         5
   111.042     7.635     0.060         5
   111.193     7.626     0.060         5
   111.354     7.597     0.060         5
   111.505     7.580     0.060         5
   111.666     7.556     0.060         5
   111.817     7.543     0.060         5
   111.978     7.529     0.060         5
   112.129     7.512     0.060         5
   112.290     7.482     0.060         5
   112.441     7.460     0.060         5
   112.588     7.454     0.060         5
   112.749     7.420     0.060         5
   112.900     7.413     0.060         5
   113.051     7.402     0.060         5
   113.201     7.394     0.060         5
   113.352     7.386     0.060         5
   113.510     7.359     0.060         5
   113.672     7.346     0.060         5
   113.833     7.308     0.060         5
   113.997     7.287     0.060         5
   114.148     7.283     0.060         5
   114.309     7.263     0.060         5
   114.470     7.236     0.060         5
   114.635     7.217     0.060         5
   114.796     7.198     0.060         5
   114.957     7.175     0.060         5
   115.119     7.145     0.060         5
   115.280     7.111     0.060         5
   115.441     7.097     0.060         5
   115.602     7.073     0.060         5
   115.764     7.053     0.060         5
   115.925     7.013     0.060         5
   116.086     6.985     0.060         5
   116.245     6.965     0.060         5
   116.395     6.941     0.060         5
   116.557     6.909     0.060         5
   116.715     6.885     0.060         5
   116.876     6.857     0.060         5
   117.027     6.833     0.060         5
   117.188     6.805     0.060         5
   117.346     6.775     0.060         5
   117.497     6.749     0.060         5
   117.658     6.715     0.060         5
   117.809     6.677     0.060         5
   117.970     6.643     0.060         5
   118.131     6.613     0.060         5
   118.293     6.590     0.060         5
   118.443     6.567     0.060         5
   118.605     6.529     0.060         5
   118.766     6.506     0.060         5
   118.930     6.491     0.060         5
   119.081     6.460     0.060         5
   119.242     6.431     0.060         5
   119.406     6.415     0.060         5
   119.568     6.422     0.060         5
   119.729     6.377     0.060         5
   119.890     6.364     0.060         5
   120.051     6.342     0.060         5
   120.213     6.328     0.060         5
   120.374     6.314     0.060         5
   120.535     6.304     0.060         5
   120.697     6.278     0.060         5
   120.858     6.262     0.060         5
   121.022     6.247     0.060         5
   121.183     6.227     0.060         5
   121.345     6.207     0.060         5
   121.509     6.187     0.060         5
   121.670     6.168     0.060         5
   121.832     6.148     0.060         5
   121.985     6.132     0.060         5
   122.146     6.117     0.060         5
   122.311     6.098     0.060         5
   122.472     6.074     0.060         5
   122.633     6.055     0.060         5
   122.798     6.031     0.060         5
   122.959     6.003     0.060         5
   123.110     5.975     0.060         5
   123.271     5.947     0.060         5
   123.421     5.920     0.060         5
   123.583     5.892     0.060         5
   123.733     5.860     0.060         5
   123.895     5.832     0.060         5
   124.045     5.808     0.060         5
   124.206     5.784     0.060         5
   124.368     5.756     0.060         5
   124.521     5.728     0.060         5
   124.686     5.700     0.060         5
   124.836     5.665     0.060         5
   124.998     5.632     0.060         5
   125.162     5.600     0.060         5
   125.313     5.572     0.060         5
   125.474     5.544     0.060         5
   125.635     5.520     0.060         5
   125.786     5.488     0.060         5
   125.947     5.460     0.060         5
   126.098     5.433     0.060         5
   126.248     5.405     0.060         5
   126.409     5.377     0.060         5
   126.560     5.346     0.060         5
   126.721     5.310     0.060         5
   126.872     5.282     0.060         5
   127.030     5.253     0.060         5
   127.181     5.220     0.060         5
   127.342     5.187     0.060         5
   127.492     5.154     0.060         5
   127.654     5.125     0.060         5
   127.804     5.101     0.060         5
   127.969     5.073     0.060         5
   128.119     5.049     0.060         5
   128.280     5.021     0.060         5
   128.445     4.993     0.060         5
   128.606     4.969     0.060         5
   128.770     4.937     0.060         5
   128.921     4.913     0.060         5
   129.085     4.889     0.060         5
   129.250     4.861     0.060         5
   129.411     4.826     0.060         5
   129.575     4.791     0.060         5
   129.737     4.756     0.060         5
   130.052     4.667     0.060         5
   130.377     4.598     0.060         5
   130.528     4.558     0.060         5
   131.018     4.453     0.060         5
   131.329     4.389     0.060         5
   131.655     4.316     0.060         5
   132.296     4.196     0.060         5
     3.393    23.336     0.060         8
     4.056    23.232     0.060         8
     4.543    23.167     0.060         8
     5.040    23.140     0.060         8
     5.541    23.079     0.060         8
     6.340    22.972     0.060         8
     7.308    22.857     0.060         8
     7.789    22.799     0.060         8
     8.441    22.710     0.060         8
     8.777    22.663     0.060         8
     9.429    22.588     0.060         8
     9.913    22.529     0.060         8
    10.548    22.444     0.060         8
    11.208    22.369     0.060         8
    12.042    22.263     0.060         8
    12.378    22.235     0.060         8
    13.027    22.165     0.060         8
    13.505    22.105     0.060         8
    14.304    22.001     0.060         8
    14.619    21.964     0.060         8
    14.783    21.950     0.060         8
    15.435    21.876     0.060         8
    15.922    21.825     0.060         8
    16.412    21.745     0.060         8
    16.573    21.736     0.060         8
    17.235    21.624     0.060         8
    17.870    21.548     0.060         8
    18.656    21.436     0.060         8
    19.290    21.379     0.060         8
    19.441    21.351     0.060         8
    20.216    21.262     0.060         8
    20.843    21.208     0.060         8
    21.473    21.119     0.060         8
    21.946    21.067     0.060         8
    22.716    20.960     0.060         8
    23.193    20.928     0.060         8
    23.655    20.852     0.060         8
    24.290    20.773     0.060         8
    25.231    20.622     0.060         8
    25.855    20.546     0.060         8
    26.794    20.426     0.060         8
    27.432    20.322     0.060         8
    28.217    20.202     0.060         8
    29.019    20.108     0.060         8
    30.284    19.948     0.060         8
    31.075    19.848     0.060         8
    31.552    19.792     0.060         8
    32.682    19.648     0.060         8
    33.807    19.508     0.060         8
    34.291    19.442     0.060         8
    34.943    19.356     0.060         8
    35.930    19.220     0.060         8
    36.583    19.130     0.060         8
    37.544    18.991     0.060         8
    38.356    18.867     0.060         8
    39.170    18.749     0.060         8
    40.144    18.607     0.060         8
    49.633    17.350     0.060         8
    50.413    17.293     0.060         8
    50.887    17.244     0.060         8
    51.357    17.211     0.060         8
    52.145    17.078     0.060         8
    52.605    17.046     0.060         8
    53.068    16.995     0.060         8
    54.125    16.876     0.060         8
    54.734    16.789     0.060         8
    55.186    16.757     0.060         8
    55.805    16.667     0.060         8
    56.260    16.620     0.060         8
    57.032    16.520     0.060         8
    57.344    16.511     0.060         8
    57.957    16.425     0.060         8
    58.409    16.393     0.060         8
    59.178    16.307     0.060         8
    59.644    16.270     0.060         8
    60.257    16.194     0.060         8
    61.021    16.104     0.060         8
    61.314    16.109     0.060         8
    62.381    16.014     0.060         8
    63.143    15.924     0.060         8
    63.734    15.891     0.060         8
    64.636    15.758     0.060         8
    65.090    15.748     0.060         8
    65.546    15.692     0.060         8
    66.167    15.654     0.060         8
    66.621    15.621     0.060         8
    67.078    15.588     0.060         8
    67.532    15.565     0.060         8
    68.310    15.498     0.060         8
    68.920    15.447     0.060         8
    69.394    15.404     0.060         8
    70.007    15.344     0.060         8
    70.322    15.307     0.060         8
    70.949    15.244     0.060         8
    71.573    15.167     0.060         8
    72.207    15.099     0.060         8
    73.139    14.987     0.060         8
    73.615    14.940     0.060         8
    74.694    14.833     0.060         8
    75.143    14.797     0.060         8
    76.372    14.674     0.060         8
    77.142    14.615     0.060         8
    78.224    14.521     0.060         8
    79.009    14.454     0.060         8
    79.770    14.386     0.060         8
    80.703    14.312     0.060         8
    81.317    14.260     0.060         8
    81.790    14.225     0.060         8
    82.411    14.162     0.060         8
     7.789    23.513     0.060        14
     8.777    23.382     0.060        14
     9.751    23.230     0.060        14
    10.715    23.092     0.060        14
    11.208    23.022     0.060        14
    12.206    22.854     0.060        14
    12.704    22.763     0.060        14
    13.656    22.636     0.060        14
    14.304    22.546     0.060        14
    14.945    22.460     0.060        14
    15.599    22.357     0.060        14
    16.412    22.249     0.060        14
    17.074    22.159     0.060        14
    18.031    22.015     0.060        14
    18.656    21.933     0.060        14
    19.441    21.816     0.060        14
    20.065    21.734     0.060        14
    20.843    21.624     0.060        14
    21.319    21.544     0.060        14
    21.946    21.440     0.060        14
    22.566    21.380     0.060        14
    23.193    21.279     0.060        14
    23.655    21.200     0.060        14
    23.981    21.166     0.060        14
    24.761    21.082     0.060        14
    25.392    20.974     0.060        14
    26.167    20.868     0.060        14
    27.117    20.756     0.060        14
    27.905    20.641     0.060        14
    28.217    20.594     0.060        14
    29.019    20.469     0.060        14
    29.660    20.376     0.060        14
    30.130    20.324     0.060        14
    30.760    20.258     0.060        14
    31.552    20.126     0.060        14
    32.357    19.991     0.060        14
    32.844    19.910     0.060        14
    33.481    19.818     0.060        14
    33.969    19.722     0.060        14
    34.781    19.617     0.060        14
    35.107    19.556     0.060        14
    35.766    19.460     0.060        14
    36.253    19.386     0.060        14
    37.382    19.198     0.060        14
    38.031    19.090     0.060        14
    38.844    18.954     0.060        14
    39.818    18.816     0.060        14
    56.260    16.666     0.060        14
    56.572    16.627     0.060        14
    56.881    16.607     0.060        14
    57.032    16.582     0.060        14
    57.957    16.455     0.060        14
    58.568    16.387     0.060        14
    58.869    16.345     0.060        14
    59.178    16.303     0.060        14
    59.644    16.217     0.060        14
    60.106    16.178     0.060        14
    60.408    16.130     0.060        14
    60.867    16.070     0.060        14
    61.314    16.035     0.060        14
    61.468    16.012     0.060        14
    61.772    15.987     0.060        14
    62.227    15.931     0.060        14
    62.532    15.898     0.060        14
    62.990    15.835     0.060        14
    63.440    15.779     0.060        14
    63.591    15.746     0.060        14
    64.181    15.666     0.060        14
    64.636    15.599     0.060        14
    64.942    15.574     0.060        14
    65.251    15.536     0.060        14
    65.708    15.470     0.060        14
    66.009    15.425     0.060        14
    66.473    15.366     0.060        14
    66.782    15.303     0.060        14
    67.228    15.241     0.060        14
    67.532    15.226     0.060        14
    67.995    15.146     0.060        14
    68.310    15.117     0.060        14
    68.770    15.078     0.060        14
    69.082    15.020     0.060        14
    69.544    14.974     0.060        14
    70.007    14.891     0.060        14
    70.322    14.836     0.060        14
    70.637    14.797     0.060        14
    70.949    14.773     0.060        14
    71.261    14.727     0.060        14
    71.573    14.685     0.060        14
    71.892    14.643     0.060        14
    72.358    14.564     0.060        14
    72.673    14.540     0.060        14
    73.139    14.484     0.060        14
    73.300    14.462     0.060        14
    73.769    14.389     0.060        14
    74.091    14.356     0.060        14
    74.393    14.300     0.060        14
    74.845    14.242     0.060        14
    75.294    14.171     0.060        14
    75.602    14.127     0.060        14
    76.057    14.075     0.060        14
    76.526    14.027     0.060        14
    76.992    13.952     0.060        14
    77.457    13.887     0.060        14
    77.912    13.820     0.060        14
    78.224    13.766     0.060        14
    78.536    13.720     0.060        14
    79.009    13.641     0.060        14
    79.318    13.593     0.060        14
    79.770    13.545     0.060        14
    80.233    13.464     0.060        14
    80.542    13.435     0.060        14
    81.015    13.362     0.060        14
    81.478    13.292     0.060        14
    81.940    13.217     0.060        14
    82.411    13.130     0.060        14
    82.884    13.066     0.060        14
    83.354    12.999     0.060        14
    83.669    12.958     0.060        14
    83.984    12.922     0.060        14
    84.285    12.852     0.060        14
    84.611    12.787     0.060        14
    85.238    12.680     0.060        14
    85.714    12.616     0.060        14
    86.177    12.539     0.060        14
    86.341    12.517     0.060        14
    86.807    12.432     0.060        14
    87.283    12.370     0.060        14
    87.595    12.304     0.060        14
    88.071    12.237     0.060        14
    88.233    12.223     0.060        14
    88.698    12.164     0.060        14
    89.013    12.117     0.060        14
    89.164    12.101     0.060        14
    89.632    12.030     0.060        14
    90.098    11.952     0.060        14
    90.259    11.907     0.060        14
    90.564    11.874     0.060        14
    91.029    11.791     0.060        14
    91.355    11.742     0.060        14
    91.659    11.698     0.060        14
    91.974    11.650     0.060        14
    92.604    11.546     0.060        14
    93.238    11.450     0.060        14
    93.550    11.406     0.060        14
    93.876    11.358     0.060        14
    94.352    11.299     0.060        14
    94.979    11.191     0.060        14
    95.617    11.070     0.060        14
    96.090    10.932     0.060        14
    96.566    10.819     0.060        14
    97.204    10.666     0.060        14
    97.828    10.512     0.060        14
    98.459    10.367     0.060        14
    98.768    10.307     0.060        14
    99.378    10.186     0.060        14
    99.841    10.085     0.060        14
   100.465     9.973     0.060        14
   100.927     9.889     0.060        14
   101.385     9.821     0.060        14
   101.690     9.769     0.060        14
   102.764     9.597     0.060        14
   102.917     9.582     0.060        14
   103.523     9.498     0.060        14
   103.988     9.418     0.060        14
   104.629     9.318     0.060        14
   105.108     9.230     0.060        14
   105.727     9.138     0.060        14
   106.042     9.095     0.060        14
   106.368     9.039     0.060        14
   106.830     8.987     0.060        14
   107.457     8.892     0.060        14
   107.769     8.856     0.060        14
   108.396     8.773     0.060        14
   108.694     8.741     0.060        14
   109.168     8.661     0.060        14
   109.480     8.626     0.060        14
   109.953     8.566     0.060        14
   110.580     8.467     0.060        14
   110.881     8.443     0.060        14
   111.354     8.380     0.060        14
   111.666     8.344     0.060        14
   112.290     8.276     0.060        14
   112.588     8.233     0.060        14
   113.051     8.140     0.060        14
   113.510     8.072     0.060        14
   113.997     7.992     0.060        14
    10.074    38.828     0.060        24
    10.879    38.634     0.060        24
    11.706    38.410     0.060        24
    12.206    38.217     0.060        24
    12.704    38.075     0.060        24
    13.027    38.026     0.060        24
    13.505    37.898     0.060        24
    13.978    37.815     0.060        24
    14.458    37.687     0.060        24
    15.109    37.508     0.060        24
    15.750    37.391     0.060        24
    16.248    37.237     0.060        24
    16.910    37.016     0.060        24
    17.397    36.873     0.060        24
    18.031    36.762     0.060        24
    18.341    36.675     0.060        24
    18.978    36.533     0.060        24
    19.602    36.383     0.060        24
    20.377    36.198     0.060        24
    20.692    36.032     0.060        24
    21.473    35.841     0.060        24
    21.946    35.729     0.060        24
    22.401    35.619     0.060        24
    22.878    35.543     0.060        24
    23.505    35.352     0.060        24
    24.290    35.127     0.060        24
    24.761    35.014     0.060        24
    25.231    34.839     0.060        24
    25.543    34.782     0.060        24
    26.016    34.619     0.060        24
    26.640    34.427     0.060        24
    27.267    34.248     0.060        24
    27.744    34.155     0.060        24
    28.378    34.017     0.060        24
    28.858    33.905     0.060        24
    29.496    33.741     0.060        24
    30.130    33.627     0.060        24
    30.760    33.472     0.060        24
    31.237    33.399     0.060        24
    31.552    33.281     0.060        24
    57.032    27.113     0.060        24
    57.344    27.061     0.060        24
    57.957    26.832     0.060        24
    58.568    26.663     0.060        24
    59.178    26.561     0.060        24
    59.794    26.381     0.060        24
    60.106    26.246     0.060        24
    60.717    26.179     0.060        24
    61.172    26.009     0.060        24
    61.772    25.891     0.060        24
    62.381    25.699     0.060        24
    62.990    25.549     0.060        24
    63.286    25.521     0.060        24
    64.181    25.252     0.060        24
    64.794    25.101     0.060        24
    65.399    24.902     0.060        24
    65.858    24.763     0.060        24
    66.167    24.674     0.060        24
    66.930    24.480     0.060        24
    67.532    24.362     0.060        24
    67.995    24.212     0.060        24
    68.461    24.095     0.060        24
    68.920    23.970     0.060        24
    69.232    23.848     0.060        24
    70.171    23.655     0.060        24
    70.637    23.508     0.060        24
    71.731    23.242     0.060        24
    72.358    23.073     0.060        24
    72.988    22.929     0.060        24
    73.300    22.841     0.060        24
    74.242    22.623     0.060        24
    74.992    22.455     0.060        24
    75.907    22.255     0.060        24
    77.142    21.922     0.060        24
    77.912    21.710     0.060        24
    78.697    21.486     0.060        24
    78.848    21.426     0.060        24
    79.770    21.214     0.060        24
    80.394    21.074     0.060        24
    81.015    20.902     0.060        24
    81.790    20.775     0.060        24
    82.102    20.673     0.060        24
    82.561    20.536     0.060        24
    82.884    20.413     0.060        24
    83.508    20.274     0.060        24
    84.135    20.137     0.060        24
    84.450    20.043     0.060        24
    84.923    19.902     0.060        24
    85.238    19.801     0.060        24
    85.714    19.629     0.060        24
    86.177    19.557     0.060        24
    86.968    19.381     0.060        24
    87.921    19.111     0.060        24
    88.698    18.895     0.060        24
    89.632    18.651     0.060        24
    90.410    18.453     0.060        24
    91.029    18.272     0.060        24
    91.355    18.187     0.060        24
    91.820    18.089     0.060        24
    92.765    17.863     0.060        24
    93.238    17.707     0.060        24
    93.715    17.619     0.060        24
    94.188    17.472     0.060        24
    94.664    17.349     0.060        24
    95.140    17.259     0.060        24
    95.778    17.077     0.060        24
   101.843    15.377     0.060        24
   102.917    15.095     0.060        24
   103.684    14.888     0.060        24
   104.629    14.648     0.060        24
   105.423    14.434     0.060        24
   106.204    14.238     0.060        24
   107.457    13.907     0.060        24
   108.396    13.643     0.060        24
   109.315    13.405     0.060        24
   110.103    13.205     0.060        24
   110.881    13.004     0.060        24
   116.245    11.361     0.060        29
   116.395    11.240     0.060        29
   116.557    11.180     0.060        29
   116.715    11.129     0.060        29
   116.876    11.086     0.060        29
   117.027    11.034     0.060        29
   117.188    10.983     0.060        29
   117.346    10.873     0.060        29
   117.497    10.827     0.060        29
   117.658    10.710     0.060        29
   117.809    10.656     0.060        29
   117.970    10.600     0.060        29
   118.131    10.537     0.060        29
   118.293    10.473     0.060        29
   118.443    10.407     0.060        29
   118.605    10.347     0.060        29
   118.766    10.283     0.060        29
   118.930    10.210     0.060        29
   119.081    10.144     0.060        29
   119.242    10.076     0.060        29
   119.406    10.013     0.060        29
   119.568     9.950     0.060        29
   119.729     9.863     0.060        29
   119.890     9.800     0.060        29
   120.051     9.745     0.060        29
   120.213     9.682     0.060        29
   120.374     9.613     0.060        29
   120.535     9.545     0.060        29
   120.697     9.468     0.060        29
   120.858     9.391     0.060        29
   121.022     9.317     0.060        29
   121.183     9.249     0.060        29
   121.345     9.115     0.060        29
   121.509     9.061     0.060        29
   121.670     9.032     0.060        29
   121.832     9.010     0.060        29
   121.985     8.941     0.060        29
   122.146     8.863     0.060        29
   122.311     8.779     0.060        29
   122.472     8.717     0.060        29
   122.633     8.650     0.060        29
   122.798     8.586     0.060        29
   122.959     8.526     0.060        29
   123.110     8.474     0.060        29
   123.271     8.379     0.060        29
   123.421     8.314     0.060        29
   123.583     8.263     0.060        29
   123.733     8.220     0.060        29
   123.895     8.175     0.060        29
   124.045     8.056     0.060        29
   124.206     8.019     0.060        29
   124.368     7.978     0.060        29
   124.521     7.930     0.060        29
   124.686     7.868     0.060        29
   124.836     7.798     0.060        29
   124.998     7.742     0.060        29
   125.162     7.685     0.060        29
   125.313     7.620     0.060        29
   125.474     7.552     0.060        29
   125.635     7.488     0.060        29
   125.786     7.427     0.060        29
   125.947     7.374     0.060        29
   126.098     7.319     0.060        29
   126.248     7.264     0.060        29
   126.409     7.207     0.060        29
   126.560     7.151     0.060        29
   126.721     7.094     0.060        29
   126.872     7.039     0.060        29
   127.030     6.979     0.060        29
   127.181     6.928     0.060        29
   127.342     6.875     0.060        29
   127.492     6.824     0.060        29
   127.654     6.775     0.060        29
   127.804     6.728     0.060        29
   127.969     6.676     0.060        29
   128.119     6.619     0.060        29
   128.280     6.563     0.060        29
   128.445     6.499     0.060        29
   128.606     6.436     0.060        29
   128.770     6.380     0.060        29
   128.921     6.315     0.060        29
   129.085     6.289     0.060        29
   129.250     6.148     0.060        29
   129.411     6.099     0.060        29
   129.575     6.026     0.060        29
   129.737     5.945     0.060        29
   129.887     5.879     0.060        29
   130.052     5.821     0.060        29
   130.213     5.789     0.060        29
   130.377     5.731     0.060        29
   130.528     5.663     0.060        29
   130.692     5.637     0.060        29
   130.853     5.564     0.060        29
   131.018     5.566     0.060        29
   131.168     5.509     0.060        29
   131.329     5.459     0.060        29
   131.491     5.390     0.060        29
   131.655     5.350     0.060        29
   131.806     5.287     0.060        29
   131.970     5.223     0.060        29
   132.131     5.188     0.060        29
   132.296     5.151     0.060        29
   132.457     5.103     0.060        29
   132.621     5.063     0.060        29
   132.782     5.010     0.060        29
   132.947     4.970     0.060        29
   115.119    10.975     0.060        30
   115.602    10.790     0.060        30
   115.925    10.628     0.060        30
   116.395    10.459     0.060        30
   116.876    10.302     0.060        30
   117.027    10.222     0.060        30
   117.346    10.105     0.060        30
   117.658     9.977     0.060        30
   118.131     9.824     0.060        30
   118.605     9.604     0.060        30
   118.766     9.547     0.060        30
   118.930     9.454     0.060        30
   119.081     9.360     0.060        30
   119.242     9.295     0.060        30
   119.406     9.233     0.060        30
   119.568     9.171     0.060        30
   119.729     9.110     0.060        30
   119.890     9.049     0.060        30
   120.051     8.967     0.060        30
   120.213     8.910     0.060        30
   120.374     8.849     0.060        30
   120.535     8.797     0.060        30
   120.697     8.727     0.060        30
   120.858     8.648     0.060        30
   121.022     8.579     0.060        30
   121.183     8.515     0.060        30
   121.345     8.456     0.060        30
   121.509     8.377     0.060        30
   121.670     8.314     0.060        30
   121.832     8.267     0.060        30
   121.985     8.210     0.060        30
   122.146     8.157     0.060        30
   122.311     8.104     0.060        30
   122.472     8.039     0.060        30
   122.633     7.970     0.060        30
   122.798     7.895     0.060        30
   122.959     7.830     0.060        30
   123.110     7.766     0.060        30
   123.271     7.742     0.060        30
   123.421     7.620     0.060        30
   123.583     7.576     0.060        30
   123.733     7.514     0.060        30
   123.895     7.478     0.060        30
   124.045     7.418     0.060        30
   124.206     7.360     0.060        30
   124.368     7.250     0.060        30
   124.521     7.214     0.060        30
   124.686     7.175     0.060        30
   124.836     7.124     0.060        30
   124.998     7.018     0.060        30
   125.162     6.977     0.060        30
   125.313     6.937     0.060        30
   125.474     6.900     0.060        30
   125.635     6.844     0.060        30
   125.786     6.782     0.060        30
   125.947     6.722     0.060        30
   126.098     6.656     0.060        30
   126.248     6.591     0.060        30
   126.409     6.528     0.060        30
   126.560     6.475     0.060        30
   126.721     6.425     0.060        30
   126.872     6.380     0.060        30
   127.030     6.334     0.060        30
   127.181     6.266     0.060        30
   127.342     6.171     0.060        30
   127.492     6.127     0.060        30
   127.654     6.075     0.060        30
   127.804     6.025     0.060        30
   127.969     5.964     0.060        30
   128.119     5.902     0.060        30
   128.280     5.838     0.060        30
   128.445     5.782     0.060        30
   128.606     5.730     0.060        30
   128.770     5.673     0.060        30
   128.921     5.619     0.060        30
   129.085     5.566     0.060        30
   129.250     5.512     0.060        30
   129.411     5.450     0.060        30
   129.575     5.395     0.060        30
   129.737     5.334     0.060        30
   129.887     5.294     0.060        30
   138.753     1.000     0.000         0
   138.856     2.033     0.060         1
   139.004     2.048     0.060         1
   139.167     2.079     0.060         1
   139.329     2.109     0.060         1
   139.490     2.139     0.060         1
   139.654     2.178     0.060         1
   139.805     2.215     0.060         1
   139.966     2.261     0.060         1
   140.127     2.311     0.060         1
   140.291     2.362     0.060         1
   140.453     2.415     0.060         1
   140.614     2.473     0.060         1
   140.775     2.535     0.060         1
   140.929     2.599     0.060         1
   141.090     2.665     0.060         1
   141.251     2.734     0.060         1
   141.416     2.810     0.060         1
   141.577     2.900     0.060         1
   141.738     2.983     0.060         1
   141.899     3.061     0.060         1
   144.785     4.260     0.060         5
   144.947     4.300     0.060         5
   145.111     4.336     0.060         5
   145.272     4.376     0.060         5
   145.433     4.420     0.060         5
   145.595     4.453     0.060         5
   145.756     4.498     0.060         5
   145.917     4.534     0.060         5
   146.082     4.571     0.060         5
   146.243     4.596     0.060         5
   146.404     4.628     0.060         5
   146.565     4.660     0.060         5
   146.716     4.691     0.060         5
   146.880     4.719     0.060         5
   147.042     4.751     0.060         5
   147.203     4.786     0.060         5
   147.353     4.829     0.060         5
   147.515     4.860     0.060         5
   147.679     4.888     0.060         5
   147.840     4.917     0.060         5
   148.002     4.938     0.060         5
   148.152     4.976     0.060         5
   148.316     5.001     0.060         5
   148.478     5.027     0.060         5
   148.642     5.062     0.060         5
   148.793     5.097     0.060         5
   148.954     5.128     0.060         5
   149.115     5.155     0.060         5
   149.266     5.190     0.060         5
   149.430     5.221     0.060         5
   149.581     5.248     0.060         5
   149.745     5.275     0.060         5
   149.906     5.303     0.060         5
   150.060     5.327     0.060         5
   150.224     5.351     0.060         5
   150.375     5.379     0.060         5
   150.536     5.407     0.060         5
   150.689     5.427     0.060         5
   150.851     5.451     0.060         5
   151.004     5.479     0.060         5
   151.155     5.515     0.060         5
   151.308     5.535     0.060         5
   151.470     5.564     0.060         5
   151.623     5.600     0.060         5
   151.777     5.625     0.060         5
   151.931     5.640     0.060         5
   152.092     5.666     0.060         5
   152.245     5.693     0.060         5
   152.399     5.707     0.060         5
   152.553     5.720     0.060         5
   152.717     5.739     0.060         5
   152.871     5.752     0.060         5
   153.021     5.778     0.060         5
   153.175     5.808     0.060         5
   153.328     5.835     0.060         5
   153.479     5.857     0.060         5
   153.633     5.879     0.060         5
   153.786     5.902     0.060         5
   153.937     5.920     0.060         5
   154.091     5.934     0.060         5
   154.244     5.932     0.060         5
   154.387     5.936     0.060         5
   154.541     5.945     0.060         5
   154.695     5.954     0.060         5
   154.848     5.943     0.060         5
   155.002     5.943     0.060         5
   155.156     5.952     0.060         5
   155.309     5.950     0.060         5
   155.463     5.947     0.060         5
   155.617     5.968     0.060         5
   155.767     5.966     0.060         5
   155.929     5.987     0.060         5
   156.082     6.005     0.060         5
   156.233     6.031     0.060         5
   156.384     6.061     0.060         5
   156.545     6.083     0.060         5
   156.695     6.103     0.060         5
   156.846     6.119     0.060         5
   157.000     6.138     0.060         5
   157.146     6.158     0.060         5
   157.300     6.186     0.060         5
   157.449     6.205     0.060         5
   157.595     6.220     0.060         5
   157.745     6.235     0.060         5
   157.897     6.250     0.060         5
   158.039     6.264     0.060         5
   158.182     6.282     0.060         5
   158.335     6.293     0.060         5
   158.470     6.303     0.060         5
   158.616     6.319     0.060         5
   158.897     6.353     0.060         5
   159.037     6.369     0.060         5
   159.166     6.389     0.060         5
   159.298     6.409     0.060         5
   159.557     6.439     0.060         5
   159.684     6.451     0.060         5
   159.800     6.463     0.060         5
   159.917     6.469     0.060         5
   160.236     6.498     0.060         5
   160.430     6.506     0.060         5
   160.533     6.510     0.060         5
   215.920    14.664     0.060         5
   217.121    14.987     0.060         5
   217.398    15.088     0.060         5
   217.843    15.221     0.060         5
   218.455    15.369     0.060         5
   219.045    15.501     0.060         5
   219.465    15.625     0.060         5
   219.871    15.744     0.060         5
   220.147    15.852     0.060         5
   220.820    16.034     0.060         5
   221.500    16.212     0.060         5
   221.639    16.224     0.060         5
   221.927    16.381     0.060         5
   222.344    16.537     0.060         5
   223.064    16.698     0.060         5
   223.204    16.777     0.060         5
   223.785    16.944     0.060         5
   224.076    17.026     0.060         5
   224.657    17.176     0.060         5
   224.807    17.237     0.060         5
   225.238    17.355     0.060         5
   225.388    17.376     0.060         5
   225.528    17.438     0.060         5
   226.273    17.624     0.060         5
   227.005    17.803     0.060         5
   227.145    17.821     0.060         5
   227.586    17.916     0.060         5
   227.876    17.985     0.060         5
   228.460    18.094     0.060         5
   229.027    18.212     0.060         5
   229.882    18.373     0.060         5
   230.439    18.483     0.060         5
   230.992    18.564     0.060         5
   231.559    18.662     0.060         5
   231.987    18.743     0.060         5
   232.557    18.830     0.060         5
   233.124    18.922     0.060         5
   233.832    19.081     0.060         5
   234.808    19.223     0.060         5
   235.098    19.260     0.060         5
   236.099    19.384     0.060         5
   236.812    19.504     0.060         5
   237.390    19.558     0.060         5
   238.422    19.697     0.060         5
   238.885    19.792     0.060         5
   239.658    19.898     0.060         5
   240.743    20.034     0.060         5
   242.273    20.216     0.060         5
   257.842    22.183     0.060         5
   258.965    22.267     0.060         5
   259.914    22.318     0.060         5
   260.863    22.410     0.060         5
   261.812    22.493     0.060         5
   262.946    22.633     0.060         5
   263.745    22.733     0.060         5
   264.081    22.777     0.060         5
   265.383    22.946     0.060         5
   268.637    23.429     0.060         5
   269.917    23.589     0.060         5
   270.712    23.722     0.060         5
   271.519    23.778     0.060         5
   272.810    23.861     0.060         5
   273.454    23.919     0.060         5
   274.747    23.995     0.060         5
   276.226    24.093     0.060         5
   277.048    24.139     0.060         5
   278.001    24.237     0.060         5
   278.974    24.313     0.060         5
   279.611    24.358     0.060         5
   280.891    24.468     0.060         5
   282.172    24.570     0.060         5
   282.973    24.669     0.060         5
   284.565    24.809     0.060         5
   285.848    24.897     0.060         5
   286.488    24.950     0.060         5
   287.789    25.104     0.060         5
   289.065    25.210     0.060         5
   290.688    25.394     0.060         5
   292.144    25.578     0.060         5
   293.718    25.824     0.060         5
   294.648    25.953     0.060         5
   295.428    26.105     0.060         5
   296.662    26.301     0.060         5
   297.736    26.480     0.060         5
   298.357    26.583     0.060         5
   299.421    26.725     0.060         5
   300.482    26.876     0.060         5
   301.382    27.003     0.060         5
   301.863    27.088     0.060         5
   302.816    27.208     0.060         5
   304.060    27.394     0.060         5
   305.320    27.580     0.060         5
   306.419    27.769     0.060         5
   307.350    27.935     0.060         5
   234.808    21.609     0.060         8
   236.099    21.745     0.060         8
   237.981    21.897     0.060         8
   239.504    22.001     0.060         8
   239.969    22.037     0.060         8
   241.507    22.168     0.060         8
   242.553    22.204     0.060         8
   243.418    22.275     0.060         8
   244.460    22.385     0.060         8
   245.688    22.488     0.060         8
   246.269    22.522     0.060         8
   247.202    22.581     0.060         8
   248.147    22.691     0.060         8
   249.235    22.759     0.060         8
   249.859    22.793     0.060         8
   250.470    22.826     0.060         8
   251.102    22.816     0.060         8
   251.881    22.833     0.060         8
   253.009    22.881     0.060         8
   253.795    22.929     0.060         8
   255.186    23.056     0.060         8
   255.659    23.083     0.060         8
   255.971    23.091     0.060         8
   257.207    23.209     0.060         8
   257.680    23.243     0.060         8
   258.640    23.253     0.060         8
   259.438    23.257     0.060         8
   260.863    23.379     0.060         8
   262.460    23.493     0.060         8
   263.433    23.561     0.060         8
   264.561    23.652     0.060         8
   265.383    23.726     0.060         8
   266.376    23.806     0.060         8
   266.537    23.786     0.060         8
   267.346    23.852     0.060         8
   268.473    23.934     0.060         8
   269.275    23.978     0.060         8
   270.558    24.095     0.060         8
   271.355    24.177     0.060         8
   272.487    24.224     0.060         8
   272.810    24.227     0.060         8
   273.938    24.283     0.060         8
   275.072    24.321     0.060         8
   275.901    24.361     0.060         8
   277.048    24.465     0.060         8
   277.679    24.494     0.060         8
   278.649    24.506     0.060         8
   279.611    24.574     0.060         8
   280.098    24.614     0.060         8
   280.738    24.674     0.060         8
   281.217    24.705     0.060         8
   282.021    24.775     0.060         8
   283.126    24.885     0.060         8
   283.763    24.906     0.060         8
   284.565    24.946     0.060         8
   284.890    24.967     0.060         8
   285.848    25.057     0.060         8
   286.652    25.107     0.060         8
   287.464    25.148     0.060         8
   311.105    28.422     0.060        13
   312.043    28.528     0.060        13
   313.604    28.714     0.060        13
   315.316    28.977     0.060        13
   317.200    29.259     0.060        13
   318.954    29.503     0.060        13
   320.219    29.663     0.060        13
   320.988    29.759     0.060        13
   322.206    29.920     0.060        13
   324.360    30.244     0.060        13
   325.287    30.379     0.060        13
   339.675    32.504     0.060        13
   340.614    32.611     0.060        13
   342.361    32.812     0.060        13
   344.458    33.072     0.060        13
   346.840    33.391     0.060        13
   349.208    33.715     0.060        13
   351.114    34.016     0.060        13
   353.330    34.351     0.060        13
   355.054    34.623     0.060        13
   357.103    34.953     0.060        13
   359.340    35.261     0.060        13
   215.482    15.618     0.060        14
   216.259    15.834     0.060        14
   216.713    15.998     0.060        14
   216.977    16.108     0.060        14
   217.843    16.318     0.060        14
   218.455    16.488     0.060        14
   219.045    16.628     0.060        14
   219.731    16.810     0.060        14
   220.147    16.944     0.060        14
   220.680    17.102     0.060        14
   221.223    17.300     0.060        14
   222.204    17.552     0.060        14
   222.925    17.760     0.060        14
   223.785    17.970     0.060        14
   224.366    18.154     0.060        14
   225.238    18.346     0.060        14
   225.972    18.532     0.060        14
   226.854    18.724     0.060        14
   227.586    18.910     0.060        14
   228.608    19.082     0.060        14
   229.745    19.248     0.060        14
   230.576    19.388     0.060        14
   231.699    19.576     0.060        14
   232.267    19.668     0.060        14
   232.697    19.740     0.060        14
   229.458    22.329     0.060        25
   231.132    22.477     0.060        25
   231.850    22.571     0.060        25
   233.415    22.646     0.060        25
   233.832    22.691     0.060        25
   234.668    22.775     0.060        25
   237.099    22.945     0.060        25
   238.121    22.981     0.060        25
   239.343    23.106     0.060        25
   240.743    23.315     0.060        25
   241.668    23.309     0.060        25
   242.994    23.423     0.060        25
   243.856    23.488     0.060        25
   245.078    23.560     0.060        25
   247.202    23.784     0.060        25
   248.458    23.860     0.060        25
   250.012    23.962     0.060        25
   250.785    23.905     0.060        25
   251.881    23.957     0.060        25
   253.480    24.010     0.060        25
   254.096    24.035     0.060        25
   255.659    24.189     0.060        25
   257.207    24.264     0.060        25
   257.680    24.261     0.060        25
   259.116    24.290     0.060        25
   260.551    24.398     0.060        25
   262.137    24.530     0.060        25
   263.745    24.587     0.060        25
   264.891    24.673     0.060        25
   266.376    24.789     0.060        25
   267.833    24.924     0.060        25
   269.275    25.032     0.060        25
   270.712    25.113     0.060        25
   273.132    25.280     0.060        25
   274.422    25.258     0.060        25
   277.048    25.404     0.060        25
   278.162    25.460     0.060        25
   279.934    25.545     0.060        25
   281.381    25.653     0.060        25
   283.126    25.786     0.060        25
   285.044    25.970     0.060        25
   286.327    26.028     0.060        25
   288.904    26.350     0.060        25
   290.688    26.597     0.060        25
   293.252    26.916     0.060        25
   295.578    27.304     0.060        25
   297.582    27.640     0.060        25
   300.178    27.966     0.060        25
   302.171    28.245     0.060        25
   304.221    28.506     0.060        25
   305.632    28.742     0.060        25
   306.419    28.848     0.060        25
   308.130    29.132     0.060        25
   309.074    29.292     0.060        25
   310.632    29.473     0.060        25
   311.416    29.574     0.060        25
   313.131    29.809     0.060        25
   314.532    30.015     0.060        25
     0.000     0.000     0.000        -1
