   252.812    -1.000     0.000         0
   249.236     3.148     0.060         1
   249.397     3.083     0.060         1
   249.547     3.021     0.060         1
   249.708     2.934     0.060         1
   249.859     2.840     0.060         1
   250.013     2.756     0.060         1
   250.163     2.695     0.060         1
   250.317     2.618     0.060         1
   250.471     2.565     0.060         1
   250.632     2.507     0.060         1
   250.785     2.442     0.060         1
   250.939     2.400     0.060         1
   251.103     2.362     0.060         1
   251.257     2.332     0.060         1
   251.411     2.293     0.060         1
   251.575     2.254     0.060         1
   251.728     2.219     0.060         1
   251.882     2.191     0.060         1
   252.046     2.168     0.060         1
   252.199     2.148     0.060         1
   252.363     2.137     0.060         1
   252.526     2.123     0.060         1
   252.673     2.119     0.060         1
   252.749     2.125     0.060         1
   250.013     3.346     0.060         2
   250.163     3.306     0.060         2
   250.317     3.270     0.060         2
   250.471     3.234     0.060         2
   250.632     3.194     0.060         2
   250.785     3.167     0.060         2
   250.939     3.136     0.060         2
   251.103     3.101     0.060         2
   251.257     3.065     0.060         2
   251.411     3.035     0.060         2
   251.575     3.019     0.060         2
   251.728     3.001     0.060         2
   251.882     2.979     0.060         2
   252.046     2.959     0.060         2
   252.199     2.943     0.060         2
   252.363     2.939     0.060         2
   252.526     2.909     0.060         2
   252.673     2.899     0.060         2
   252.749     2.898     0.060         2
   250.013     3.968     0.060         3
   250.163     3.940     0.060         3
   250.317     3.916     0.060         3
   250.471     3.897     0.060         3
   250.632     3.868     0.060         3
   250.785     3.843     0.060         3
   250.939     3.819     0.060         3
   251.103     3.800     0.060         3
   251.257     3.776     0.060         3
   251.411     3.756     0.060         3
   251.575     3.724     0.060         3
   251.728     3.702     0.060         3
   251.882     3.684     0.060         3
   252.046     3.664     0.060         3
    53.975    33.248     0.060         5
    55.501    33.073     0.060         5
    56.422    32.957     0.060         5
    57.344    32.841     0.060         5
    58.568    32.672     0.060         5
    60.257    32.460     0.060         5
    61.468    32.325     0.060         5
    63.888    32.025     0.060         5
    66.167    31.724     0.060         5
    67.694    31.532     0.060         5
    69.233    31.373     0.060         5
    70.799    31.177     0.060         5
    72.512    30.961     0.060         5
    73.615    30.842     0.060         5
    73.769    30.838     0.060         5
    74.992    30.686     0.060         5
    76.222    30.530     0.060         5
    76.992    30.415     0.060         5
    77.296    30.398     0.060         5
    79.010    30.215     0.060         5
    79.932    30.085     0.060         5
    81.790    29.837     0.060         5
    82.884    29.689     0.060         5
    84.286    29.495     0.060         5
    85.550    29.309     0.060         5
    86.656    29.145     0.060         5
    87.921    28.959     0.060         5
    89.318    28.762     0.060         5
    90.260    28.597     0.060         5
    92.136    28.295     0.060         5
    92.765    28.182     0.060         5
    94.038    27.962     0.060         5
    95.141    27.770     0.060         5
    96.416    27.591     0.060         5
    97.204    27.481     0.060         5
    99.070    27.163     0.060         5
   100.153    26.973     0.060         5
   101.081    26.821     0.060         5
   102.148    26.648     0.060         5
   103.068    26.506     0.060         5
   104.153    26.340     0.060         5
   105.108    26.190     0.060         5
   106.368    26.000     0.060         5
   107.146    25.898     0.060         5
   107.923    25.796     0.060         5
   108.856    25.668     0.060         5
   110.104    25.500     0.060         5
   111.042    25.374     0.060         5
   112.441    25.202     0.060         5
   113.202    25.106     0.060         5
   114.471    24.952     0.060         5
   115.280    24.876     0.060         5
   116.396    24.760     0.060         5
   117.347    24.664     0.060         5
   118.605    24.572     0.060         5
   119.891    24.398     0.060         5
   120.858    24.295     0.060         5
   122.147    24.130     0.060         5
   122.960    24.033     0.060         5
   123.583    23.950     0.060         5
   124.522    23.847     0.060         5
   125.474    23.714     0.060         5
   126.249    23.625     0.060         5
   127.655    23.409     0.060         5
   224.809     8.748     0.060         5
   225.099     8.712     0.060         5
   225.530     8.660     0.060         5
   225.831     8.628     0.060         5
   226.124     8.592     0.060         5
   226.415     8.548     0.060         5
   226.716     8.499     0.060         5
   227.146     8.431     0.060         5
   227.587     8.367     0.060         5
   228.028     8.290     0.060         5
   228.609     8.202     0.060         5
   229.029     8.133     0.060         5
   229.459     8.061     0.060         5
   229.747     8.012     0.060         5
   230.160     7.940     0.060         5
   230.717     7.855     0.060         5
   230.994     7.803     0.060         5
   231.424     7.726     0.060         5
   231.851     7.653     0.060         5
   232.268     7.589     0.060         5
   232.699     7.512     0.060         5
   233.126     7.427     0.060         5
   233.553     7.359     0.060         5
   233.833     7.302     0.060         5
   234.113     7.241     0.060         5
   234.253     7.205     0.060         5
   234.530     7.156     0.060         5
   234.949     7.059     0.060         5
   235.240     7.011     0.060         5
   235.380     6.970     0.060         5
   235.810     6.906     0.060         5
   235.950     6.861     0.060         5
   236.383     6.788     0.060         5
   236.523     6.756     0.060         5
   236.964     6.658     0.060         5
   237.252     6.598     0.060         5
   237.693     6.513     0.060         5
   238.123     6.424     0.060         5
   238.575     6.335     0.060         5
   238.886     6.278     0.060         5
   239.190     6.209     0.060         5
   239.505     6.149     0.060         5
   239.820     6.076     0.060         5
   240.296     5.978     0.060         5
   240.594     5.905     0.060         5
   241.056     5.821     0.060         5
   241.508     5.736     0.060         5
   241.669     5.683     0.060         5
   241.970     5.622     0.060         5
   242.121     5.585     0.060         5
   242.414     5.504     0.060         5
   242.705     5.443     0.060         5
   242.845     5.419     0.060         5
   243.132     5.367     0.060         5
    67.845    31.826     0.060         8
    68.619    31.756     0.060         8
    69.082    31.708     0.060         8
    69.545    31.674     0.060         8
    69.860    31.634     0.060         8
    70.322    31.578     0.060         8
    71.110    31.478     0.060         8
    72.358    31.322     0.060         8
    74.092    31.106     0.060         8
    74.544    31.059     0.060         8
    75.294    30.967     0.060         8
    76.222    30.842     0.060         8
    77.143    30.698     0.060         8
    78.224    30.562     0.060         8
    79.319    30.438     0.060         8
    80.233    30.322     0.060         8
    81.317    30.186     0.060         8
    82.102    30.066     0.060         8
    83.355    29.862     0.060         8
    84.762    29.668     0.060         8
    85.865    29.498     0.060         8
    86.656    29.386     0.060         8
    88.072    29.192     0.060         8
    89.013    29.076     0.060         8
    90.260    28.926     0.060         8
    90.879    28.840     0.060         8
    92.916    28.545     0.060         8
    93.876    28.425     0.060         8
    95.453    28.192     0.060         8
    97.043    27.930     0.060         8
    98.459    27.688     0.060         8
   100.777    27.363     0.060         8
   102.764    27.115     0.060         8
   104.314    26.923     0.060         8
   105.892    26.740     0.060         8
   106.992    26.627     0.060         8
   107.769    26.541     0.060         8
   108.856    26.404     0.060         8
   109.316    26.361     0.060         8
   111.505    26.106     0.060         8
   113.051    25.947     0.060         8
   114.471    25.767     0.060         8
   115.603    25.577     0.060         8
   117.027    25.447     0.060         8
   118.766    25.231     0.060         8
   121.023    24.980     0.060         8
   122.147    24.859     0.060         8
   123.110    24.736     0.060         8
   124.686    24.540     0.060         8
   126.249    24.311     0.060         8
   127.031    24.215     0.060         8
   128.772    23.962     0.060         8
   129.576    23.862     0.060         8
   130.854    23.669     0.060         8
   132.296    23.522     0.060         8
   133.752    23.352     0.060         8
   134.726    23.235     0.060         8
   136.308    23.088     0.060         8
   137.740    22.928     0.060         8
   138.528    22.825     0.060         8
   139.655    22.701     0.060         8
   140.454    22.580     0.060         8
   141.417    22.481     0.060         8
   142.380    22.340     0.060         8
   143.178    22.261     0.060         8
   143.988    22.123     0.060         8
   144.948    21.992     0.060         8
   146.244    21.788     0.060         8
   146.881    21.731     0.060         8
   147.841    21.549     0.060         8
   148.794    21.429     0.060         8
   149.431    21.315     0.060         8
   150.537    21.127     0.060         8
   151.156    20.968     0.060         8
   151.932    20.781     0.060         8
   152.554    20.677     0.060         8
   153.788    20.389     0.060         8
   222.776    10.053     0.060        14
   223.356     9.978     0.060        14
   223.937     9.921     0.060        14
   224.518     9.867     0.060        14
   224.949     9.815     0.060        14
   225.239     9.761     0.060        14
   225.831     9.695     0.060        14
   226.415     9.614     0.060        14
   226.565     9.593     0.060        14
   227.146     9.506     0.060        14
   227.587     9.442     0.060        14
   228.028     9.376     0.060        14
   228.609     9.264     0.060        14
   229.029     9.186     0.060        14
   229.459     9.111     0.060        14
   230.023     9.013     0.060        14
   230.440     8.937     0.060        14
   230.994     8.843     0.060        14
   231.561     8.739     0.060        14
   232.128     8.650     0.060        14
   232.699     8.562     0.060        14
   233.126     8.460     0.060        14
   233.553     8.376     0.060        14
   233.973     8.290     0.060        14
   234.530     8.186     0.060        14
   234.949     8.100     0.060        14
   235.670     7.979     0.060        14
   236.100     7.873     0.060        14
   236.814     7.752     0.060        14
   237.252     7.630     0.060        14
   237.693     7.551     0.060        14
   238.273     7.436     0.060        14
   238.725     7.357     0.060        14
   239.190     7.242     0.060        14
   239.971     7.076     0.060        14
   240.296     6.970     0.060        14
   241.056     6.824     0.060        14
   241.354     6.706     0.060        14
   241.508     6.670     0.060        14
   241.820     6.563     0.060        14
   242.414     6.443     0.060        14
   242.705     6.356     0.060        14
   134.726    38.674     0.060        24
   135.366    38.545     0.060        24
   136.157    38.368     0.060        24
   137.263    38.086     0.060        24
   138.216    37.840     0.060        24
   139.329    37.564     0.060        24
   140.128    37.357     0.060        24
   140.930    37.151     0.060        24
   223.787    14.085     0.060        24
   224.368    13.924     0.060        24
   225.099    13.681     0.060        24
   225.530    13.573     0.060        24
   225.831    13.501     0.060        24
   226.275    13.405     0.060        24
   226.565    13.277     0.060        24
   227.146    13.163     0.060        24
   227.587    13.026     0.060        24
   227.878    12.929     0.060        24
   228.319    12.811     0.060        24
   228.609    12.731     0.060        24
   229.029    12.620     0.060        24
   229.319    12.529     0.060        24
   229.596    12.457     0.060        24
   230.023    12.357     0.060        24
   230.300    12.264     0.060        24
   230.717    12.141     0.060        24
   230.994    12.111     0.060        24
   231.134    12.037     0.060        24
   231.424    11.957     0.060        24
   231.701    11.863     0.060        24
   231.988    11.749     0.060        24
   232.408    11.630     0.060        24
   232.699    11.524     0.060        24
   233.266    11.390     0.060        24
   233.553    11.297     0.060        24
   233.973    11.188     0.060        24
   234.390    11.083     0.060        24
   234.669    11.016     0.060        24
   234.113     7.745     0.060        30
   234.253     7.717     0.060        30
   234.390     7.684     0.060        30
   234.530     7.652     0.060        30
   234.669     7.610     0.060        30
   234.809     7.571     0.060        30
   234.949     7.540     0.060        30
   235.100     7.509     0.060        30
   235.240     7.466     0.060        30
   235.380     7.419     0.060        30
   235.530     7.387     0.060        30
   235.670     7.349     0.060        30
   235.810     7.319     0.060        30
   235.950     7.278     0.060        30
   236.100     7.235     0.060        30
   236.240     7.199     0.060        30
   236.383     7.163     0.060        30
   236.523     7.126     0.060        30
   236.674     7.098     0.060        30
   236.814     7.059     0.060        30
   236.964     7.008     0.060        30
   237.101     6.985     0.060        30
   237.252     6.956     0.060        30
   237.391     6.920     0.060        30
   237.542     6.876     0.060        30
   237.693     6.852     0.060        30
   237.832     6.819     0.060        30
   237.983     6.769     0.060        30
   238.123     6.734     0.060        30
   238.273     6.698     0.060        30
   238.424     6.649     0.060        30
   238.575     6.613     0.060        30
   238.725     6.573     0.060        30
   238.886     6.536     0.060        30
   252.812     1.000     0.000         0
   253.018     2.135     0.060         1
   253.179     2.155     0.060         1
   253.332     2.168     0.060         1
   253.486     2.191     0.060         1
   253.639     2.219     0.060         1
   253.799     2.254     0.060         1
   253.949     2.290     0.060         1
   254.099     2.333     0.060         1
   254.260     2.366     0.060         1
   254.417     2.407     0.060         1
   254.567     2.451     0.060         1
   254.728     2.501     0.060         1
   254.879     2.565     0.060         1
   255.037     2.624     0.060         1
   255.187     2.685     0.060         1
   255.348     2.749     0.060         1
   255.499     2.836     0.060         1
   255.660     2.924     0.060         1
   255.810     2.998     0.060         1
   255.972     3.081     0.060         1
   256.122     3.167     0.060         1
   256.273     3.228     0.060         1
   256.434     3.308     0.060         1
   256.584     3.380     0.060         1
   256.735     3.453     0.060         1
   253.018     2.890     0.060         2
   253.179     2.897     0.060         2
   253.332     2.902     0.060         2
   253.486     2.924     0.060         2
   253.639     2.943     0.060         2
   253.799     2.964     0.060         2
   253.949     2.989     0.060         2
   254.099     3.006     0.060         2
   258.801     3.921     0.060         5
   258.966     3.943     0.060         5
   259.116     3.970     0.060         5
   259.277     3.996     0.060         5
   259.438     4.002     0.060         5
   259.592     4.037     0.060         5
   259.753     4.067     0.060         5
   259.914     4.092     0.060         5
   260.068     4.119     0.060         5
   260.229     4.150     0.060         5
   260.390     4.172     0.060         5
   260.552     4.190     0.060         5
   260.702     4.221     0.060         5
   260.863     4.243     0.060         5
   261.014     4.261     0.060         5
   261.178     4.282     0.060         5
   261.339     4.304     0.060         5
   261.490     4.328     0.060         5
   261.651     4.352     0.060         5
   261.812     4.384     0.060         5
   261.976     4.408     0.060         5
   262.138     4.436     0.060         5
   262.299     4.464     0.060         5
   262.460     4.494     0.060         5
   262.624     4.529     0.060         5
   262.785     4.555     0.060         5
   262.947     4.581     0.060         5
   263.111     4.610     0.060         5
   263.272     4.638     0.060         5
   263.433     4.662     0.060         5
   263.584     4.690     0.060         5
   263.745     4.716     0.060         5
   263.906     4.756     0.060         5
   264.081     4.781     0.060         5
   264.242     4.817     0.060         5
   264.400     4.846     0.060         5
   264.562     4.866     0.060         5
   264.734     4.889     0.060         5
   264.892     4.928     0.060         5
   265.053     4.955     0.060         5
   265.222     4.995     0.060         5
   265.383     5.018     0.060         5
   265.552     5.049     0.060         5
   265.714     5.081     0.060         5
   265.883     5.105     0.060         5
   266.044     5.141     0.060         5
   266.205     5.177     0.060         5
   266.377     5.209     0.060         5
   266.538     5.236     0.060         5
   266.699     5.259     0.060         5
   266.864     5.287     0.060         5
   267.025     5.314     0.060         5
   267.186     5.335     0.060         5
   267.347     5.368     0.060         5
   267.511     5.397     0.060         5
   267.673     5.429     0.060         5
   267.834     5.455     0.060         5
   267.995     5.488     0.060         5
   268.159     5.517     0.060         5
   268.320     5.535     0.060         5
   268.474     5.561     0.060         5
   268.638     5.601     0.060         5
   268.802     5.633     0.060         5
   268.955     5.661     0.060         5
   269.120     5.689     0.060         5
   269.276     5.708     0.060         5
   269.429     5.739     0.060         5
   269.596     5.762     0.060         5
   269.750     5.773     0.060         5
   269.917     5.807     0.060         5
   270.074     5.833     0.060         5
   270.238     5.834     0.060         5
   270.394     5.868     0.060         5
   270.558     5.882     0.060         5
   270.712     5.896     0.060         5
   270.876     5.911     0.060         5
   271.040     5.922     0.060         5
   271.204     5.944     0.060         5
   271.355     5.958     0.060         5
   271.519     5.977     0.060         5
   271.683     5.989     0.060         5
   271.837     5.991     0.060         5
   271.998     6.015     0.060         5
   272.162     6.018     0.060         5
   272.323     6.037     0.060         5
   272.488     6.052     0.060         5
   272.649     6.069     0.060         5
   272.810     6.075     0.060         5
   272.971     6.093     0.060         5
   273.132     6.117     0.060         5
   273.294     6.134     0.060         5
   273.455     6.147     0.060         5
   273.616     6.154     0.060         5
   273.777     6.178     0.060         5
   273.938     6.196     0.060         5
   274.099     6.202     0.060         5
   274.261     6.196     0.060         5
   274.422     6.223     0.060         5
   274.586     6.222     0.060         5
   274.747     6.230     0.060         5
   274.911     6.244     0.060         5
   275.073     6.256     0.060         5
   275.237     6.265     0.060         5
   275.412     6.281     0.060         5
   275.573     6.311     0.060         5
   275.737     6.316     0.060         5
   275.901     6.330     0.060         5
   276.062     6.348     0.060         5
   276.227     6.366     0.060         5
   276.398     6.387     0.060         5
   276.557     6.383     0.060         5
   276.728     6.410     0.060         5
   276.887     6.413     0.060         5
   277.048     6.441     0.060         5
   277.206     6.451     0.060         5
   277.367     6.472     0.060         5
   277.529     6.499     0.060         5
   277.679     6.507     0.060         5
   277.840     6.543     0.060         5
   278.001     6.572     0.060         5
   278.163     6.596     0.060         5
   278.324     6.612     0.060         5
   278.488     6.640     0.060         5
   278.649     6.668     0.060         5
   278.810     6.680     0.060         5
   278.975     6.692     0.060         5
   279.125     6.720     0.060         5
   279.286     6.736     0.060         5
   279.447     6.744     0.060         5
   279.612     6.754     0.060         5
   279.773     6.769     0.060         5
   279.934     6.781     0.060         5
   280.098     6.798     0.060         5
   280.262     6.817     0.060         5
   280.413     6.844     0.060         5
   280.577     6.862     0.060         5
   280.738     6.885     0.060         5
   280.892     6.902     0.060         5
   281.056     6.918     0.060         5
   281.217     6.942     0.060         5
   281.381     6.951     0.060         5
   281.542     6.963     0.060         5
   281.696     6.976     0.060         5
   281.857     6.990     0.060         5
   282.021     7.003     0.060         5
   282.172     7.018     0.060         5
   282.333     7.017     0.060         5
   282.497     7.034     0.060         5
   282.648     7.040     0.060         5
   282.812     7.055     0.060         5
   282.973     7.085     0.060         5
   283.127     7.108     0.060         5
   283.288     7.107     0.060         5
   283.452     7.141     0.060         5
   283.602     7.150     0.060         5
   283.764     7.169     0.060         5
   283.928     7.194     0.060         5
   284.089     7.211     0.060         5
   284.240     7.209     0.060         5
   284.404     7.232     0.060         5
   284.565     7.252     0.060         5
   284.729     7.271     0.060         5
   284.890     7.270     0.060         5
   285.044     7.282     0.060         5
   285.205     7.302     0.060         5
   285.369     7.327     0.060         5
   285.530     7.359     0.060         5
   285.684     7.376     0.060         5
   285.848     7.390     0.060         5
   286.012     7.409     0.060         5
   286.173     7.425     0.060         5
   286.327     7.446     0.060         5
   286.488     7.458     0.060         5
   286.652     7.466     0.060         5
   286.813     7.483     0.060         5
   286.978     7.499     0.060         5
   287.139     7.520     0.060         5
   287.303     7.536     0.060         5
   287.464     7.559     0.060         5
   287.625     7.575     0.060         5
   287.789     7.590     0.060         5
   287.940     7.604     0.060         5
   288.101     7.629     0.060         5
   288.262     7.638     0.060         5
   288.421     7.651     0.060         5
   288.582     7.671     0.060         5
   288.743     7.679     0.060         5
   288.904     7.699     0.060         5
   289.065     7.723     0.060         5
   289.226     7.747     0.060         5
   289.388     7.767     0.060         5
   289.557     7.783     0.060         5
   289.718     7.796     0.060         5
   289.879     7.825     0.060         5
   290.040     7.839     0.060         5
   290.201     7.848     0.060         5
   290.365     7.885     0.060         5
   290.527     7.906     0.060         5
   290.688     7.933     0.060         5
   290.849     7.967     0.060         5
   291.021     7.993     0.060         5
   291.182     8.008     0.060         5
   291.504     8.043     0.060         5
   291.669     8.048     0.060         5
   291.830     8.070     0.060         5
   292.309     8.136     0.060         5
   292.470     8.160     0.060         5
   292.784     8.202     0.060         5
   292.949     8.230     0.060         5
   293.253     8.282     0.060         5
   293.414     8.317     0.060         5
   293.718     8.365     0.060         5
   293.882     8.396     0.060         5
   294.183     8.448     0.060         5
   294.498     8.504     0.060         5
   294.648     8.534     0.060         5
   294.963     8.593     0.060         5
   295.278     8.651     0.060         5
   295.428     8.689     0.060         5
   295.732     8.754     0.060         5
   295.883     8.795     0.060         5
   296.194     8.850     0.060         5
   296.498     8.939     0.060         5
   296.813     8.973     0.060         5
   296.964     9.015     0.060         5
   297.278     9.067     0.060         5
   297.432     9.116     0.060         5
   297.889     9.171     0.060         5
   298.040     9.187     0.060         5
   298.654     9.299     0.060         5
   298.961     9.340     0.060         5
   299.268     9.392     0.060         5
   299.421     9.419     0.060         5
   299.728     9.471     0.060         5
   299.874     9.495     0.060         5
   300.025     9.519     0.060         5
   300.178     9.547     0.060         5
   300.482     9.582     0.060         5
   300.633     9.597     0.060         5
   300.934     9.645     0.060         5
   301.232     9.693     0.060         5
   301.702     9.773     0.060         5
   302.021     9.825     0.060         5
   302.172     9.856     0.060         5
   302.655     9.967     0.060         5
   302.967    10.015     0.060         5
   303.128    10.034     0.060         5
   303.286    10.057     0.060         5
   303.598    10.112     0.060         5
   303.910    10.154     0.060         5
   304.060    10.178     0.060         5
   304.372    10.230     0.060         5
   304.533    10.255     0.060         5
   304.998    10.327     0.060         5
   305.320    10.384     0.060         5
   305.632    10.439     0.060         5
   305.783    10.463     0.060         5
   306.094    10.515     0.060         5
   306.420    10.571     0.060         5
   306.885    10.634     0.060         5
   307.046    10.658     0.060         5
   307.350    10.696     0.060         5
   307.662    10.742     0.060         5
   307.815    10.770     0.060         5
   308.130    10.815     0.060         5
   308.291    10.842     0.060         5
   308.598    10.898     0.060         5
   309.074    10.994     0.060         5
   309.224    11.012     0.060         5
   309.385    11.040     0.060         5
   309.697    11.092     0.060         5
   309.848    11.116     0.060         5
   310.159    11.161     0.060         5
   310.482    11.207     0.060         5
   310.793    11.249     0.060         5
   311.256    11.325     0.060         5
   311.567    11.358     0.060         5
   311.731    11.399     0.060         5
   312.043    11.444     0.060         5
   312.355    11.496     0.060         5
   312.505    11.523     0.060         5
   312.978    11.594     0.060         5
   313.132    11.627     0.060         5
   313.443    11.679     0.060         5
   313.604    11.707     0.060         5
   313.905    11.759     0.060         5
   314.070    11.774     0.060         5
   314.381    11.822     0.060         5
   314.532    11.854     0.060         5
   314.843    11.906     0.060         5
   315.155    11.958     0.060         5
   315.628    12.034     0.060         5
   315.929    12.086     0.060         5
   316.241    12.134     0.060         5
   316.555    12.186     0.060         5
   317.039    12.270     0.060         5
   317.350    12.312     0.060         5
   317.673    12.374     0.060         5
   317.834    12.398     0.060         5
   318.320    12.489     0.060         5
   318.482    12.510     0.060         5
   318.793    12.562     0.060         5
   319.116    12.621     0.060         5
   319.427    12.683     0.060         5
   319.588    12.707     0.060         5
   319.747    12.741     0.060         5
   319.908    12.769     0.060         5
   320.058    12.810     0.060         5
   320.523    12.896     0.060         5
   320.685    12.927     0.060         5
   320.989    12.986     0.060         5
   321.451    13.080     0.060         5
   321.905    13.166     0.060         5
   322.370    13.263     0.060         5
   322.836    13.343     0.060         5
   323.301    13.426     0.060         5
   323.605    13.478     0.060         5
   323.755    13.502     0.060         5
   324.056    13.546     0.060         5
   324.360    13.595     0.060         5
   324.672    13.647     0.060         5
   324.976    13.709     0.060         5
   325.126    13.736     0.060         5
   325.287    13.768     0.060         5
   325.760    13.850     0.060         5
   326.072    13.913     0.060         5
   326.384    13.964     0.060         5
   326.545    13.999     0.060         5
   327.004    14.078     0.060         5
   327.326    14.153     0.060         5
   327.799    14.227     0.060         5
   327.947    14.257     0.060         5
   328.424    14.337     0.060         5
   328.585    14.382     0.060         5
   328.733    14.396     0.060         5
   329.197    14.490     0.060         5
   329.506    14.544     0.060         5
   329.820    14.606     0.060         5
   330.124    14.679     0.060         5
   330.436    14.726     0.060         5
   308.759    11.689     0.060         8
   309.224    11.757     0.060         8
   309.848    11.850     0.060         8
   310.321    11.926     0.060         8
   310.944    12.023     0.060         8
   311.256    12.067     0.060         8
   312.043    12.167     0.060         8
   312.666    12.251     0.060         8
   313.132    12.320     0.060         8
   313.443    12.368     0.060         8
   313.755    12.412     0.060         8
   314.381    12.492     0.060         8
   314.693    12.532     0.060         8
   315.316    12.608     0.060         8
   315.929    12.692     0.060         8
   316.405    12.769     0.060         8
   317.039    12.857     0.060         8
   317.200    12.885     0.060         8
   317.834    12.982     0.060         8
   318.632    13.098     0.060         8
   318.954    13.164     0.060         8
   319.427    13.218     0.060         8
   319.747    13.263     0.060         8
   320.058    13.305     0.060         8
   320.523    13.375     0.060         8
   320.835    13.436     0.060         8
   321.451    13.521     0.060         8
   321.604    13.553     0.060         8
   322.056    13.611     0.060         8
   322.521    13.690     0.060         8
   322.986    13.738     0.060         8
   323.301    13.789     0.060         8
   323.906    13.876     0.060         8
   324.210    13.928     0.060         8
   324.976    14.053     0.060         8
   325.287    14.105     0.060         8
   325.599    14.160     0.060         8
   325.760    14.187     0.060         8
   326.233    14.270     0.060         8
   326.692    14.356     0.060         8
   327.004    14.422     0.060         8
   327.165    14.436     0.060         8
   327.477    14.492     0.060         8
   328.108    14.606     0.060         8
   328.733    14.692     0.060         8
   329.820    14.876     0.060         8
   330.124    14.924     0.060         8
   330.750    15.028     0.060         8
   331.054    15.068     0.060         8
   331.372    15.113     0.060         8
   331.676    15.161     0.060         8
   332.147    15.245     0.060         8
   332.451    15.287     0.060         8
   332.768    15.339     0.060         8
   332.922    15.375     0.060         8
   333.676    15.487     0.060         8
   334.133    15.567     0.060         8
   334.437    15.615     0.060         8
   334.905    15.689     0.060         8
   335.223    15.741     0.060         8
   335.534    15.789     0.060         8
   335.688    15.813     0.060         8
   336.167    15.903     0.060         8
   336.492    15.959     0.060         8
   336.971    16.025     0.060         8
   337.288    16.091     0.060         8
   337.770    16.168     0.060         8
   338.095    16.222     0.060         8
   338.407    16.269     0.060         8
   338.557    16.291     0.060         8
   339.041    16.370     0.060         8
   339.353    16.412     0.060         8
   339.675    16.457     0.060         8
   340.145    16.518     0.060         8
   340.453    16.554     0.060         8
   340.934    16.617     0.060         8
   341.253    16.642     0.060         8
   341.568    16.671     0.060         8
   341.882    16.703     0.060         8
   342.197    16.736     0.060         8
   342.840    16.782     0.060         8
   343.329    16.846     0.060         8
   343.980    16.910     0.060         8
   344.294    16.950     0.060         8
   344.458    16.978     0.060         8
   344.927    17.055     0.060         8
   345.252    17.095     0.060         8
   345.728    17.155     0.060         8
   346.203    17.219     0.060         8
   346.679    17.287     0.060         8
   346.991    17.335     0.060         8
   347.308    17.392     0.060         8
   347.623    17.440     0.060         8
   347.938    17.488     0.060         8
   348.255    17.545     0.060         8
   348.573    17.589     0.060         8
   349.044    17.657     0.060         8
   349.520    17.742     0.060         8
   350.003    17.819     0.060         8
   350.322    17.883     0.060         8
   351.114    18.000     0.060         8
   341.092    16.419     0.060        13
   343.001    16.667     0.060        13
   344.927    16.930     0.060        13
   346.840    17.202     0.060        13
   348.091    17.397     0.060        13
   351.906    18.029     0.060        13
   353.643    18.304     0.060        13
   355.369    18.528     0.060        13
   356.939    18.724     0.060        13
   357.743    18.894     0.060        13
   358.862    19.050     0.060        13
   360.295    19.300     0.060        13
   361.894    19.618     0.060        13
   363.006    19.863     0.060        13
   365.425    20.371     0.060        13
   366.540    20.612     0.060        13
   367.341    20.775     0.060        13
   260.068     5.010     0.060        14
   260.702     5.137     0.060        14
   261.178     5.212     0.060        14
   261.812     5.325     0.060        14
   262.624     5.479     0.060        14
   263.272     5.585     0.060        14
   263.745     5.668     0.060        14
   264.562     5.818     0.060        14
   264.892     5.876     0.060        14
   265.383     5.955     0.060        14
   265.883     6.049     0.060        14
   266.377     6.128     0.060        14
   266.864     6.221     0.060        14
   267.673     6.338     0.060        14
   268.159     6.432     0.060        14
   268.638     6.495     0.060        14
   269.429     6.607     0.060        14
   270.238     6.711     0.060        14
   271.040     6.828     0.060        14
   271.519     6.871     0.060        14
   272.488     6.991     0.060        14
   273.132     7.055     0.060        14
   273.938     7.155     0.060        14
   274.586     7.218     0.060        14
   275.573     7.309     0.060        14
   276.398     7.397     0.060        14
   277.206     7.464     0.060        14
   277.840     7.527     0.060        14
   279.125     7.671     0.060        14
   279.612     7.707     0.060        14
   280.098     7.778     0.060        14
   280.892     7.843     0.060        14
   281.217     7.852     0.060        14
   281.696     7.901     0.060        14
   282.333     7.943     0.060        14
   282.812     8.008     0.060        14
   283.288     8.075     0.060        14
   283.928     8.139     0.060        14
   285.205     8.282     0.060        14
   285.848     8.346     0.060        14
   286.327     8.407     0.060        14
   286.813     8.470     0.060        14
   287.303     8.531     0.060        14
   287.625     8.570     0.060        14
   288.262     8.659     0.060        14
   288.743     8.710     0.060        14
   289.388     8.823     0.060        14
   289.718     8.872     0.060        14
   290.527     8.967     0.060        14
   291.182     9.047     0.060        14
   291.830     9.143     0.060        14
   292.144     9.200     0.060        14
   292.784     9.314     0.060        14
   293.099     9.353     0.060        14
   293.882     9.465     0.060        14
   294.347     9.551     0.060        14
   294.812     9.631     0.060        14
   295.428     9.737     0.060        14
   295.883     9.816     0.060        14
   296.498     9.942     0.060        14
   297.278    10.072     0.060        14
   297.736    10.147     0.060        14
   298.961    10.332     0.060        14
   299.728    10.478     0.060        14
   300.633    10.606     0.060        14
   301.702    10.792     0.060        14
   302.333    10.888     0.060        14
   302.967    10.981     0.060        14
   303.748    11.097     0.060        14
   304.372    11.190     0.060        14
   304.998    11.293     0.060        14
   305.632    11.431     0.060        14
   306.570    11.580     0.060        14
   307.196    11.693     0.060        14
   307.662    11.778     0.060        14
   308.444    11.890     0.060        14
   309.224    12.012     0.060        14
   309.848    12.114     0.060        14
   310.321    12.201     0.060        14
   310.944    12.344     0.060        14
   311.567    12.439     0.060        14
   312.204    12.532     0.060        14
   312.666    12.608     0.060        14
   313.443    12.729     0.060        14
   313.755    12.769     0.060        14
   314.220    12.850     0.060        14
   314.843    12.938     0.060        14
   315.316    13.014     0.060        14
   315.929    13.115     0.060        14
   316.405    13.192     0.060        14
   317.200    13.325     0.060        14
   317.673    13.405     0.060        14
   318.320    13.522     0.060        14
   318.632    13.591     0.060        14
   318.954    13.631     0.060        14
   319.277    13.696     0.060        14
   319.747    13.806     0.060        14
   320.685    13.989     0.060        14
   321.755    14.187     0.060        14
   322.836    14.372     0.060        14
   323.605    14.485     0.060        14
   324.511    14.650     0.060        14
   325.599    14.852     0.060        14
   326.692    15.054     0.060        14
   327.638    15.220     0.060        14
   328.585    15.389     0.060        14
   329.358    15.551     0.060        14
   330.589    15.757     0.060        14
   331.525    15.889     0.060        14
   332.147    15.982     0.060        14
   333.522    16.220     0.060        14
   334.905    16.458     0.060        14
   259.753     6.805     0.060        24
   260.390     6.999     0.060        24
   261.339     7.253     0.060        24
   261.812     7.404     0.060        24
   262.299     7.524     0.060        24
   262.947     7.670     0.060        24
   263.433     7.831     0.060        24
   264.081     8.025     0.060        24
   264.562     8.135     0.060        24
   266.864     8.823     0.060        24
   267.347     8.972     0.060        24
   267.673     9.062     0.060        24
   268.159     9.224     0.060        24
   268.802     9.392     0.060        24
   269.429     9.599     0.060        24
   270.074     9.780     0.060        24
   270.712     9.903     0.060        24
   270.876     9.979     0.060        24
   271.519    10.146     0.060        24
   271.998    10.283     0.060        24
   272.323    10.372     0.060        24
   272.971    10.531     0.060        24
   273.455    10.654     0.060        24
   293.882    15.133     0.060        24
   294.812    15.304     0.060        24
   295.428    15.452     0.060        24
   295.883    15.563     0.060        24
   296.663    15.742     0.060        24
   297.278    15.918     0.060        24
   297.582    15.995     0.060        24
   297.889    16.118     0.060        24
   298.357    16.270     0.060        24
   298.807    16.381     0.060        24
   299.575    16.630     0.060        24
   299.874    16.696     0.060        24
   300.178    16.802     0.060        24
   300.482    16.894     0.060        24
   301.084    17.069     0.060        24
   301.544    17.163     0.060        24
   301.863    17.258     0.060        24
   302.333    17.370     0.060        24
   302.967    17.563     0.060        24
   303.286    17.643     0.060        24
   303.598    17.765     0.060        24
   304.060    17.883     0.060        24
   304.683    18.036     0.060        24
   305.320    18.188     0.060        24
   305.944    18.334     0.060        24
   306.420    18.476     0.060        24
   306.885    18.628     0.060        24
   307.196    18.744     0.060        24
   307.815    18.880     0.060        24
   308.598    19.102     0.060        24
   309.224    19.266     0.060        24
   309.536    19.361     0.060        24
   309.848    19.454     0.060        24
   310.482    19.628     0.060        24
   310.944    19.759     0.060        24
   311.731    19.977     0.060        24
   312.204    20.127     0.060        24
   313.132    20.399     0.060        24
   313.443    20.482     0.060        24
   313.755    20.568     0.060        24
     0.000     0.000     0.000        -1
