    54.860    -1.000     0.000         0
    51.048     2.974     0.060         1
    51.206     2.926     0.060         1
    51.357     2.852     0.060         1
    51.518     2.767     0.060         1
    51.672     2.680     0.060         1
    51.833     2.590     0.060         1
    51.984     2.508     0.060         1
    52.145     2.433     0.060         1
    52.293     2.357     0.060         1
    52.443     2.280     0.060         1
    52.604     2.202     0.060         1
    52.755     2.143     0.060         1
    52.906     2.088     0.060         1
    53.067     2.036     0.060         1
    53.217     2.019     0.060         1
    53.368     1.975     0.060         1
    53.518     1.935     0.060         1
    53.669     1.895     0.060         1
    53.819     1.862     0.060         1
    53.973     1.834     0.060         1
    54.124     1.814     0.060         1
    54.274     1.800     0.060         1
    54.428     1.790     0.060         1
    54.578     1.779     0.060         1
    54.731     1.739     0.060         1
    54.823     1.739     0.060         1
    51.672     2.955     0.060         2
    51.833     2.904     0.060         2
    51.984     2.853     0.060         2
    52.145     2.797     0.060         2
    52.293     2.743     0.060         2
    52.443     2.698     0.060         2
    52.604     2.674     0.060         2
    52.755     2.638     0.060         2
    52.906     2.601     0.060         2
    53.067     2.565     0.060         2
    53.217     2.525     0.060         2
    53.368     2.501     0.060         2
    53.518     2.458     0.060         2
    53.669     2.419     0.060         2
    53.819     2.392     0.060         2
    53.973     2.372     0.060         2
    54.124     2.354     0.060         2
    54.274     2.349     0.060         2
    54.428     2.362     0.060         2
    54.578     2.345     0.060         2
    54.731     2.333     0.060         2
    54.823     2.332     0.060         2
     3.394    11.263     0.060         5
     3.558    11.249     0.060         5
     3.719    11.220     0.060         5
     3.881    11.204     0.060         5
     4.056    11.184     0.060         5
     4.217    11.156     0.060         5
     4.379    11.128     0.060         5
     4.543    11.112     0.060         5
     4.704    11.085     0.060         5
     4.879    11.054     0.060         5
     5.041    11.054     0.060         5
     5.205    11.035     0.060         5
     5.369    10.991     0.060         5
     5.541    10.976     0.060         5
     5.706    10.945     0.060         5
     5.867    10.925     0.060         5
     6.029    10.906     0.060         5
     6.190    10.878     0.060         5
     6.341    10.858     0.060         5
     6.505    10.841     0.060         5
     6.663    10.821     0.060         5
     6.825    10.801     0.060         5
     6.986    10.773     0.060         5
     7.147    10.752     0.060         5
     7.309    10.728     0.060         5
     7.467    10.704     0.060         5
     7.628    10.684     0.060         5
     7.790    10.651     0.060         5
     7.951    10.627     0.060         5
     8.116    10.601     0.060         5
     8.277    10.575     0.060         5
     8.441    10.552     0.060         5
     8.603    10.526     0.060         5
     8.778    10.496     0.060         5
     8.939    10.474     0.060         5
     9.103    10.448     0.060         5
     9.268    10.430     0.060         5
     9.429    10.404     0.060         5
     9.590    10.378     0.060         5
     9.752    10.353     0.060         5
     9.913    10.323     0.060         5
    10.074    10.301     0.060         5
    10.236    10.275     0.060         5
    10.387    10.233     0.060         5
    10.548    10.212     0.060         5
    10.715    10.182     0.060         5
    10.880    10.176     0.060         5
    11.044    10.139     0.060         5
    11.208    10.121     0.060         5
    11.380    10.095     0.060         5
    11.545    10.074     0.060         5
    11.706    10.048     0.060         5
    11.881    10.018     0.060         5
    12.042     9.992     0.060         5
    12.207     9.975     0.060         5
    12.379     9.945     0.060         5
    12.543     9.911     0.060         5
    12.705     9.897     0.060         5
    12.866     9.871     0.060         5
    13.027     9.837     0.060         5
    13.186     9.823     0.060         5
    13.347     9.793     0.060         5
    13.505     9.765     0.060         5
    13.656     9.749     0.060         5
    13.817     9.716     0.060         5
    13.979     9.682     0.060         5
    14.143     9.664     0.060         5
    14.304     9.637     0.060         5
    14.458     9.617     0.060         5
    14.619     9.587     0.060         5
    14.784     9.577     0.060         5
    14.945     9.542     0.060         5
    15.109     9.526     0.060         5
    15.271     9.500     0.060         5
    15.435     9.490     0.060         5
    15.600     9.448     0.060         5
    15.750     9.429     0.060         5
    15.922     9.387     0.060         5
    16.087     9.373     0.060         5
    16.248     9.343     0.060         5
    16.412     9.321     0.060         5
    16.574     9.299     0.060         5
    16.738     9.274     0.060         5
    16.910     9.253     0.060         5
    17.074     9.220     0.060         5
    17.236     9.191     0.060         5
    17.397     9.174     0.060         5
    17.558     9.153     0.060         5
    17.709     9.120     0.060         5
    17.870     9.107     0.060         5
    18.032     9.101     0.060         5
    18.183     9.063     0.060         5
    18.341     9.044     0.060         5
    18.502     9.010     0.060         5
    18.656     8.987     0.060         5
    18.817     8.965     0.060         5
    18.979     8.947     0.060         5
    19.129     8.916     0.060         5
    19.291     8.890     0.060         5
    19.441     8.867     0.060         5
    19.603     8.837     0.060         5
    19.753     8.822     0.060         5
    19.915     8.788     0.060         5
    20.065     8.774     0.060         5
    20.216     8.744     0.060         5
    20.377     8.720     0.060         5
    20.531     8.697     0.060         5
    20.692     8.667     0.060         5
    20.843     8.641     0.060         5
    21.008     8.628     0.060         5
    21.158     8.594     0.060         5
    21.320     8.580     0.060         5
    21.473     8.546     0.060         5
    21.635     8.520     0.060         5
    21.785     8.507     0.060         5
    21.947     8.481     0.060         5
    22.100     8.453     0.060         5
    22.251     8.438     0.060         5
    22.402     8.415     0.060         5
    22.566     8.383     0.060         5
    22.717     8.356     0.060         5
    22.878     8.332     0.060         5
    23.032     8.317     0.060         5
    23.193     8.290     0.060         5
    23.344     8.254     0.060         5
    23.505     8.231     0.060         5
    23.656     8.199     0.060         5
    23.820     8.176     0.060         5
    23.981     8.149     0.060         5
    24.129     8.125     0.060         5
    24.291     8.099     0.060         5
    24.441     8.065     0.060         5
    24.600     8.042     0.060         5
    24.761     8.024     0.060         5
    24.922     8.006     0.060         5
    25.073     7.995     0.060         5
    25.231     7.949     0.060         5
    25.393     7.923     0.060         5
    25.543     7.909     0.060         5
    25.705     7.874     0.060         5
    25.855     7.852     0.060         5
    26.017     7.830     0.060         5
    26.167     7.804     0.060         5
    26.329     7.786     0.060         5
    26.479     7.768     0.060         5
    26.641     7.734     0.060         5
    26.794     7.700     0.060         5
    26.956     7.690     0.060         5
    27.117     7.672     0.060         5
    27.268     7.638     0.060         5
    27.432     7.616     0.060         5
    27.593     7.589     0.060         5
    27.744     7.562     0.060         5
    27.905     7.540     0.060         5
    28.067     7.509     0.060         5
    28.217     7.486     0.060         5
    28.379     7.465     0.060         5
    28.543     7.439     0.060         5
    28.694     7.421     0.060         5
    28.858     7.387     0.060         5
    29.020     7.365     0.060         5
    29.184     7.339     0.060         5
    29.335     7.312     0.060         5
    29.496     7.285     0.060         5
    29.660     7.262     0.060         5
    29.822     7.240     0.060         5
    29.972     7.213     0.060         5
    30.131     7.182     0.060         5
    30.284     7.163     0.060         5
    30.446     7.140     0.060         5
    30.610     7.105     0.060         5
    30.761     7.085     0.060         5
    30.922     7.062     0.060         5
    31.076     7.031     0.060         5
    31.237     7.007     0.060         5
    31.388     6.982     0.060         5
    31.552     6.958     0.060         5
    31.713     6.933     0.060         5
    31.878     6.904     0.060         5
    32.031     6.871     0.060         5
    32.196     6.831     0.060         5
    32.357     6.807     0.060         5
    32.521     6.772     0.060         5
    32.683     6.749     0.060         5
    32.844     6.717     0.060         5
    33.006     6.678     0.060         5
    33.156     6.650     0.060         5
    33.318     6.626     0.060         5
    33.482     6.598     0.060         5
    33.643     6.570     0.060         5
    33.808     6.542     0.060         5
    33.969     6.518     0.060         5
    34.130     6.489     0.060         5
    34.292     6.472     0.060         5
    34.456     6.447     0.060         5
    34.617     6.422     0.060         5
    34.782     6.397     0.060         5
    34.943     6.367     0.060         5
    35.107     6.345     0.060         5
    35.279     6.311     0.060         5
    35.444     6.281     0.060         5
    35.605     6.247     0.060         5
    35.766     6.222     0.060         5
    35.931     6.188     0.060         5
    36.092     6.158     0.060         5
    36.253     6.126     0.060         5
    36.415     6.101     0.060         5
    36.584     6.069     0.060         5
    36.745     6.044     0.060         5
    36.906     6.016     0.060         5
    37.057     5.987     0.060         5
    37.221     5.963     0.060         5
    37.383     5.938     0.060         5
    37.544     5.914     0.060         5
    37.705     5.884     0.060         5
    37.870     5.855     0.060         5
    38.031     5.829     0.060         5
    38.192     5.800     0.060         5
    38.357     5.774     0.060         5
    38.518     5.749     0.060         5
    38.679     5.715     0.060         5
    38.844     5.685     0.060         5
    39.005     5.654     0.060         5
    39.169     5.614     0.060         5
    39.331     5.579     0.060         5
    39.492     5.547     0.060         5
    39.656     5.508     0.060         5
    39.818     5.476     0.060         5
    39.982     5.437     0.060         5
    40.144     5.403     0.060         5
    40.305     5.368     0.060         5
    40.469     5.342     0.060         5
    40.631     5.307     0.060         5
    40.792     5.275     0.060         5
    40.967     5.243     0.060         5
    41.128     5.211     0.060         5
    41.287     5.187     0.060         5
    41.448     5.163     0.060         5
    41.599     5.135     0.060         5
    41.760     5.107     0.060         5
    41.921     5.083     0.060         5
    42.082     5.055     0.060         5
    42.244     5.029     0.060         5
    42.419     5.002     0.060         5
    42.570     4.968     0.060         5
    42.731     4.938     0.060         5
    42.881     4.912     0.060         5
    43.029     4.882     0.060         5
    43.190     4.857     0.060         5
    43.338     4.831     0.060         5
    43.499     4.805     0.060         5
    43.650     4.771     0.060         5
    43.811     4.750     0.060         5
    43.973     4.716     0.060         5
    44.126     4.686     0.060         5
    44.288     4.652     0.060         5
    44.449     4.622     0.060         5
    44.600     4.588     0.060         5
    44.761     4.554     0.060         5
    44.912     4.529     0.060         5
    45.065     4.495     0.060         5
    45.227     4.465     0.060         5
    45.391     4.430     0.060         5
    45.542     4.396     0.060         5
    45.706     4.357     0.060         5
    45.857     4.315     0.060         5
    46.018     4.282     0.060         5
    46.172     4.241     0.060         5
    46.333     4.204     0.060         5
    46.484     4.168     0.060         5
    46.648     4.138     0.060         5
    46.799     4.109     0.060         5
    46.963     4.076     0.060         5
    47.114     4.043     0.060         5
    47.278     4.013     0.060         5
    47.429     3.980     0.060         5
    47.590     3.951     0.060         5
    47.752     3.926     0.060         5
    47.902     3.905     0.060         5
    48.053     3.884     0.060         5
    48.217     3.863     0.060         5
    48.371     3.838     0.060         5
    17.870     9.446     0.060         7
    18.032     9.414     0.060         7
    18.183     9.390     0.060         7
    18.341     9.370     0.060         7
    18.502     9.346     0.060         7
    18.656     9.318     0.060         7
    18.817     9.292     0.060         7
    18.979     9.271     0.060         7
    19.129     9.251     0.060         7
    19.291     9.220     0.060         7
    19.441     9.187     0.060         7
    19.603     9.167     0.060         7
    19.753     9.152     0.060         7
    19.915     9.123     0.060         7
    20.065     9.093     0.060         7
    20.216     9.078     0.060         7
    20.377     9.058     0.060         7
    20.531     9.023     0.060         7
    20.692     9.002     0.060         7
    20.843     8.972     0.060         7
    21.008     8.941     0.060         7
    21.158     8.929     0.060         7
    21.320     8.907     0.060         7
    21.473     8.879     0.060         7
    21.635     8.855     0.060         7
    21.785     8.835     0.060         7
    21.947     8.807     0.060         7
    22.251     8.767     0.060         7
    22.402     8.747     0.060         7
    22.566     8.719     0.060         7
    22.717     8.703     0.060         7
    22.878     8.677     0.060         7
    23.032     8.651     0.060         7
    23.193     8.631     0.060         7
    23.344     8.618     0.060         7
    23.505     8.598     0.060         7
    23.656     8.573     0.060         7
    23.820     8.557     0.060         7
    23.981     8.524     0.060         7
    24.129     8.499     0.060         7
    24.291     8.478     0.060         7
    24.441     8.466     0.060         7
    24.600     8.444     0.060         7
    24.761     8.430     0.060         7
    24.922     8.413     0.060         7
    25.073     8.401     0.060         7
    25.231     8.372     0.060         7
    25.393     8.356     0.060         7
    25.543     8.319     0.060         7
    25.705     8.299     0.060         7
    25.855     8.274     0.060         7
    26.017     8.262     0.060         7
    26.167     8.229     0.060         7
    26.329     8.212     0.060         7
    26.479     8.199     0.060         7
    26.641     8.170     0.060         7
    26.794     8.151     0.060         7
    26.956     8.136     0.060         7
    27.117     8.108     0.060         7
    27.268     8.088     0.060         7
    27.432     8.076     0.060         7
     8.778    11.353     0.060        14
     8.939    11.333     0.060        14
     9.103    11.292     0.060        14
     9.268    11.280     0.060        14
     9.429    11.252     0.060        14
     9.590    11.247     0.060        14
     9.752    11.215     0.060        14
     9.913    11.195     0.060        14
    10.074    11.166     0.060        14
    10.236    11.146     0.060        14
    10.387    11.140     0.060        14
    10.548    11.099     0.060        14
    10.715    11.081     0.060        14
    10.880    11.055     0.060        14
    11.044    11.030     0.060        14
    11.208    10.996     0.060        14
    11.380    10.971     0.060        14
    11.545    10.943     0.060        14
    11.706    10.916     0.060        14
    11.881    10.889     0.060        14
    12.042    10.870     0.060        14
    12.207    10.831     0.060        14
    12.379    10.800     0.060        14
    12.543    10.784     0.060        14
    12.705    10.749     0.060        14
    12.866    10.730     0.060        14
    13.027    10.703     0.060        14
    13.186    10.665     0.060        14
    13.347    10.644     0.060        14
    13.505    10.630     0.060        14
    13.656    10.597     0.060        14
    13.817    10.583     0.060        14
    13.979    10.582     0.060        14
    14.143    10.536     0.060        14
    14.304    10.531     0.060        14
    14.458    10.517     0.060        14
    14.619    10.464     0.060        14
    14.784    10.432     0.060        14
    14.945    10.443     0.060        14
    15.109    10.427     0.060        14
    15.271    10.371     0.060        14
    15.435    10.363     0.060        14
    15.600    10.331     0.060        14
    15.750    10.326     0.060        14
    15.922    10.299     0.060        14
    16.087    10.254     0.060        14
    16.248    10.230     0.060        14
    16.412    10.210     0.060        14
    16.574    10.182     0.060        14
    16.738    10.162     0.060        14
    16.910    10.138     0.060        14
    17.074    10.114     0.060        14
    17.236    10.090     0.060        14
    17.397    10.066     0.060        14
    17.558    10.035     0.060        14
    17.709    10.025     0.060        14
    17.870     9.991     0.060        14
    18.032     9.964     0.060        14
    18.183     9.946     0.060        14
    18.341     9.924     0.060        14
    18.502     9.901     0.060        14
    18.656     9.863     0.060        14
    18.817     9.853     0.060        14
    18.979     9.810     0.060        14
    19.129     9.808     0.060        14
    19.291     9.774     0.060        14
    19.441     9.747     0.060        14
    19.603     9.717     0.060        14
    19.753     9.698     0.060        14
    19.915     9.668     0.060        14
    20.065     9.634     0.060        14
    20.216     9.627     0.060        14
    20.377     9.617     0.060        14
    20.531     9.579     0.060        14
    20.692     9.534     0.060        14
    20.843     9.529     0.060        14
    21.008     9.508     0.060        14
    21.158     9.491     0.060        14
    21.320     9.454     0.060        14
    21.473     9.429     0.060        14
    21.635     9.405     0.060        14
    21.785     9.388     0.060        14
    21.947     9.371     0.060        14
    22.100     9.350     0.060        14
    22.251     9.321     0.060        14
    22.402     9.300     0.060        14
    22.566     9.279     0.060        14
    22.717     9.262     0.060        14
    22.878     9.242     0.060        14
    23.032     9.217     0.060        14
    23.193     9.192     0.060        14
    23.344     9.167     0.060        14
    23.505     9.142     0.060        14
    23.656     9.109     0.060        14
    23.820     9.097     0.060        14
    23.981     9.062     0.060        14
    24.129     9.040     0.060        14
    24.291     9.014     0.060        14
    24.441     8.992     0.060        14
    24.600     8.970     0.060        14
    24.761     8.952     0.060        14
    24.922     8.917     0.060        14
    25.073     8.903     0.060        14
    25.231     8.869     0.060        14
    25.393     8.863     0.060        14
    25.543     8.825     0.060        14
    25.705     8.803     0.060        14
    25.855     8.772     0.060        14
    26.017     8.758     0.060        14
    26.167     8.720     0.060        14
    26.329     8.706     0.060        14
    26.479     8.684     0.060        14
    26.641     8.658     0.060        14
    26.794     8.618     0.060        14
    26.956     8.587     0.060        14
    27.117     8.563     0.060        14
    27.268     8.532     0.060        14
    27.432     8.516     0.060        14
    27.593     8.477     0.060        14
    27.744     8.465     0.060        14
    27.905     8.438     0.060        14
    28.067     8.418     0.060        14
    28.217     8.387     0.060        14
    28.379     8.363     0.060        14
    28.543     8.340     0.060        14
    28.694     8.316     0.060        14
    28.858     8.289     0.060        14
    29.020     8.261     0.060        14
    29.184     8.242     0.060        14
    29.335     8.220     0.060        14
    29.496     8.182     0.060        14
    29.660     8.172     0.060        14
    29.822     8.147     0.060        14
    29.972     8.117     0.060        14
    30.131     8.099     0.060        14
    30.284     8.077     0.060        14
    30.446     8.047     0.060        14
    30.610     8.026     0.060        14
    30.761     8.004     0.060        14
    30.922     7.978     0.060        14
    31.076     7.956     0.060        14
    31.237     7.926     0.060        14
    31.388     7.909     0.060        14
    31.552     7.879     0.060        14
    31.713     7.854     0.060        14
    31.878     7.826     0.060        14
    32.031     7.805     0.060        14
    32.196     7.773     0.060        14
    32.357     7.752     0.060        14
    32.521     7.720     0.060        14
    32.683     7.691     0.060        14
    32.844     7.666     0.060        14
    33.006     7.642     0.060        14
    33.156     7.605     0.060        14
    33.318     7.585     0.060        14
    33.482     7.556     0.060        14
    33.643     7.524     0.060        14
    33.808     7.495     0.060        14
    33.969     7.471     0.060        14
    34.130     7.445     0.060        14
    34.292     7.416     0.060        14
    34.456     7.387     0.060        14
    34.617     7.366     0.060        14
    34.782     7.336     0.060        14
    34.943     7.307     0.060        14
    35.107     7.278     0.060        14
    35.279     7.248     0.060        14
    35.444     7.219     0.060        14
    35.605     7.194     0.060        14
    35.766     7.165     0.060        14
    35.931     7.131     0.060        14
    36.092     7.098     0.060        14
    36.253     7.074     0.060        14
    36.415     7.041     0.060        14
    36.584     7.000     0.060        14
    36.745     6.972     0.060        14
    36.906     6.939     0.060        14
    37.057     6.907     0.060        14
    37.221     6.875     0.060        14
    37.383     6.846     0.060        14
    37.544     6.818     0.060        14
    37.705     6.785     0.060        14
    37.870     6.753     0.060        14
    38.031     6.726     0.060        14
    38.192     6.699     0.060        14
    38.357     6.668     0.060        14
    38.518     6.645     0.060        14
    38.679     6.618     0.060        14
    38.844     6.583     0.060        14
    39.005     6.552     0.060        14
    39.169     6.521     0.060        14
    39.331     6.490     0.060        14
    39.492     6.455     0.060        14
    39.656     6.424     0.060        14
    39.818     6.393     0.060        14
    39.982     6.358     0.060        14
    40.144     6.315     0.060        14
    40.305     6.288     0.060        14
    40.469     6.257     0.060        14
    40.631     6.230     0.060        14
    40.792     6.199     0.060        14
    40.967     6.171     0.060        14
    41.128     6.148     0.060        14
    41.287     6.118     0.060        14
    41.448     6.091     0.060        14
    41.599     6.063     0.060        14
    41.760     6.030     0.060        14
    41.921     6.002     0.060        14
    42.082     5.970     0.060        14
    42.244     5.946     0.060        14
    42.419     5.917     0.060        14
    42.570     5.877     0.060        14
    42.731     5.841     0.060        14
    42.881     5.813     0.060        14
    43.029     5.785     0.060        14
    43.190     5.757     0.060        14
    43.338     5.733     0.060        14
    43.499     5.701     0.060        14
    43.650     5.673     0.060        14
    43.811     5.649     0.060        14
    43.973     5.613     0.060        14
    44.126     5.581     0.060        14
    44.288     5.544     0.060        14
    44.449     5.510     0.060        14
    44.600     5.476     0.060        14
    44.761     5.450     0.060        14
    44.912     5.420     0.060        14
    45.065     5.386     0.060        14
    45.227     5.351     0.060        14
    45.391     5.321     0.060        14
    45.542     5.291     0.060        14
    45.706     5.264     0.060        14
    45.857     5.231     0.060        14
    46.018     5.196     0.060        14
    46.172     5.154     0.060        14
    33.318     9.525     0.060        23
    33.482     9.452     0.060        23
    33.643     9.419     0.060        23
    33.969     9.301     0.060        23
    34.130     9.232     0.060        23
    34.292     9.169     0.060        23
    34.456     9.119     0.060        23
    34.617     9.061     0.060        23
    35.107     8.903     0.060        23
    35.279     8.850     0.060        23
    35.444     8.802     0.060        23
    35.605     8.757     0.060        23
    35.766     8.688     0.060        23
    35.931     8.612     0.060        23
    36.092     8.576     0.060        23
    36.253     8.527     0.060        23
    36.415     8.495     0.060        23
    36.584     8.453     0.060        23
    36.745     8.424     0.060        23
    36.906     8.339     0.060        23
    37.057     8.286     0.060        23
    37.221     8.240     0.060        23
    37.383     8.210     0.060        23
    37.544     8.179     0.060        23
    37.705     8.129     0.060        23
    37.870     8.080     0.060        23
    38.031     8.036     0.060        23
    38.192     7.978     0.060        23
    38.357     7.935     0.060        23
    38.518     7.886     0.060        23
    38.679     7.824     0.060        23
    38.844     7.768     0.060        23
    39.005     7.711     0.060        23
    39.169     7.670     0.060        23
    39.331     7.630     0.060        23
    39.492     7.573     0.060        23
    39.656     7.499     0.060        23
    39.818     7.460     0.060        23
    39.982     7.394     0.060        23
    40.144     7.362     0.060        23
    40.305     7.301     0.060        23
    40.469     7.267     0.060        23
    40.631     7.216     0.060        23
    40.792     7.164     0.060        23
    40.967     7.112     0.060        23
    41.128     7.058     0.060        23
    41.287     7.013     0.060        23
    41.448     6.930     0.060        23
    41.599     6.906     0.060        23
    41.760     6.872     0.060        23
    41.921     6.818     0.060        23
    42.082     6.774     0.060        23
    42.244     6.713     0.060        23
    42.419     6.652     0.060        23
    42.570     6.629     0.060        23
    42.731     6.583     0.060        23
    42.881     6.535     0.060        23
    43.029     6.470     0.060        23
    43.190     6.437     0.060        23
    43.338     6.368     0.060        23
    43.499     6.294     0.060        23
    43.650     6.255     0.060        23
    43.811     6.218     0.060        23
    43.973     6.181     0.060        23
    44.126     6.137     0.060        23
    44.288     6.092     0.060        23
    44.449     6.019     0.060        23
    44.600     5.979     0.060        23
    44.761     5.935     0.060        23
    44.912     5.881     0.060        23
    45.065     5.828     0.060        23
    45.227     5.758     0.060        23
    45.391     5.721     0.060        23
    45.542     5.687     0.060        23
    14.458    15.769     0.060        24
    14.619    15.735     0.060        24
    14.784    15.679     0.060        24
    14.945    15.638     0.060        24
    15.271    15.566     0.060        24
    15.435    15.565     0.060        24
    15.600    15.435     0.060        24
    15.750    15.394     0.060        24
    15.922    15.351     0.060        24
    16.087    15.309     0.060        24
    16.248    15.291     0.060        24
    16.412    15.253     0.060        24
    16.574    15.235     0.060        24
    16.738    15.206     0.060        24
    16.910    15.153     0.060        24
    17.074    15.053     0.060        24
    17.236    15.032     0.060        24
    17.397    14.996     0.060        24
    17.558    14.959     0.060        24
    17.709    14.932     0.060        24
    17.870    14.909     0.060        24
    18.032    14.806     0.060        24
    18.183    14.816     0.060        24
    18.341    14.785     0.060        24
    18.502    14.750     0.060        24
    18.656    14.720     0.060        24
    18.817    14.613     0.060        24
    18.979    14.594     0.060        24
    19.129    14.564     0.060        24
    19.291    14.515     0.060        24
    19.441    14.471     0.060        24
    19.603    14.417     0.060        24
    19.753    14.389     0.060        24
    19.915    14.352     0.060        24
    20.065    14.291     0.060        24
    20.216    14.233     0.060        24
    20.377    14.201     0.060        24
    20.531    14.162     0.060        24
    20.692    14.130     0.060        24
    20.843    14.103     0.060        24
    21.008    14.063     0.060        24
    21.158    14.045     0.060        24
    21.320    13.938     0.060        24
    21.473    13.903     0.060        24
    21.635    13.880     0.060        24
    21.785    13.850     0.060        24
    21.947    13.806     0.060        24
    22.100    13.696     0.060        24
    22.251    13.670     0.060        24
    22.402    13.644     0.060        24
    22.566    13.608     0.060        24
    22.717    13.586     0.060        24
    22.878    13.554     0.060        24
    23.032    13.502     0.060        24
    23.193    13.458     0.060        24
    23.344    13.359     0.060        24
    23.505    13.323     0.060        24
    23.656    13.296     0.060        24
    23.820    13.264     0.060        24
    23.981    13.232     0.060        24
    24.129    13.202     0.060        24
    24.291    13.146     0.060        24
    24.441    13.109     0.060        24
    24.600    13.026     0.060        24
    24.761    13.007     0.060        24
    24.922    12.972     0.060        24
    25.073    12.938     0.060        24
    25.231    12.895     0.060        24
    25.393    12.868     0.060        24
    25.543    12.830     0.060        24
    25.705    12.787     0.060        24
    25.855    12.725     0.060        24
    26.017    12.674     0.060        24
    26.167    12.632     0.060        24
    26.329    12.593     0.060        24
    26.479    12.551     0.060        24
    26.641    12.512     0.060        24
    26.794    12.474     0.060        24
    26.956    12.430     0.060        24
    27.117    12.363     0.060        24
    27.268    12.330     0.060        24
    27.432    12.305     0.060        24
    27.593    12.285     0.060        24
    27.744    12.255     0.060        24
    27.905    12.159     0.060        24
    28.067    12.127     0.060        24
    28.217    12.072     0.060        24
    28.379    12.008     0.060        24
    28.543    11.976     0.060        24
    28.694    11.949     0.060        24
    28.858    11.909     0.060        24
    29.020    11.871     0.060        24
    29.184    11.840     0.060        24
    29.335    11.811     0.060        24
    29.496    11.669     0.060        24
    29.660    11.639     0.060        24
    29.822    11.617     0.060        24
    29.972    11.586     0.060        24
    30.131    11.563     0.060        24
    30.284    11.532     0.060        24
    30.446    11.450     0.060        24
    30.610    11.356     0.060        24
    30.761    11.298     0.060        24
    30.922    11.262     0.060        24
    31.076    11.235     0.060        24
    31.237    11.219     0.060        24
    31.388    11.158     0.060        24
    31.552    11.135     0.060        24
    31.713    11.108     0.060        24
    31.878    11.069     0.060        24
    32.031    10.962     0.060        24
    32.196    10.903     0.060        24
    32.357    10.879     0.060        24
    32.521    10.827     0.060        24
    32.683    10.787     0.060        24
    32.844    10.734     0.060        24
    33.006    10.711     0.060        24
    33.156    10.668     0.060        24
    33.318    10.626     0.060        24
    33.482    10.577     0.060        24
    33.643    10.515     0.060        24
    33.808    10.461     0.060        24
    33.969    10.446     0.060        24
    34.130    10.363     0.060        24
    34.292    10.369     0.060        24
    34.456    10.306     0.060        24
    34.617    10.252     0.060        24
    34.782    10.221     0.060        24
    34.943    10.116     0.060        24
    35.107    10.058     0.060        24
    35.279    10.024     0.060        24
    35.444     9.963     0.060        24
    35.605     9.914     0.060        24
    35.766     9.866     0.060        24
    35.931     9.826     0.060        24
    36.092     9.788     0.060        24
    36.253     9.739     0.060        24
    36.415     9.685     0.060        24
    36.584     9.631     0.060        24
    36.745     9.583     0.060        24
    36.906     9.531     0.060        24
    37.057     9.475     0.060        24
    37.221     9.418     0.060        24
    37.383     9.363     0.060        24
    37.544     9.323     0.060        24
    37.705     9.271     0.060        24
    37.870     9.222     0.060        24
    38.031     9.154     0.060        24
    38.192     9.090     0.060        24
    38.357     9.049     0.060        24
    38.518     9.005     0.060        24
    38.679     8.961     0.060        24
    38.844     8.917     0.060        24
    39.005     8.875     0.060        24
    39.169     8.829     0.060        24
    39.331     8.768     0.060        24
    39.492     8.710     0.060        24
    39.656     8.664     0.060        24
    39.818     8.619     0.060        24
    39.982     8.573     0.060        24
    40.144     8.527     0.060        24
    40.305     8.480     0.060        24
    40.469     8.429     0.060        24
    40.631     8.378     0.060        24
    40.792     8.303     0.060        24
    40.967     8.257     0.060        24
    41.128     8.198     0.060        24
    54.860     1.000     0.000         0
    55.037     1.747     0.060         1
    55.186     1.770     0.060         1
    55.339     1.804     0.060         1
    55.500     1.835     0.060         1
    55.651     1.859     0.060         1
    55.804     1.888     0.060         1
    55.955     1.924     0.060         1
    56.106     1.970     0.060         1
    56.259     2.025     0.060         1
    56.421     2.081     0.060         1
    56.571     2.138     0.060         1
    56.722     2.199     0.060         1
    56.880     2.265     0.060         1
    57.031     2.330     0.060         1
    57.182     2.394     0.060         1
    57.343     2.465     0.060         1
    57.494     2.535     0.060         1
    57.655     2.608     0.060         1
    57.806     2.685     0.060         1
    57.956     2.764     0.060         1
    58.107     2.847     0.060         1
    58.258     2.926     0.060         1
    55.037     2.337     0.060         2
    55.186     2.357     0.060         2
    55.339     2.382     0.060         2
    55.500     2.398     0.060         2
    55.651     2.414     0.060         2
    55.804     2.433     0.060         2
    55.955     2.470     0.060         2
    56.106     2.502     0.060         2
    56.259     2.534     0.060         2
    56.421     2.583     0.060         2
    56.571     2.627     0.060         2
    56.722     2.670     0.060         2
    56.880     2.708     0.060         2
    57.031     2.717     0.060         2
    57.182     2.726     0.060         2
    59.643     3.593     0.060         5
    59.793     3.650     0.060         5
    59.944     3.689     0.060         5
    60.105     3.747     0.060         5
    60.256     3.768     0.060         5
    60.407     3.833     0.060         5
    60.565     3.889     0.060         5
    60.716     3.940     0.060         5
    60.866     3.996     0.060         5
    61.020     4.043     0.060         5
    61.171     4.096     0.060         5
    61.314     4.144     0.060         5
    61.467     4.197     0.060         5
    61.618     4.245     0.060         5
    61.771     4.298     0.060         5
    61.922     4.347     0.060         5
    62.076     4.396     0.060         5
    62.226     4.449     0.060         5
    62.380     4.494     0.060         5
    62.531     4.541     0.060         5
    62.684     4.581     0.060         5
    62.838     4.616     0.060         5
    62.989     4.651     0.060         5
    63.142     4.691     0.060         5
    63.285     4.729     0.060         5
    63.439     4.764     0.060         5
    63.590     4.792     0.060         5
    63.733     4.822     0.060         5
    63.887     4.858     0.060         5
    64.040     4.890     0.060         5
    64.180     4.926     0.060         5
    64.334     4.958     0.060         5
    64.485     4.991     0.060         5
    64.635     5.023     0.060         5
    64.794     5.051     0.060         5
    64.941     5.079     0.060         5
    65.089     5.111     0.060         5
    65.250     5.135     0.060         5
    65.398     5.163     0.060         5
    65.545     5.195     0.060         5
    65.707     5.232     0.060         5
    65.857     5.245     0.060         5
    66.008     5.282     0.060         5
    66.166     5.331     0.060         5
    66.314     5.359     0.060         5
    66.472     5.380     0.060         5
    66.620     5.402     0.060         5
    66.781     5.423     0.060         5
    66.929     5.449     0.060         5
    67.077     5.474     0.060         5
    67.227     5.512     0.060         5
    67.381     5.542     0.060         5
    67.532     5.563     0.060         5
    67.693     5.593     0.060         5
    67.844     5.616     0.060         5
    67.994     5.648     0.060         5
    68.148     5.675     0.060         5
    68.309     5.703     0.060         5
    68.460     5.730     0.060         5
    68.618     5.766     0.060         5
    68.769     5.797     0.060         5
    68.919     5.823     0.060         5
    69.081     5.849     0.060         5
    69.231     5.874     0.060         5
    69.393     5.912     0.060         5
    69.543     5.938     0.060         5
    69.697     5.966     0.060         5
    69.858     5.995     0.060         5
    70.006     6.028     0.060         5
    70.170     6.061     0.060         5
    70.321     6.090     0.060         5
    70.482     6.123     0.060         5
    70.636     6.155     0.060         5
    70.797     6.191     0.060         5
    70.948     6.215     0.060         5
    71.109     6.243     0.060         5
    71.260     6.271     0.060         5
    71.421     6.295     0.060         5
    71.572     6.323     0.060         5
    71.730     6.347     0.060         5
    71.892     6.375     0.060         5
    72.042     6.403     0.060         5
    72.207     6.431     0.060         5
    72.357     6.451     0.060         5
    72.511     6.475     0.060         5
    72.672     6.499     0.060         5
    72.826     6.519     0.060         5
    72.987     6.534     0.060         5
    73.138     6.568     0.060         5
    73.299     6.590     0.060         5
    73.450     6.619     0.060         5
    73.614     6.649     0.060         5
    73.768     6.675     0.060         5
    73.929     6.700     0.060         5
    74.090     6.733     0.060         5
    74.241     6.758     0.060         5
    74.392     6.787     0.060         5
    74.542     6.817     0.060         5
    74.693     6.834     0.060         5
    74.844     6.859     0.060         5
    74.991     6.886     0.060         5
    75.142     6.916     0.060         5
    75.293     6.935     0.060         5
    75.440     6.966     0.060         5
    75.602     6.980     0.060         5
    75.752     7.003     0.060         5
    75.906     7.029     0.060         5
    76.057     7.059     0.060         5
    76.221     7.064     0.060         5
    76.371     7.086     0.060         5
    76.525     7.116     0.060         5
    76.676     7.146     0.060         5
    76.829     7.173     0.060         5
    76.991     7.192     0.060         5
    77.141     7.215     0.060         5
    77.295     7.238     0.060         5
    77.456     7.253     0.060         5
    77.607     7.304     0.060         5
    77.761     7.323     0.060         5
    77.911     7.342     0.060         5
    78.073     7.354     0.060         5
    78.223     7.384     0.060         5
    78.374     7.410     0.060         5
    78.535     7.447     0.060         5
    78.697     7.460     0.060         5
    78.847     7.470     0.060         5
    79.008     7.491     0.060         5
    79.156     7.509     0.060         5
    79.317     7.533     0.060         5
    79.468     7.545     0.060         5
    79.619     7.585     0.060         5
    79.769     7.621     0.060         5
    79.931     7.641     0.060         5
    80.081     7.665     0.060         5
    80.232     7.693     0.060         5
    80.393     7.702     0.060         5
    80.541     7.755     0.060         5
    80.702     7.765     0.060         5
    80.853     7.792     0.060         5
    81.014     7.821     0.060         5
    81.165     7.838     0.060         5
    81.316     7.848     0.060         5
    81.477     7.881     0.060         5
    81.628     7.910     0.060         5
    81.789     7.931     0.060         5
    81.940     7.957     0.060         5
    82.101     7.982     0.060         5
    82.259     7.995     0.060         5
    82.410     8.032     0.060         5
    82.561     8.066     0.060         5
    82.722     8.080     0.060         5
    82.883     8.122     0.060         5
    83.044     8.128     0.060         5
    83.195     8.163     0.060         5
    83.353     8.187     0.060         5
    83.507     8.206     0.060         5
    83.668     8.229     0.060         5
    83.819     8.261     0.060         5
    83.983     8.280     0.060         5
    84.134     8.304     0.060         5
    84.285     8.332     0.060         5
    84.449     8.372     0.060         5
    84.610     8.388     0.060         5
    84.761     8.404     0.060         5
    84.922     8.423     0.060         5
    85.073     8.450     0.060         5
    85.237     8.489     0.060         5
    85.398     8.512     0.060         5
    85.549     8.523     0.060         5
    85.713     8.559     0.060         5
    85.864     8.582     0.060         5
    86.025     8.621     0.060         5
    86.176     8.600     0.060         5
    86.340     8.672     0.060         5
    86.491     8.687     0.060         5
    86.655     8.722     0.060         5
    86.806     8.737     0.060         5
    86.967     8.768     0.060         5
    87.132     8.795     0.060         5
    87.282     8.814     0.060         5
    87.443     8.853     0.060         5
    87.594     8.876     0.060         5
    87.755     8.905     0.060         5
    87.920     8.927     0.060         5
    88.070     8.953     0.060         5
    88.232     8.979     0.060         5
    88.385     9.005     0.060         5
    88.536     9.019     0.060         5
    88.697     9.047     0.060         5
    88.851     9.059     0.060         5
    89.012     9.083     0.060         5
    89.163     9.107     0.060         5
    89.316     9.131     0.060         5
    89.478     9.154     0.060         5
    89.631     9.174     0.060         5
    89.793     9.197     0.060         5
    89.943     9.219     0.060         5
    90.097     9.242     0.060         5
    90.258     9.260     0.060         5
    90.409     9.267     0.060         5
    90.563     9.293     0.060         5
    90.724     9.313     0.060         5
    90.878     9.337     0.060         5
    91.028     9.353     0.060         5
    91.193     9.368     0.060         5
    91.354     9.392     0.060         5
    91.507     9.408     0.060         5
    91.658     9.424     0.060         5
    91.819     9.439     0.060         5
    91.973     9.439     0.060         5
    92.134     9.462     0.060         5
    92.288     9.498     0.060         5
    92.449     9.514     0.060         5
    92.603     9.510     0.060         5
    92.764     9.529     0.060         5
    93.076     9.568     0.060         5
    93.399     9.612     0.060         5
    93.714     9.661     0.060         5
    94.187     9.729     0.060         5
    94.513     9.773     0.060         5
    94.825     9.813     0.060         5
    94.978     9.833     0.060         5
    95.451     9.881     0.060         5
    95.616     9.892     0.060         5
    96.089     9.932     0.060         5
    96.415     9.968     0.060         5
    96.880    10.003     0.060         5
    97.203    10.047     0.060         5
    97.676    10.086     0.060         5
    98.146    10.130     0.060         5
    98.606    10.165     0.060         5
    99.227    10.217     0.060         5
    99.689    10.252     0.060         5
    99.840    10.259     0.060         5
   100.152    10.279     0.060         5
   100.464    10.318     0.060         5
   100.927    10.357     0.060         5
   101.535    10.418     0.060         5
   101.842    10.453     0.060         5
   102.147    10.492     0.060         5
   102.461    10.521     0.060         5
   102.916    10.574     0.060         5
   103.522    10.654     0.060         5
   103.837    10.694     0.060         5
   104.467    10.784     0.060         5
   104.946    10.851     0.060         5
   105.422    10.921     0.060         5
   105.891    10.984     0.060         5
   106.518    11.072     0.060         5
   106.830    11.117     0.060         5
   107.456    11.214     0.060         5
   107.922    11.288     0.060         5
   108.543    11.379     0.060         5
   109.005    11.455     0.060         5
   109.314    11.510     0.060         5
   109.640    11.559     0.060         5
   110.102    11.639     0.060         5
   110.579    11.708     0.060         5
   110.880    11.759     0.060         5
   111.192    11.792     0.060         5
   111.504    11.843     0.060         5
   111.816    11.899     0.060         5
   112.128    11.939     0.060         5
   112.440    12.004     0.060         5
   112.587    12.041     0.060         5
   112.899    12.093     0.060         5
   113.351    12.170     0.060         5
   113.671    12.226     0.060         5
   113.996    12.283     0.060         5
   114.308    12.331     0.060         5
   114.634    12.387     0.060         5
   114.956    12.452     0.060         5
   115.279    12.517     0.060         5
   115.763    12.593     0.060         5
   116.085    12.650     0.060         5
   116.244    12.670     0.060         5
   116.556    12.726     0.060         5
   118.131    12.982     0.060         5
   119.406    13.179     0.060         5
   120.535    13.382     0.060         5
   121.670    13.574     0.060         5
   122.310    13.678     0.060         5
   122.633    13.734     0.060         5
   259.592    33.966     0.060         5
   260.551    34.059     0.060         5
   261.976    34.209     0.060         5
   262.946    34.316     0.060         5
   264.242    34.443     0.060         5
   265.221    34.534     0.060         5
   266.043    34.612     0.060         5
   267.346    34.732     0.060         5
   268.158    34.810     0.060         5
   269.119    34.907     0.060         5
   270.073    35.000     0.060         5
   271.040    35.094     0.060         5
   271.836    35.174     0.060         5
   272.648    35.244     0.060         5
   273.616    35.331     0.060         5
    70.482     6.563     0.060         7
    70.948     6.628     0.060         7
    71.572     6.709     0.060         7
    71.892     6.761     0.060         7
    72.207     6.793     0.060         7
    72.826     6.893     0.060         7
    73.299     6.954     0.060         7
    73.768     7.011     0.060         7
    74.241     7.076     0.060         7
    74.542     7.112     0.060         7
    75.293     7.221     0.060         7
    76.057     7.322     0.060         7
    76.371     7.358     0.060         7
    76.829     7.423     0.060         7
    77.456     7.519     0.060         7
   115.924    13.773     0.060         8
   116.244    13.826     0.060         8
   116.556    13.866     0.060         8
   116.875    13.910     0.060         8
   117.187    13.958     0.060         8
   117.496    13.994     0.060         8
   118.131    14.078     0.060         8
   118.292    14.102     0.060         8
   118.604    14.142     0.060         8
   118.765    14.166     0.060         8
   119.241    14.231     0.060         8
   119.406    14.255     0.060         8
   119.728    14.299     0.060         8
   120.212    14.375     0.060         8
   120.535    14.419     0.060         8
   121.022    14.496     0.060         8
   121.344    14.544     0.060         8
   121.670    14.588     0.060         8
   121.985    14.632     0.060         8
   122.310    14.681     0.060         8
   122.633    14.733     0.060         8
   122.958    14.785     0.060         8
   123.421    14.854     0.060         8
   123.894    14.918     0.060         8
   124.206    14.958     0.060         8
   124.685    15.026     0.060         8
   124.997    15.071     0.060         8
   125.312    15.110     0.060         8
   125.635    15.141     0.060         8
   126.097    15.184     0.060         8
   126.560    15.225     0.060         8
   126.872    15.266     0.060         8
   127.342    15.333     0.060         8
   127.804    15.389     0.060         8
   128.281    15.461     0.060         8
   128.606    15.488     0.060         8
   128.770    15.513     0.060         8
   129.085    15.553     0.060         8
   129.411    15.587     0.060         8
   129.575    15.613     0.060         8
   129.887    15.659     0.060         8
   130.377    15.718     0.060         8
   130.853    15.778     0.060         8
   131.168    15.825     0.060         8
   131.329    15.837     0.060         8
   131.655    15.885     0.060         8
   131.970    15.920     0.060         8
   132.457    15.985     0.060         8
   132.782    16.023     0.060         8
   132.946    16.045     0.060         8
   133.425    16.117     0.060         8
   133.587    16.147     0.060         8
   134.077    16.219     0.060         8
   134.399    16.265     0.060         8
   134.563    16.286     0.060         8
   135.043    16.369     0.060         8
   135.204    16.386     0.060         8
   135.529    16.435     0.060         8
   135.841    16.470     0.060         8
   136.156    16.521     0.060         8
   136.471    16.569     0.060         8
   136.786    16.621     0.060         8
   137.098    16.673     0.060         8
   137.423    16.713     0.060         8
   137.738    16.773     0.060         8
   138.215    16.837     0.060         8
   138.526    16.907     0.060         8
   138.852    16.959     0.060         8
   139.167    17.017     0.060         8
   139.489    17.057     0.060         8
   139.804    17.109     0.060         8
   140.291    17.181     0.060         8
   140.614    17.245     0.060         8
   140.929    17.297     0.060         8
   141.577    17.383     0.060         8
   141.738    17.409     0.060         8
   142.225    17.500     0.060         8
   142.540    17.515     0.060         8
   123.270    15.799     0.060        12
   124.521    15.945     0.060        12
   125.947    16.115     0.060        12
   127.181    16.253     0.060        12
   129.085    16.491     0.060        12
   131.017    16.745     0.060        12
   132.621    16.980     0.060        12
   133.587    17.123     0.060        12
   134.889    17.310     0.060        12
   136.307    17.546     0.060        12
   137.423    17.714     0.060        12
   139.167    17.973     0.060        12
    66.314     6.264     0.060        14
    66.472     6.298     0.060        14
    66.620     6.327     0.060        14
    66.781     6.359     0.060        14
    66.929     6.387     0.060        14
    67.077     6.411     0.060        14
    67.227     6.447     0.060        14
    67.381     6.483     0.060        14
    67.532     6.503     0.060        14
    67.693     6.532     0.060        14
    67.844     6.556     0.060        14
    67.994     6.580     0.060        14
    68.148     6.608     0.060        14
    68.309     6.632     0.060        14
    68.460     6.661     0.060        14
    68.618     6.690     0.060        14
    68.769     6.715     0.060        14
    68.919     6.740     0.060        14
    69.081     6.770     0.060        14
    69.231     6.797     0.060        14
    69.393     6.828     0.060        14
    69.543     6.858     0.060        14
    69.697     6.884     0.060        14
    69.858     6.911     0.060        14
    70.006     6.942     0.060        14
    70.170     6.973     0.060        14
    70.321     6.999     0.060        14
    70.482     7.030     0.060        14
    70.636     7.057     0.060        14
    70.797     7.087     0.060        14
    70.948     7.117     0.060        14
    71.109     7.143     0.060        14
    71.260     7.173     0.060        14
    71.421     7.199     0.060        14
    71.572     7.229     0.060        14
    71.730     7.255     0.060        14
    71.892     7.285     0.060        14
    72.042     7.305     0.060        14
    72.207     7.329     0.060        14
    72.357     7.351     0.060        14
    72.511     7.377     0.060        14
    72.672     7.405     0.060        14
    72.826     7.429     0.060        14
    72.987     7.457     0.060        14
    73.138     7.481     0.060        14
    73.299     7.514     0.060        14
    73.450     7.535     0.060        14
    73.614     7.561     0.060        14
    73.768     7.591     0.060        14
    73.929     7.619     0.060        14
    74.090     7.647     0.060        14
    74.241     7.672     0.060        14
    74.392     7.697     0.060        14
    74.542     7.722     0.060        14
    74.693     7.751     0.060        14
    74.844     7.780     0.060        14
    74.991     7.805     0.060        14
    75.142     7.830     0.060        14
    75.293     7.850     0.060        14
    75.440     7.879     0.060        14
    75.602     7.903     0.060        14
    75.752     7.926     0.060        14
    75.906     7.954     0.060        14
    76.057     7.981     0.060        14
    76.221     7.996     0.060        14
    76.371     8.022     0.060        14
    76.525     8.053     0.060        14
    76.676     8.076     0.060        14
    76.829     8.098     0.060        14
    76.991     8.129     0.060        14
    77.141     8.157     0.060        14
    77.295     8.177     0.060        14
    77.456     8.205     0.060        14
    77.607     8.218     0.060        14
    77.761     8.243     0.060        14
    77.911     8.273     0.060        14
    78.073     8.296     0.060        14
    78.223     8.316     0.060        14
    78.374     8.341     0.060        14
    78.535     8.370     0.060        14
    78.697     8.386     0.060        14
    78.847     8.412     0.060        14
    79.008     8.434     0.060        14
    79.156     8.458     0.060        14
    79.317     8.482     0.060        14
    79.468     8.510     0.060        14
    79.619     8.527     0.060        14
    79.769     8.556     0.060        14
    79.931     8.570     0.060        14
    80.081     8.593     0.060        14
    80.232     8.615     0.060        14
    80.393     8.640     0.060        14
    80.541     8.661     0.060        14
    80.702     8.681     0.060        14
    80.853     8.713     0.060        14
    81.014     8.739     0.060        14
    81.165     8.765     0.060        14
    81.316     8.783     0.060        14
    81.477     8.813     0.060        14
    81.628     8.850     0.060        14
    81.789     8.858     0.060        14
    81.940     8.891     0.060        14
    82.101     8.915     0.060        14
    82.259     8.943     0.060        14
    82.410     8.959     0.060        14
    82.561     8.995     0.060        14
    82.722     9.031     0.060        14
    82.883     9.047     0.060        14
    83.044     9.059     0.060        14
    83.195     9.075     0.060        14
    83.353     9.127     0.060        14
    83.507     9.143     0.060        14
    83.668     9.179     0.060        14
    83.819     9.203     0.060        14
    83.983     9.232     0.060        14
    84.134     9.257     0.060        14
    84.285     9.275     0.060        14
    84.449     9.303     0.060        14
    84.610     9.322     0.060        14
    84.761     9.342     0.060        14
    84.922     9.372     0.060        14
    85.073     9.386     0.060        14
    85.237     9.412     0.060        14
    85.398     9.435     0.060        14
    85.549     9.478     0.060        14
    85.713     9.500     0.060        14
    85.864     9.524     0.060        14
    86.025     9.552     0.060        14
    86.176     9.579     0.060        14
    86.340     9.607     0.060        14
    86.491     9.630     0.060        14
    86.655     9.658     0.060        14
    86.806     9.682     0.060        14
    86.967     9.706     0.060        14
    87.132     9.734     0.060        14
    87.282     9.761     0.060        14
    87.443     9.796     0.060        14
    87.594     9.823     0.060        14
    87.755     9.847     0.060        14
    87.920     9.870     0.060        14
    88.070     9.891     0.060        14
    88.232     9.914     0.060        14
    88.385     9.935     0.060        14
    88.536     9.963     0.060        14
    88.697     9.979     0.060        14
    88.851    10.004     0.060        14
    89.012    10.028     0.060        14
    89.163    10.042     0.060        14
    89.316    10.069     0.060        14
    89.478    10.087     0.060        14
    89.631    10.105     0.060        14
    89.793    10.130     0.060        14
    89.943    10.148     0.060        14
    90.097    10.169     0.060        14
    90.258    10.186     0.060        14
    90.409    10.198     0.060        14
    90.563    10.218     0.060        14
    90.724    10.237     0.060        14
    90.878    10.253     0.060        14
    91.028    10.270     0.060        14
    91.193    10.286     0.060        14
    91.354    10.298     0.060        14
    91.507    10.319     0.060        14
    91.658    10.336     0.060        14
    91.819    10.360     0.060        14
    91.973    10.373     0.060        14
    92.134    10.382     0.060        14
    92.288    10.408     0.060        14
    92.449    10.405     0.060        14
    92.603    10.419     0.060        14
    92.764    10.452     0.060        14
    92.915    10.456     0.060        14
    93.076    10.472     0.060        14
    93.237    10.497     0.060        14
    93.399    10.525     0.060        14
    93.549    10.545     0.060        14
    93.714    10.564     0.060        14
    93.875    10.568     0.060        14
    94.036    10.600     0.060        14
    94.187    10.595     0.060        14
    94.351    10.618     0.060        14
    94.513    10.629     0.060        14
    94.663    10.640     0.060        14
    94.825    10.658     0.060        14
    94.978    10.682     0.060        14
    95.140    10.707     0.060        14
    95.301    10.731     0.060        14
    95.451    10.770     0.060        14
    95.616    10.788     0.060        14
    95.777    10.800     0.060        14
    95.938    10.816     0.060        14
    96.089    10.837     0.060        14
    96.250    10.853     0.060        14
    96.415    10.868     0.060        14
    96.565    10.893     0.060        14
    96.727    10.905     0.060        14
    96.880    10.933     0.060        14
    97.042    10.933     0.060        14
    97.203    10.952     0.060        14
    97.353    10.966     0.060        14
    97.515    10.980     0.060        14
    97.676    11.008     0.060        14
    97.827    11.023     0.060        14
    97.988    11.031     0.060        14
    98.146    11.047     0.060        14
    98.297    11.071     0.060        14
    98.458    11.065     0.060        14
    98.606    11.057     0.060        14
    98.767    11.079     0.060        14
    98.918    11.090     0.060        14
    99.068    11.105     0.060        14
    99.227    11.128     0.060        14
    99.377    11.150     0.060        14
    99.539    11.166     0.060        14
    99.689    11.178     0.060        14
    99.840    11.206     0.060        14
   100.001    11.246     0.060        14
   100.152    11.245     0.060        14
   100.313    11.269     0.060        14
   100.464    11.277     0.060        14
   100.615    11.314     0.060        14
   100.776    11.302     0.060        14
   100.927    11.320     0.060        14
   101.080    11.339     0.060        14
   101.231    11.363     0.060        14
   101.384    11.383     0.060        14
   101.535    11.399     0.060        14
   101.689    11.415     0.060        14
   101.842    11.426     0.060        14
   101.993    11.446     0.060        14
   102.147    11.435     0.060        14
   102.297    11.477     0.060        14
   102.461    11.493     0.060        14
   102.612    11.517     0.060        14
   102.763    11.533     0.060        14
   102.916    11.557     0.060        14
   103.067    11.568     0.060        14
   103.218    11.584     0.060        14
   103.371    11.608     0.060        14
   103.522    11.624     0.060        14
   103.683    11.652     0.060        14
   103.837    11.667     0.060        14
   103.987    11.702     0.060        14
   104.152    11.721     0.060        14
   104.313    11.736     0.060        14
   104.467    11.767     0.060        14
   104.628    11.775     0.060        14
   104.792    11.794     0.060        14
   104.946    11.799     0.060        14
   105.107    11.838     0.060        14
   105.258    11.884     0.060        14
   105.422    11.905     0.060        14
   105.573    11.922     0.060        14
   105.726    11.964     0.060        14
   105.891    11.969     0.060        14
   106.041    11.966     0.060        14
   106.203    11.999     0.060        14
   106.367    12.013     0.060        14
   106.518    12.019     0.060        14
   106.679    12.025     0.060        14
   106.830    12.064     0.060        14
   106.991    12.084     0.060        14
   107.145    12.118     0.060        14
   107.295    12.132     0.060        14
   107.456    12.160     0.060        14
   107.607    12.176     0.060        14
   107.768    12.176     0.060        14
   107.922    12.207     0.060        14
   108.083    12.235     0.060        14
   108.234    12.242     0.060        14
   108.395    12.278     0.060        14
   108.543    12.295     0.060        14
   108.693    12.319     0.060        14
   108.855    12.338     0.060        14
   109.005    12.354     0.060        14
   109.167    12.374     0.060        14
   109.314    12.390     0.060        14
   109.479    12.413     0.060        14
   109.640    12.448     0.060        14
   109.791    12.480     0.060        14
   109.952    12.507     0.060        14
   110.102    12.502     0.060        14
   110.264    12.549     0.060        14
   110.417    12.593     0.060        14
   110.579    12.612     0.060        14
   110.729    12.631     0.060        14
   110.880    12.665     0.060        14
   111.041    12.669     0.060        14
   111.192    12.697     0.060        14
   111.353    12.724     0.060        14
   111.504    12.745     0.060        14
   111.665    12.768     0.060        14
   111.816    12.770     0.060        14
   111.977    12.820     0.060        14
   112.128    12.833     0.060        14
   112.289    12.860     0.060        14
   112.440    12.898     0.060        14
   112.587    12.905     0.060        14
   112.749    12.943     0.060        14
   112.899    12.965     0.060        14
   113.050    12.993     0.060        14
   113.200    13.001     0.060        14
   113.351    13.024     0.060        14
   113.509    13.048     0.060        14
   113.671    13.082     0.060        14
   113.832    13.097     0.060        14
   113.996    13.128     0.060        14
   114.147    13.152     0.060        14
   114.308    13.185     0.060        14
   114.469    13.204     0.060        14
   114.634    13.224     0.060        14
   114.795    13.252     0.060        14
   114.956    13.276     0.060        14
   115.118    13.304     0.060        14
   115.279    13.316     0.060        14
   115.440    13.335     0.060        14
   115.602    13.355     0.060        14
   115.763    13.379     0.060        14
    74.090    10.558     0.060        24
    74.991    10.793     0.060        24
    75.440    10.886     0.060        24
    75.752    10.975     0.060        24
    76.221    11.087     0.060        24
    76.676    11.174     0.060        24
    76.829    11.243     0.060        24
    77.295    11.366     0.060        24
    77.761    11.475     0.060        24
    78.073    11.556     0.060        24
    78.223    11.626     0.060        24
    78.697    11.747     0.060        24
    78.847    11.796     0.060        24
    79.317    11.914     0.060        24
    79.619    12.023     0.060        24
    80.541    12.269     0.060        24
    81.165    12.431     0.060        24
    81.477    12.520     0.060        24
    81.789    12.585     0.060        24
    82.101    12.694     0.060        24
    82.883    12.921     0.060        24
    83.668    13.161     0.060        24
    84.449    13.350     0.060        24
    84.610    13.424     0.060        24
    85.073    13.578     0.060        24
    85.549    13.705     0.060        24
    86.025    13.792     0.060        24
    86.176    13.855     0.060        24
    86.655    13.991     0.060        24
    87.132    14.111     0.060        24
    87.443    14.185     0.060        24
    87.755    14.257     0.060        24
    88.070    14.350     0.060        24
    91.193    15.134     0.060        24
    91.507    15.228     0.060        24
    91.973    15.320     0.060        24
    92.288    15.430     0.060        24
    92.764    15.559     0.060        24
    93.399    15.709     0.060        24
    93.875    15.818     0.060        24
    94.351    15.931     0.060        24
    95.140    16.112     0.060        24
    95.451    16.189     0.060        24
   107.145    18.996     0.060        24
   108.083    19.228     0.060        24
   108.855    19.393     0.060        24
   110.102    19.736     0.060        24
   111.192    20.032     0.060        24
   112.440    20.390     0.060        24
   113.351    20.673     0.060        24
   114.308    20.972     0.060        24
   115.118    21.231     0.060        24
   115.279    21.302     0.060        24
   115.924    21.509     0.060        24
   116.394    21.683     0.060        24
   116.556    21.740     0.060        24
   116.714    21.779     0.060        24
   116.875    21.821     0.060        24
   117.026    21.896     0.060        24
   117.187    21.950     0.060        24
   117.345    21.965     0.060        24
   117.496    22.023     0.060        24
   117.657    22.042     0.060        24
   117.808    22.084     0.060        24
   117.969    22.162     0.060        24
   118.131    22.209     0.060        24
   118.292    22.252     0.060        24
   118.443    22.281     0.060        24
   118.604    22.317     0.060        24
   118.765    22.339     0.060        24
   118.929    22.402     0.060        24
   119.080    22.447     0.060        24
   119.241    22.487     0.060        24
   119.406    22.534     0.060        24
   119.567    22.571     0.060        24
   119.728    22.617     0.060        24
   119.890    22.683     0.060        24
   120.051    22.725     0.060        24
   120.212    22.763     0.060        24
   120.373    22.795     0.060        24
   120.535    22.814     0.060        24
   120.696    22.883     0.060        24
   120.857    22.912     0.060        24
   121.022    22.947     0.060        24
   121.183    23.018     0.060        24
   121.344    23.037     0.060        24
   123.421    23.494     0.060        24
   124.521    23.739     0.060        24
   125.635    24.015     0.060        24
   126.721    24.279     0.060        24
   127.654    24.507     0.060        24
   129.411    24.943     0.060        24
   130.213    25.120     0.060        24
   130.692    25.271     0.060        24
     0.000     0.000     0.000        -1
