   300.793    -1.000     0.000         0
   298.807     1.400     0.060         1
   298.961     1.306     0.060         1
   299.114     1.203     0.060         1
   299.268     1.126     0.060         1
   299.422     1.048     0.060         1
   299.575     0.978     0.060         1
   299.729     0.907     0.060         1
   299.874     0.860     0.060         1
   300.025     0.810     0.060         1
   300.178     0.769     0.060         1
   300.331     0.745     0.060         1
   300.481     0.716     0.060         1
   300.630     0.703     0.060         1
   300.759     0.702     0.060         1
   299.729     1.453     0.060         3
   299.874     1.425     0.060         3
   300.178     1.377     0.060         3
   300.331     1.366     0.060         3
   300.481     1.362     0.060         3
   300.630     1.359     0.060         3
   300.759     1.335     0.060         3
   117.497    31.087     0.060         5
   118.293    30.976     0.060         5
   119.890    30.755     0.060         5
   121.022    30.615     0.060         5
   122.311    30.455     0.060         5
   123.895    30.287     0.060         5
   125.162    30.077     0.060         5
   126.560    29.880     0.060         5
   127.805    29.691     0.060         5
   128.922    29.519     0.060         5
   129.888    29.376     0.060         5
   130.528    29.285     0.060         5
   131.491    29.197     0.060         5
   132.457    29.098     0.060         5
   132.947    28.994     0.060         5
   133.587    28.948     0.060         5
   134.239    28.877     0.060         5
   135.043    28.785     0.060         5
   135.681    28.737     0.060         5
   136.472    28.640     0.060         5
   137.099    28.571     0.060         5
   137.739    28.516     0.060         5
   138.366    28.415     0.060         5
   139.329    28.316     0.060         5
   140.128    28.191     0.060         5
   141.091    28.042     0.060         5
   141.900    27.950     0.060         5
   142.866    27.807     0.060         5
   143.503    27.740     0.060         5
   144.310    27.618     0.060         5
   145.273    27.477     0.060         5
   146.405    27.301     0.060         5
   147.042    27.190     0.060         5
   147.680    27.099     0.060         5
   148.643    26.947     0.060         5
   149.266    26.850     0.060         5
   149.907    26.701     0.060         5
   150.536    26.614     0.060         5
   151.005    26.554     0.060         5
   151.624    26.435     0.060         5
   152.400    26.292     0.060         5
   153.175    26.121     0.060         5
   153.787    26.001     0.060         5
   224.808    15.638     0.060         5
   225.529    15.558     0.060         5
   225.973    15.502     0.060         5
   226.414    15.446     0.060         5
   226.855    15.390     0.060         5
   227.587    15.306     0.060         5
   228.318    15.218     0.060         5
   228.888    15.146     0.060         5
   229.883    15.014     0.060         5
   230.993    14.866     0.060         5
   232.128    14.697     0.060         5
   233.265    14.516     0.060         5
   233.832    14.403     0.060         5
   234.669    14.249     0.060         5
   235.239    14.152     0.060         5
   235.809    14.064     0.060         5
   236.383    13.963     0.060         5
   236.813    13.890     0.060         5
   237.982    13.730     0.060         5
   238.574    13.629     0.060         5
   238.886    13.581     0.060         5
   239.819    13.448     0.060         5
   240.295    13.364     0.060         5
   240.895    13.259     0.060         5
   241.354    13.166     0.060         5
   242.274    13.000     0.060         5
   243.282    12.828     0.060         5
   243.419    12.740     0.060         5
   243.570    12.702     0.060         5
   243.717    12.721     0.060         5
   243.857    12.664     0.060         5
   244.015    12.636     0.060         5
   244.163    12.608     0.060         5
   244.313    12.563     0.060         5
   244.461    12.534     0.060         5
   244.622    12.501     0.060         5
   244.770    12.473     0.060         5
   244.931    12.459     0.060         5
   245.078    12.425     0.060         5
   245.239    12.406     0.060         5
   245.387    12.387     0.060         5
   245.538    12.364     0.060         5
   245.688    12.335     0.060         5
   245.825    12.356     0.060         5
   245.975    12.312     0.060         5
   246.129    12.298     0.060         5
   246.269    12.264     0.060         5
   246.430    12.236     0.060         5
   246.584    12.207     0.060         5
   246.734    12.189     0.060         5
   246.888    12.179     0.060         5
   247.052    12.127     0.060         5
   247.203    12.098     0.060         5
   247.367    12.112     0.060         5
   247.520    12.031     0.060         5
   247.671    12.018     0.060         5
   247.835    11.954     0.060         5
   247.986    11.956     0.060         5
   248.147    11.919     0.060         5
   248.297    11.894     0.060         5
   248.459    11.841     0.060         5
   248.609    11.808     0.060         5
   248.770    11.784     0.060         5
   248.921    11.785     0.060         5
   249.085    11.708     0.060         5
   249.236    11.714     0.060         5
   249.397    11.719     0.060         5
   249.547    11.652     0.060         5
   249.709    11.645     0.060         5
   249.859    11.596     0.060         5
   250.013    11.578     0.060         5
   250.163    11.528     0.060         5
   250.317    11.514     0.060         5
   250.470    11.489     0.060         5
   250.632    11.456     0.060         5
   250.785    11.423     0.060         5
   250.939    11.396     0.060         5
   251.103    11.327     0.060         5
   251.257    11.303     0.060         5
   251.410    11.309     0.060         5
   251.574    11.252     0.060         5
   251.728    11.212     0.060         5
   251.881    11.204     0.060         5
   252.046    11.127     0.060         5
   252.199    11.093     0.060         5
   252.363    11.085     0.060         5
   252.528    11.047     0.060         5
   252.681    11.026     0.060         5
   252.845    11.000     0.060         5
   253.009    10.952     0.060         5
   253.174    10.901     0.060         5
   253.327    10.914     0.060         5
   253.481    10.882     0.060         5
   253.634    10.831     0.060         5
   253.796    10.803     0.060         5
   253.946    10.776     0.060         5
   254.097    10.732     0.060         5
   254.258    10.704     0.060         5
   254.416    10.661     0.060         5
   254.567    10.685     0.060         5
   254.728    10.613     0.060         5
   254.878    10.570     0.060         5
   255.037    10.530     0.060         5
   255.187    10.503     0.060         5
   255.348    10.479     0.060         5
   255.499    10.412     0.060         5
   255.660    10.396     0.060         5
   255.811    10.345     0.060         5
   255.972    10.352     0.060         5
   256.122    10.301     0.060         5
   256.273    10.276     0.060         5
   256.434    10.233     0.060         5
   256.585    10.192     0.060         5
   256.735    10.155     0.060         5
   256.896    10.116     0.060         5
   257.047    10.075     0.060         5
   257.208    10.029     0.060         5
   257.369     9.970     0.060         5
   257.520     9.945     0.060         5
   257.681     9.904     0.060         5
   257.842     9.866     0.060         5
   258.006     9.833     0.060         5
   258.168     9.815     0.060         5
   258.329     9.770     0.060         5
   258.479     9.737     0.060         5
   258.641     9.696     0.060         5
   258.802     9.669     0.060         5
   258.966     9.630     0.060         5
   259.116     9.596     0.060         5
   259.278     9.565     0.060         5
   259.439     9.545     0.060         5
   259.592     9.501     0.060         5
   259.754     9.452     0.060         5
   259.915     9.440     0.060         5
   260.068     9.419     0.060         5
   260.230     9.376     0.060         5
   260.391     9.349     0.060         5
   260.552     9.300     0.060         5
   260.702     9.297     0.060         5
   260.864     9.241     0.060         5
   261.014     9.229     0.060         5
   261.178     9.196     0.060         5
   261.340     9.168     0.060         5
   261.490     9.134     0.060         5
   261.651     9.101     0.060         5
   261.812     9.078     0.060         5
   261.977     9.061     0.060         5
   262.138     9.036     0.060         5
   262.299     8.989     0.060         5
   262.460     8.973     0.060         5
   262.624     8.945     0.060         5
   262.786     8.933     0.060         5
   262.947     8.910     0.060         5
   263.111     8.868     0.060         5
   263.272     8.876     0.060         5
   263.433     8.820     0.060         5
   263.584     8.846     0.060         5
   263.745     8.813     0.060         5
   263.906     8.805     0.060         5
   264.081     8.765     0.060         5
   264.242     8.729     0.060         5
   264.401     8.689     0.060         5
   264.562     8.657     0.060         5
   264.734     8.645     0.060         5
   264.892     8.609     0.060         5
   265.053     8.593     0.060         5
   265.222     8.540     0.060         5
   265.383     8.531     0.060         5
   265.552     8.494     0.060         5
   265.713     8.469     0.060         5
   265.881     8.452     0.060         5
   266.043     8.415     0.060         5
   266.204     8.382     0.060         5
   266.376     8.357     0.060         5
   266.537     8.336     0.060         5
   266.698     8.296     0.060         5
   266.862     8.279     0.060         5
   267.023     8.235     0.060         5
   267.184     8.215     0.060         5
   267.346     8.175     0.060         5
   267.510     8.147     0.060         5
   267.671     8.114     0.060         5
   267.832     8.070     0.060         5
   267.993     8.042     0.060         5
   268.158     8.006     0.060         5
   268.319     7.977     0.060         5
   268.472     7.922     0.060         5
   268.637     7.889     0.060         5
   268.801     7.845     0.060         5
   268.954     7.823     0.060         5
   269.119     7.773     0.060         5
   269.275     7.752     0.060         5
   269.429     7.710     0.060         5
   269.596     7.688     0.060         5
   269.750     7.654     0.060         5
   269.917     7.616     0.060         5
   270.074     7.582     0.060         5
   270.238     7.548     0.060         5
   270.394     7.515     0.060         5
   270.559     7.489     0.060         5
   270.712     7.455     0.060         5
   270.876     7.425     0.060         5
   271.041     7.387     0.060         5
   271.205     7.357     0.060         5
   271.355     7.323     0.060         5
   271.519     7.279     0.060         5
   271.684     7.211     0.060         5
   271.837     7.180     0.060         5
   271.998     7.145     0.060         5
   272.163     7.101     0.060         5
   272.324     7.058     0.060         5
   272.488     7.018     0.060         5
   272.649     6.982     0.060         5
   272.810     6.962     0.060         5
   272.971     6.898     0.060         5
   273.133     6.894     0.060         5
   273.294     6.858     0.060         5
   273.455     6.806     0.060         5
   273.616     6.774     0.060         5
   273.777     6.742     0.060         5
   273.939     6.706     0.060         5
   274.100     6.674     0.060         5
   274.261     6.634     0.060         5
   274.422     6.585     0.060         5
   274.586     6.551     0.060         5
   274.747     6.501     0.060         5
   274.912     6.460     0.060         5
   275.073     6.406     0.060         5
   275.237     6.401     0.060         5
   275.412     6.350     0.060         5
   275.573     6.302     0.060         5
   275.737     6.275     0.060         5
   275.901     6.227     0.060         5
   276.063     6.199     0.060         5
   276.227     6.172     0.060         5
   276.399     6.132     0.060         5
   276.557     6.100     0.060         5
   276.729     6.068     0.060         5
   276.887     6.049     0.060         5
   277.048     6.023     0.060         5
   277.206     5.992     0.060         5
   277.367     5.966     0.060         5
   277.528     5.931     0.060         5
   277.679     5.897     0.060         5
   277.840     5.862     0.060         5
   278.001     5.823     0.060         5
   278.162     5.783     0.060         5
   278.324     5.748     0.060         5
   278.488     5.712     0.060         5
   278.649     5.669     0.060         5
   278.810     5.642     0.060         5
   278.974     5.606     0.060         5
   279.125     5.575     0.060         5
   279.286     5.544     0.060         5
   279.447     5.513     0.060         5
   279.611     5.489     0.060         5
   279.772     5.454     0.060         5
   279.934     5.426     0.060         5
   280.098     5.399     0.060         5
   280.262     5.375     0.060         5
   280.413     5.339     0.060         5
   280.577     5.316     0.060         5
   280.738     5.280     0.060         5
   280.892     5.248     0.060         5
   281.056     5.209     0.060         5
   281.217     5.181     0.060         5
   281.381     5.161     0.060         5
   281.542     5.126     0.060         5
   281.696     5.090     0.060         5
   281.857     5.064     0.060         5
   282.021     5.027     0.060         5
   282.172     4.993     0.060         5
   282.333     4.960     0.060         5
   282.497     4.922     0.060         5
   282.648     4.893     0.060         5
   282.812     4.859     0.060         5
   282.973     4.830     0.060         5
   283.127     4.792     0.060         5
   283.288     4.743     0.060         5
   283.452     4.737     0.060         5
   283.602     4.693     0.060         5
   283.764     4.668     0.060         5
   283.928     4.635     0.060         5
   284.089     4.590     0.060         5
   284.239     4.553     0.060         5
   284.404     4.492     0.060         5
   284.565     4.475     0.060         5
   284.729     4.450     0.060         5
   284.890     4.415     0.060         5
   285.044     4.383     0.060         5
   285.205     4.352     0.060         5
   285.369     4.308     0.060         5
   285.530     4.281     0.060         5
   285.684     4.246     0.060         5
   285.848     4.214     0.060         5
   286.012     4.174     0.060         5
   286.173     4.139     0.060         5
   286.327     4.108     0.060         5
   286.488     4.080     0.060         5
   286.652     4.044     0.060         5
   286.814     4.009     0.060         5
   286.978     3.973     0.060         5
   287.139     3.931     0.060         5
   287.303     3.897     0.060         5
   287.464     3.855     0.060         5
   287.625     3.821     0.060         5
   287.790     3.783     0.060         5
   287.940     3.750     0.060         5
   288.101     3.712     0.060         5
   288.262     3.678     0.060         5
   288.420     3.637     0.060         5
   288.582     3.599     0.060         5
   288.743     3.570     0.060         5
   288.904     3.536     0.060         5
   289.065     3.507     0.060         5
   289.226     3.477     0.060         5
   289.387     3.444     0.060         5
   289.556     3.418     0.060         5
   289.717     3.388     0.060         5
   289.878     3.358     0.060         5
   290.039     3.329     0.060         5
   290.200     3.303     0.060         5
   290.365     3.277     0.060         5
   290.526     3.247     0.060         5
   290.687     3.221     0.060         5
   290.848     3.196     0.060         5
   291.020     3.174     0.060         5
   291.181     3.143     0.060         5
   291.342     3.116     0.060         5
   291.503     3.085     0.060         5
   291.667     3.058     0.060         5
   291.828     3.026     0.060         5
   291.992     2.999     0.060         5
   292.143     2.980     0.060         5
   292.307     2.961     0.060         5
   292.468     2.942     0.060         5
   221.224    16.031     0.060         8
   221.788    16.000     0.060         8
   222.345    16.006     0.060         8
   222.635    16.024     0.060         8
   223.205    16.005     0.060         8
   223.646    16.024     0.060         8
   223.937    16.037     0.060         8
   224.367    16.047     0.060         8
   225.099    15.988     0.060         8
   225.830    15.925     0.060         8
   226.715    15.854     0.060         8
   227.296    15.799     0.060         8
   227.877    15.727     0.060         8
   228.748    15.631     0.060         8
   229.319    15.580     0.060         8
   230.160    15.480     0.060         8
   231.133    15.410     0.060         8
   231.560    15.370     0.060         8
   231.851    15.322     0.060         8
   232.268    15.280     0.060         8
   232.985    15.163     0.060         8
   233.553    15.068     0.060         8
   234.252    14.963     0.060         8
   234.809    14.847     0.060         8
   235.530    14.729     0.060         8
   236.240    14.611     0.060         8
   237.100    14.447     0.060         8
   237.692    14.349     0.060         8
   238.423    14.243     0.060         8
   238.886    14.149     0.060         8
   239.658    14.057     0.060         8
   240.443    13.964     0.060         8
   241.206    13.889     0.060         8
   241.669    13.826     0.060         8
   242.844    13.669     0.060         8
   243.717    13.521     0.060         8
   244.770    13.363     0.060         8
   293.251     2.793     0.060        10
   293.412     2.776     0.060        10
   293.566     2.758     0.060        10
   293.716     2.731     0.060        10
   293.881     2.703     0.060        10
   294.031     2.673     0.060        10
   294.182     2.642     0.060        10
   294.346     2.594     0.060        10
   294.496     2.566     0.060        10
   294.647     2.520     0.060        10
   294.811     2.485     0.060        10
   294.961     2.447     0.060        10
   295.112     2.421     0.060        10
   295.276     2.386     0.060        10
   295.427     2.356     0.060        10
   295.577     2.320     0.060        10
   295.731     2.283     0.060        10
   295.881     2.254     0.060        10
   296.042     2.218     0.060        10
   296.193     2.182     0.060        10
   296.346     2.151     0.060        10
   296.497     2.119     0.060        10
   296.661     2.083     0.060        10
   296.811     2.052     0.060        10
   122.959    30.062     0.060        13
   123.583    29.977     0.060        13
   124.686    29.689     0.060        13
   125.162    29.771     0.060        13
   127.030    29.540     0.060        13
   128.281    29.399     0.060        13
   129.737    29.229     0.060        13
   130.692    29.124     0.060        13
   131.655    29.014     0.060        13
   132.783    28.879     0.060        13
   134.077    28.735     0.060        13
   135.366    28.601     0.060        13
   136.472    28.491     0.060        13
   136.633    28.481     0.060        13
   235.239    14.715     0.060        14
   235.669    14.678     0.060        14
   236.673    14.516     0.060        14
   237.541    14.371     0.060        14
   238.886    14.147     0.060        14
   239.658    14.047     0.060        14
   240.594    13.931     0.060        14
   241.507    13.763     0.060        14
   242.274    13.630     0.060        14
   243.419    13.429     0.060        14
   244.313    13.280     0.060        14
   244.931    13.167     0.060        14
   245.538    13.072     0.060        14
   247.203    12.808     0.060        14
   248.609    12.538     0.060        14
   250.013    12.344     0.060        14
   250.785    12.173     0.060        14
   251.728    11.922     0.060        14
   252.363    11.786     0.060        14
   253.174    11.630     0.060        14
   254.097    11.439     0.060        14
   254.878    11.268     0.060        14
   255.811    11.040     0.060        14
   257.047    10.828     0.060        14
   257.681    10.673     0.060        14
   258.329    10.481     0.060        14
   258.966    10.326     0.060        14
   260.068    10.097     0.060        14
   261.178     9.900     0.060        14
   261.651     9.803     0.060        14
   262.947     9.587     0.060        14
   264.242     9.348     0.060        14
   265.383     9.171     0.060        14
   266.043     9.031     0.060        14
   267.346     8.811     0.060        14
   268.158     8.636     0.060        14
   269.429     8.364     0.060        14
   270.074     8.265     0.060        14
   271.041     8.033     0.060        14
   271.998     7.838     0.060        14
   273.133     7.600     0.060        14
   274.912     7.250     0.060        14
   275.737     7.052     0.060        14
   276.227     6.917     0.060        14
   276.729     6.797     0.060        14
   277.528     6.660     0.060        14
   278.649     6.426     0.060        14
   279.772     6.211     0.060        14
   280.413     6.038     0.060        14
   280.738     5.961     0.060        14
   281.217     5.845     0.060        14
   282.021     5.688     0.060        14
   282.812     5.532     0.060        14
   283.288     5.398     0.060        14
   283.928     5.261     0.060        14
   284.565     5.107     0.060        14
   285.205     4.971     0.060        14
   286.012     4.796     0.060        14
   286.652     4.660     0.060        14
   287.139     4.562     0.060        14
   287.940     4.425     0.060        14
   288.743     4.231     0.060        14
   289.556     4.053     0.060        14
   290.200     3.898     0.060        14
   291.181     3.699     0.060        14
   291.992     3.562     0.060        14
   292.468     3.445     0.060        14
   249.236    19.572     0.060        24
   249.397    19.532     0.060        24
   249.709    19.389     0.060        24
   250.939    19.032     0.060        24
   251.728    18.724     0.060        24
   252.845    18.393     0.060        24
   253.796    18.102     0.060        24
   254.567    17.876     0.060        24
   255.499    17.619     0.060        24
   256.735    17.243     0.060        24
   292.468     3.796     0.060        30
   292.783     3.696     0.060        30
   293.251     3.576     0.060        30
   293.412     3.508     0.060        30
   293.716     3.412     0.060        30
   294.811     2.938     0.060        30
   295.276     2.800     0.060        30
   295.577     2.713     0.060        30
   296.193     2.507     0.060        30
   296.346     2.457     0.060        30
   296.661     2.322     0.060        30
   300.793     1.000     0.000         0
   300.937     0.729     0.060         1
   301.085     0.760     0.060         1
   301.232     0.807     0.060         1
   301.382     0.862     0.060         1
   301.543     0.915     0.060         1
   301.701     0.999     0.060         1
   301.862     1.076     0.060         1
   302.021     1.150     0.060         1
   302.171     1.220     0.060         1
   302.332     1.297     0.060         1
   302.494     1.408     0.060         1
   300.937     1.334     0.060         3
   301.085     1.333     0.060         3
   301.232     1.333     0.060         3
   301.382     1.352     0.060         3
   307.046     2.925     0.060         5
   307.197     2.943     0.060         5
   307.350     2.969     0.060         5
   307.511     2.998     0.060         5
   307.662     3.033     0.060         5
   307.815     3.062     0.060         5
   307.976     3.079     0.060         5
   308.130     3.120     0.060         5
   308.291     3.151     0.060         5
   308.444     3.189     0.060         5
   308.598     3.229     0.060         5
   308.759     3.277     0.060         5
   308.912     3.317     0.060         5
   309.073     3.359     0.060         5
   309.224     3.409     0.060         5
   309.385     3.437     0.060         5
   309.536     3.464     0.060         5
   309.697     3.530     0.060         5
   309.847     3.556     0.060         5
   310.009     3.590     0.060         5
   310.159     3.627     0.060         5
   310.320     3.646     0.060         5
   310.482     3.671     0.060         5
   310.632     3.701     0.060         5
   310.793     3.743     0.060         5
   310.944     3.772     0.060         5
   311.105     3.786     0.060         5
   311.255     3.812     0.060         5
   311.417     3.844     0.060         5
   311.567     3.867     0.060         5
   311.731     3.895     0.060         5
   311.882     3.927     0.060         5
   312.043     3.963     0.060         5
   312.204     3.998     0.060         5
   312.355     4.032     0.060         5
   312.505     4.059     0.060         5
   312.666     4.095     0.060         5
   312.817     4.130     0.060         5
   312.978     4.173     0.060         5
   313.132     4.209     0.060         5
   313.293     4.229     0.060         5
   313.443     4.257     0.060         5
   313.604     4.277     0.060         5
   313.755     4.305     0.060         5
   313.905     4.337     0.060         5
   314.070     4.362     0.060         5
   314.220     4.392     0.060         5
   314.381     4.421     0.060         5
   314.532     4.451     0.060         5
   314.693     4.489     0.060         5
   314.843     4.526     0.060         5
   315.005     4.560     0.060         5
   315.155     4.595     0.060         5
   315.316     4.644     0.060         5
   315.467     4.676     0.060         5
   315.628     4.708     0.060         5
   315.779     4.736     0.060         5
   315.929     4.752     0.060         5
   316.090     4.772     0.060         5
   316.241     4.800     0.060         5
   316.405     4.833     0.060         5
   316.555     4.871     0.060         5
   316.717     4.896     0.060         5
   316.878     4.921     0.060         5
   317.039     4.942     0.060         5
   317.200     4.967     0.060         5
   317.351     5.003     0.060         5
   317.512     5.039     0.060         5
   317.673     5.059     0.060         5
   317.834     5.087     0.060         5
   317.995     5.118     0.060         5
   318.160     5.139     0.060         5
   318.321     5.171     0.060         5
   318.482     5.212     0.060         5
   318.632     5.248     0.060         5
   318.794     5.276     0.060         5
   318.955     5.305     0.060         5
   319.116     5.339     0.060         5
   319.277     5.374     0.060         5
   319.428     5.407     0.060         5
   319.589     5.450     0.060         5
   319.747     5.484     0.060         5
   319.908     5.527     0.060         5
   320.059     5.560     0.060         5
   320.220     5.579     0.060         5
   320.371     5.619     0.060         5
   320.524     5.648     0.060         5
   320.685     5.683     0.060         5
   320.836     5.725     0.060         5
   320.989     5.760     0.060         5
   321.140     5.786     0.060         5
   321.301     5.818     0.060         5
   321.451     5.853     0.060         5
   321.605     5.868     0.060         5
   321.755     5.895     0.060         5
   321.906     5.923     0.060         5
   322.056     5.958     0.060         5
   322.207     5.987     0.060         5
   322.371     6.017     0.060         5
   322.521     6.062     0.060         5
   322.672     6.103     0.060         5
   322.836     6.113     0.060         5
   322.986     6.146     0.060         5
   323.151     6.184     0.060         5
   323.301     6.201     0.060         5
   323.452     6.226     0.060         5
   323.605     6.251     0.060         5
   323.755     6.284     0.060         5
   323.906     6.305     0.060         5
   324.056     6.343     0.060         5
   324.210     6.361     0.060         5
   324.360     6.379     0.060         5
   324.511     6.418     0.060         5
   324.672     6.444     0.060         5
   324.825     6.470     0.060         5
   324.976     6.492     0.060         5
   325.126     6.523     0.060         5
   325.288     6.570     0.060         5
   325.449     6.585     0.060         5
   325.599     6.613     0.060         5
   325.761     6.641     0.060         5
   325.922     6.685     0.060         5
   326.072     6.704     0.060         5
   326.233     6.752     0.060         5
   326.384     6.776     0.060         5
   326.545     6.804     0.060         5
   326.693     6.832     0.060         5
   326.854     6.869     0.060         5
   327.004     6.895     0.060         5
   327.166     6.925     0.060         5
   327.327     6.939     0.060         5
   327.477     6.985     0.060         5
   327.638     7.012     0.060         5
   327.800     7.050     0.060         5
   327.947     7.068     0.060         5
   328.108     7.094     0.060         5
   328.267     7.124     0.060         5
   328.425     7.154     0.060         5
   328.586     7.171     0.060         5
   328.734     7.196     0.060         5
   328.892     7.238     0.060         5
   329.050     7.259     0.060         5
   329.198     7.275     0.060         5
   329.359     7.295     0.060         5
   329.507     7.323     0.060         5
   329.671     7.351     0.060         5
   329.821     7.391     0.060         5
   329.972     7.415     0.060         5
   330.125     7.444     0.060         5
   330.287     7.474     0.060         5
   330.437     7.504     0.060         5
   330.590     7.525     0.060         5
   330.752     7.547     0.060         5
   330.905     7.568     0.060         5
   331.055     7.585     0.060         5
   331.209     7.632     0.060         5
   331.373     7.660     0.060         5
   331.677     7.706     0.060         5
   331.830     7.748     0.060         5
   331.994     7.777     0.060         5
   332.148     7.794     0.060         5
   332.298     7.832     0.060         5
   332.452     7.882     0.060         5
   332.605     7.892     0.060         5
   332.769     7.930     0.060         5
   332.922     7.943     0.060         5
   333.073     7.981     0.060         5
   333.226     8.015     0.060         5
   333.369     8.044     0.060         5
   333.522     8.073     0.060         5
   333.676     8.106     0.060         5
   333.826     8.130     0.060         5
   333.980     8.175     0.060         5
   334.133     8.200     0.060         5
   334.284     8.228     0.060         5
   334.437     8.257     0.060         5
   334.591     8.283     0.060         5
   334.741     8.317     0.060         5
   334.905     8.348     0.060         5
   335.059     8.387     0.060         5
   335.223     8.421     0.060         5
   335.373     8.449     0.060         5
   335.534     8.473     0.060         5
   335.688     8.497     0.060         5
   335.852     8.531     0.060         5
   336.002     8.564     0.060         5
   336.166     8.589     0.060         5
   336.328     8.614     0.060         5
   336.492     8.635     0.060         5
   336.645     8.664     0.060         5
   336.806     8.697     0.060         5
   336.970     8.714     0.060         5
   337.135     8.743     0.060         5
   337.288     8.760     0.060         5
   337.452     8.801     0.060         5
   337.606     8.831     0.060         5
   337.770     8.855     0.060         5
   337.931     8.871     0.060         5
   338.095     8.899     0.060         5
   338.245     8.935     0.060         5
   338.407     8.963     0.060         5
   338.557     8.983     0.060         5
   338.718     9.019     0.060         5
   338.879     9.047     0.060         5
   339.041     9.063     0.060         5
   339.202     9.103     0.060         5
   339.352     9.123     0.060         5
   339.513     9.136     0.060         5
   339.675     9.185     0.060         5
   339.833     9.218     0.060         5
   339.983     9.223     0.060         5
   340.144     9.244     0.060         5
   340.306     9.270     0.060         5
   340.453     9.283     0.060         5
   340.614     9.304     0.060         5
   340.773     9.325     0.060         5
   340.934     9.335     0.060         5
   341.092     9.332     0.060         5
   341.253     9.347     0.060         5
   341.404     9.358     0.060         5
   341.568     9.389     0.060         5
   341.718     9.392     0.060         5
   341.882     9.418     0.060         5
   342.046     9.432     0.060         5
   342.197     9.458     0.060         5
   342.361     9.475     0.060         5
   342.522     9.496     0.060         5
   342.686     9.522     0.060         5
   342.840     9.548     0.060         5
   343.001     9.561     0.060         5
   343.165     9.574     0.060         5
   343.329     9.600     0.060         5
   343.490     9.621     0.060         5
   343.654     9.654     0.060         5
   343.818     9.668     0.060         5
   343.980     9.697     0.060         5
   344.133     9.719     0.060         5
   344.294     9.744     0.060         5
   344.458     9.771     0.060         5
   344.612     9.790     0.060         5
   344.773     9.818     0.060         5
   344.926     9.845     0.060         5
   345.090     9.872     0.060         5
   345.252     9.887     0.060         5
   345.402     9.902     0.060         5
   345.563     9.946     0.060         5
   345.727     9.974     0.060         5
   345.878     9.982     0.060         5
   346.039    10.014     0.060         5
   346.203    10.046     0.060         5
   346.354    10.078     0.060         5
   346.515    10.114     0.060         5
   346.679    10.134     0.060         5
   346.840    10.162     0.060         5
   346.991    10.190     0.060         5
   347.155    10.206     0.060         5
   347.308    10.230     0.060         5
   347.469    10.254     0.060         5
   347.623    10.290     0.060         5
   347.787    10.318     0.060         5
   347.937    10.342     0.060         5
   348.091    10.363     0.060         5
   348.255    10.391     0.060         5
   348.408    10.415     0.060         5
   348.572    10.446     0.060         5
   348.726    10.474     0.060         5
   348.890    10.518     0.060         5
   349.043    10.526     0.060         5
   349.208    10.558     0.060         5
   349.358    10.582     0.060         5
   349.519    10.614     0.060         5
   349.680    10.646     0.060         5
   349.841    10.666     0.060         5
   350.003    10.694     0.060         5
   350.164    10.714     0.060         5
   350.322    10.738     0.060         5
   350.483    10.762     0.060         5
   350.644    10.806     0.060         5
   350.792    10.826     0.060         5
   350.953    10.862     0.060         5
   351.114    10.886     0.060         5
   351.272    10.898     0.060         5
   351.433    10.922     0.060         5
   351.584    10.991     0.060         5
   351.745    11.008     0.060         5
   351.906    11.033     0.060         5
   352.067    11.038     0.060         5
   352.229    11.067     0.060         5
   352.393    11.092     0.060         5
   351.114    12.110     0.060         8
   351.433    12.150     0.060         8
   351.745    12.186     0.060         8
   352.067    12.226     0.060         8
   352.704    12.306     0.060         8
   353.016    12.346     0.060         8
   353.492    12.390     0.060         8
   353.642    12.410     0.060         8
   354.271    12.490     0.060         8
   355.215    12.615     0.060         8
   355.834    12.698     0.060         8
   356.312    12.786     0.060         8
   357.578    12.998     0.060         8
   358.700    13.186     0.060         8
   359.504    13.331     0.060         8
   360.130    13.449     0.060         8
   360.934    13.594     0.060         8
   361.732    13.752     0.060         8
   362.519    13.881     0.060         8
   363.006    14.008     0.060         8
   363.825    14.197     0.060         8
   364.631    14.351     0.060         8
   365.109    14.439     0.060         8
   366.225    14.658     0.060         8
   366.865    14.793     0.060         8
   367.655    14.942     0.060         8
   368.606    15.103     0.060         8
   369.386    15.221     0.060         8
   370.187    15.311     0.060         8
   370.971    15.397     0.060         8
   372.067    15.546     0.060         8
   373.013    15.648     0.060         8
   373.814    15.738     0.060         8
   374.615    15.824     0.060         8
   375.104    15.888     0.060         8
   375.744    15.958     0.060         8
   376.545    16.049     0.060         8
   377.192    16.068     0.060         8
   377.843    16.101     0.060         8
   378.329    16.149     0.060         8
   378.987    16.135     0.060         8
   379.627    16.130     0.060         8
   380.270    16.126     0.060         8
   380.745    16.111     0.060         8
   381.227    16.120     0.060         8
   381.552    16.093     0.060         8
   382.020    16.086     0.060         8
   382.342    16.059     0.060         8
   382.810    16.073     0.060         8
   383.286    16.091     0.060         8
   383.590    16.097     0.060         8
   384.369    16.160     0.060         8
   385.316    16.267     0.060         8
   386.246    16.397     0.060         8
   386.862    16.488     0.060         8
   387.781    16.673     0.060         8
   388.872    16.931     0.060         8
   389.659    17.088     0.060         8
   390.608    17.285     0.060         8
   391.073    17.378     0.060         8
   392.010    17.531     0.060         8
   393.456    17.845     0.060         8
   394.425    18.076     0.060         8
   395.070    18.229     0.060         8
   395.878    18.392     0.060         8
   396.201    18.446     0.060         8
   397.009    18.608     0.060         8
   303.128     1.787     0.060        10
   303.437     1.891     0.060        10
   303.598     1.952     0.060        10
   303.748     2.023     0.060        10
   304.060     2.153     0.060        10
   304.221     2.217     0.060        10
   304.372     2.270     0.060        10
   304.533     2.316     0.060        10
   304.684     2.351     0.060        10
   304.845     2.402     0.060        10
   304.998     2.441     0.060        10
   305.159     2.489     0.060        10
   305.471     2.566     0.060        10
   305.783     2.640     0.060        10
   305.944     2.680     0.060        10
   307.046     3.634     0.060        14
   307.976     3.797     0.060        14
   308.444     3.907     0.060        14
   308.912     4.021     0.060        14
   309.385     4.097     0.060        14
   309.697     4.162     0.060        14
   310.009     4.249     0.060        14
   310.482     4.365     0.060        14
   310.944     4.425     0.060        14
   311.255     4.514     0.060        14
   311.417     4.556     0.060        14
   312.043     4.643     0.060        14
   312.355     4.710     0.060        14
   312.817     4.818     0.060        14
   313.132     4.866     0.060        14
   313.604     4.938     0.060        14
   314.070     5.015     0.060        14
   314.532     5.131     0.060        14
   315.005     5.230     0.060        14
   315.628     5.346     0.060        14
   316.090     5.424     0.060        14
   316.555     5.499     0.060        14
   317.039     5.614     0.060        14
   317.351     5.689     0.060        14
   317.673     5.752     0.060        14
   317.995     5.792     0.060        14
   318.321     5.860     0.060        14
   318.632     5.913     0.060        14
   319.116     6.014     0.060        14
   319.277     6.042     0.060        14
   319.589     6.124     0.060        14
   319.908     6.172     0.060        14
   320.220     6.245     0.060        14
   320.836     6.362     0.060        14
   321.451     6.496     0.060        14
   321.906     6.597     0.060        14
   322.371     6.661     0.060        14
   322.672     6.706     0.060        14
   322.986     6.795     0.060        14
   323.452     6.882     0.060        14
   323.906     6.977     0.060        14
   324.360     7.034     0.060        14
   324.672     7.106     0.060        14
   325.288     7.190     0.060        14
   325.599     7.255     0.060        14
   325.922     7.315     0.060        14
   326.545     7.433     0.060        14
   327.004     7.516     0.060        14
   327.477     7.623     0.060        14
   327.800     7.688     0.060        14
   328.267     7.770     0.060        14
   328.734     7.862     0.060        14
   329.198     7.926     0.060        14
   329.507     7.974     0.060        14
   329.821     8.039     0.060        14
   330.287     8.106     0.060        14
   330.752     8.180     0.060        14
   330.905     8.210     0.060        14
   331.209     8.252     0.060        14
   331.526     8.325     0.060        14
   331.830     8.365     0.060        14
   332.148     8.414     0.060        14
   332.605     8.486     0.060        14
   332.922     8.546     0.060        14
   333.226     8.620     0.060        14
   333.676     8.691     0.060        14
   334.133     8.809     0.060        14
   334.591     8.885     0.060        14
   335.059     8.984     0.060        14
   335.534     9.087     0.060        14
   336.002     9.142     0.060        14
   336.328     9.198     0.060        14
   336.970     9.302     0.060        14
   337.452     9.382     0.060        14
   337.770     9.452     0.060        14
   337.931     9.472     0.060        14
   338.095     9.508     0.060        14
   338.407     9.542     0.060        14
   338.879     9.633     0.060        14
   339.202     9.653     0.060        14
   339.513     9.713     0.060        14
   339.833     9.778     0.060        14
   340.144     9.792     0.060        14
   340.453     9.845     0.060        14
   340.773     9.877     0.060        14
   341.092     9.927     0.060        14
   341.404     9.958     0.060        14
   341.882    10.034     0.060        14
   342.361    10.102     0.060        14
   342.522    10.125     0.060        14
   342.840    10.170     0.060        14
   343.165    10.229     0.060        14
   343.490    10.275     0.060        14
   343.818    10.348     0.060        14
   344.133    10.393     0.060        14
   344.458    10.444     0.060        14
   345.090    10.553     0.060        14
   345.402    10.597     0.060        14
   345.727    10.657     0.060        14
   346.203    10.716     0.060        14
   346.679    10.790     0.060        14
   346.991    10.827     0.060        14
   347.469    10.895     0.060        14
   347.623    10.923     0.060        14
   348.091    10.970     0.060        14
   322.672    10.376     0.060        24
   323.151    10.519     0.060        24
   323.301    10.597     0.060        24
   323.755    10.719     0.060        24
   324.210    10.849     0.060        24
   324.825    11.007     0.060        24
   325.449    11.186     0.060        24
   326.072    11.386     0.060        24
   326.384    11.529     0.060        24
   327.004    11.717     0.060        24
   327.800    11.891     0.060        24
   328.267    12.033     0.060        24
   328.586    12.106     0.060        24
   329.198    12.240     0.060        24
   329.359    12.339     0.060        24
   329.671    12.415     0.060        24
   330.287    12.537     0.060        24
   330.590    12.647     0.060        24
   331.055    12.748     0.060        24
   331.830    12.918     0.060        24
   332.769    13.158     0.060        24
   333.226    13.317     0.060        24
   333.522    13.415     0.060        24
   333.826    13.488     0.060        24
   334.133    13.595     0.060        24
   334.905    13.764     0.060        24
   335.373    13.895     0.060        24
   335.688    14.001     0.060        24
   380.431    27.309     0.060        24
   381.388    27.579     0.060        24
   383.436    28.049     0.060        24
   385.163    28.481     0.060        24
   386.862    28.913     0.060        24
   387.942    29.219     0.060        24
   388.096    29.302     0.060        24
   389.345    29.707     0.060        24
     0.000     0.000     0.000        -1
