    30.818    -1.000     0.000         0
    26.955     3.035     0.060         1
    27.117     2.952     0.060         1
    27.267     2.869     0.060         1
    27.432     2.783     0.060         1
    27.593     2.706     0.060         1
    27.744     2.628     0.060         1
    27.905     2.556     0.060         1
    28.066     2.484     0.060         1
    28.217     2.410     0.060         1
    28.378     2.337     0.060         1
    28.542     2.269     0.060         1
    28.693     2.202     0.060         1
    28.857     2.148     0.060         1
    29.018     2.099     0.060         1
    29.182     2.044     0.060         1
    29.333     1.991     0.060         1
    29.494     1.940     0.060         1
    29.658     1.903     0.060         1
    29.819     1.873     0.060         1
    29.969     1.845     0.060         1
    30.128     1.821     0.060         1
    30.279     1.804     0.060         1
    30.439     1.792     0.060         1
    30.595     1.786     0.060         1
    30.720     1.788     0.060         1
    28.378     2.641     0.060         2
    28.542     2.588     0.060         2
    28.693     2.534     0.060         2
    28.857     2.490     0.060         2
    29.018     2.446     0.060         2
    29.182     2.401     0.060         2
    29.333     2.359     0.060         2
    29.494     2.329     0.060         2
    29.658     2.299     0.060         2
    29.819     2.277     0.060         2
    29.969     2.252     0.060         2
    30.128     2.230     0.060         2
    30.279     2.215     0.060         2
    30.439     2.208     0.060         2
    30.595     2.204     0.060         2
    30.720     2.203     0.060         2
    27.744     3.017     0.060         3
    27.905     2.982     0.060         3
    28.217     2.896     0.060         3
    28.378     2.855     0.060         3
    28.542     2.805     0.060         3
    28.693     2.768     0.060         3
    28.857     2.730     0.060         3
    29.018     2.691     0.060         3
    29.182     2.669     0.060         3
    29.333     2.636     0.060         3
    29.494     2.614     0.060         3
    29.658     2.588     0.060         3
    29.819     2.566     0.060         3
    29.969     2.559     0.060         3
    30.128     2.553     0.060         3
    30.279     2.551     0.060         3
    30.439     2.553     0.060         3
    30.595     2.551     0.060         3
    30.720     2.557     0.060         3
     3.394     7.554     0.060         5
     3.558     7.529     0.060         5
     3.719     7.512     0.060         5
     3.881     7.511     0.060         5
     4.056     7.487     0.060         5
     4.217     7.449     0.060         5
     4.379     7.439     0.060         5
     4.543     7.420     0.060         5
     4.704     7.401     0.060         5
     4.879     7.380     0.060         5
     5.041     7.353     0.060         5
     5.205     7.310     0.060         5
     5.369     7.290     0.060         5
     5.541     7.267     0.060         5
     5.706     7.244     0.060         5
     5.867     7.231     0.060         5
     6.028     7.217     0.060         5
     6.190     7.184     0.060         5
     6.340     7.170     0.060         5
     6.505     7.153     0.060         5
     6.663     7.127     0.060         5
     6.825     7.106     0.060         5
     6.986     7.081     0.060         5
     7.147     7.064     0.060         5
     7.309     7.047     0.060         5
     7.467     7.026     0.060         5
     7.628     7.004     0.060         5
     7.790     6.983     0.060         5
     7.951     6.957     0.060         5
     8.116     6.931     0.060         5
     8.277     6.909     0.060         5
     8.441     6.875     0.060         5
     8.603     6.849     0.060         5
     8.778     6.828     0.060         5
     8.939     6.794     0.060         5
     9.103     6.776     0.060         5
     9.268     6.754     0.060         5
     9.429     6.729     0.060         5
     9.590     6.703     0.060         5
     9.752     6.677     0.060         5
     9.913     6.651     0.060         5
    10.074     6.633     0.060         5
    10.236     6.604     0.060         5
    10.387     6.585     0.060         5
    10.548     6.552     0.060         5
    10.715     6.530     0.060         5
    10.879     6.504     0.060         5
    11.044     6.486     0.060         5
    11.208     6.452     0.060         5
    11.380     6.430     0.060         5
    11.544     6.400     0.060         5
    11.706     6.370     0.060         5
    11.881     6.348     0.060         5
    12.042     6.319     0.060         5
    12.207     6.291     0.060         5
    12.379     6.270     0.060         5
    12.543     6.249     0.060         5
    12.704     6.229     0.060         5
    12.866     6.209     0.060         5
    13.027     6.177     0.060         5
    13.185     6.153     0.060         5
    13.347     6.121     0.060         5
    13.505     6.089     0.060         5
    13.656     6.069     0.060         5
    13.817     6.039     0.060         5
    13.979     6.017     0.060         5
    14.143     5.982     0.060         5
    14.304     5.952     0.060         5
    14.458     5.930     0.060         5
    14.619     5.905     0.060         5
    14.784     5.882     0.060         5
    14.945     5.851     0.060         5
    15.109     5.825     0.060         5
    15.271     5.794     0.060         5
    15.435     5.767     0.060         5
    15.599     5.744     0.060         5
    15.750     5.721     0.060         5
    15.922     5.694     0.060         5
    16.086     5.671     0.060         5
    16.248     5.648     0.060         5
    16.412     5.622     0.060         5
    16.573     5.591     0.060         5
    16.738     5.564     0.060         5
    16.910     5.537     0.060         5
    17.074     5.507     0.060         5
    17.235     5.482     0.060         5
    17.397     5.452     0.060         5
    17.558     5.423     0.060         5
    17.709     5.397     0.060         5
    17.870     5.368     0.060         5
    18.032     5.338     0.060         5
    18.182     5.313     0.060         5
    18.341     5.285     0.060         5
    18.502     5.252     0.060         5
    18.656     5.224     0.060         5
    18.817     5.196     0.060         5
    18.978     5.168     0.060         5
    19.129     5.136     0.060         5
    19.290     5.108     0.060         5
    19.441     5.076     0.060         5
    19.602     5.044     0.060         5
    19.753     5.012     0.060         5
    19.915     4.978     0.060         5
    20.065     4.953     0.060         5
    20.216     4.920     0.060         5
    20.377     4.891     0.060         5
    20.531     4.862     0.060         5
    20.692     4.828     0.060         5
    20.843     4.795     0.060         5
    21.007     4.769     0.060         5
    21.158     4.736     0.060         5
    21.319     4.703     0.060         5
    21.473     4.669     0.060         5
    21.634     4.636     0.060         5
    21.785     4.603     0.060         5
    21.946     4.573     0.060         5
    22.100     4.539     0.060         5
    22.250     4.506     0.060         5
    22.401     4.468     0.060         5
    22.565     4.434     0.060         5
    22.716     4.392     0.060         5
    22.877     4.362     0.060         5
    23.031     4.328     0.060         5
    23.192     4.293     0.060         5
    23.343     4.252     0.060         5
    23.504     4.217     0.060         5
    23.655     4.176     0.060         5
    23.819     4.145     0.060         5
    23.981     4.103     0.060         5
    24.128     4.069     0.060         5
    24.290     4.028     0.060         5
    24.440     3.992     0.060         5
    24.599     3.951     0.060         5
    24.760     3.893     0.060         5
    24.922     3.836     0.060         5
    25.072     3.784     0.060         5
    25.231     3.732     0.060         5
    25.392     3.691     0.060         5
    25.543     3.697     0.060         5
    25.704     3.600     0.060         5
    25.855     3.558     0.060         5
     3.558     8.278     0.060        14
     3.881     8.247     0.060        14
     4.379     8.167     0.060        14
     4.543     8.151     0.060        14
     4.879     8.083     0.060        14
     5.205     8.055     0.060        14
     5.369     8.036     0.060        14
     5.541     8.008     0.060        14
     5.706     7.983     0.060        14
     5.867     7.956     0.060        14
     6.028     7.969     0.060        14
     6.190     7.920     0.060        14
     6.340     7.909     0.060        14
     6.505     7.890     0.060        14
     6.663     7.873     0.060        14
     6.825     7.860     0.060        14
     6.986     7.838     0.060        14
     7.147     7.830     0.060        14
     7.309     7.790     0.060        14
     7.628     7.709     0.060        14
     7.790     7.734     0.060        14
     7.951     7.704     0.060        14
     8.116     7.679     0.060        14
     8.277     7.650     0.060        14
     8.441     7.625     0.060        14
     8.603     7.595     0.060        14
     8.778     7.562     0.060        14
     8.939     7.537     0.060        14
     9.103     7.528     0.060        14
     9.268     7.487     0.060        14
     9.429     7.481     0.060        14
     9.590     7.439     0.060        14
     9.752     7.420     0.060        14
     9.913     7.390     0.060        14
    10.074     7.384     0.060        14
    10.236     7.327     0.060        14
    10.387     7.311     0.060        14
    10.548     7.280     0.060        14
    10.715     7.260     0.060        14
    10.879     7.236     0.060        14
    11.044     7.224     0.060        14
    11.208     7.184     0.060        14
    11.380     7.156     0.060        14
    11.544     7.140     0.060        14
    11.706     7.108     0.060        14
    11.881     7.080     0.060        14
    12.042     7.056     0.060        14
    12.207     7.028     0.060        14
    12.379     7.000     0.060        14
    12.543     6.968     0.060        14
    12.704     6.944     0.060        14
    12.866     6.920     0.060        14
    13.027     6.892     0.060        14
    13.185     6.863     0.060        14
    13.347     6.846     0.060        14
    13.505     6.816     0.060        14
    13.656     6.787     0.060        14
    13.817     6.762     0.060        14
    13.979     6.725     0.060        14
    14.143     6.703     0.060        14
    14.304     6.677     0.060        14
    14.458     6.658     0.060        14
    14.619     6.628     0.060        14
    14.784     6.610     0.060        14
    14.945     6.588     0.060        14
    15.109     6.558     0.060        14
    15.271     6.532     0.060        14
    15.435     6.506     0.060        14
    15.599     6.476     0.060        14
    15.750     6.450     0.060        14
    15.922     6.419     0.060        14
    16.086     6.393     0.060        14
    16.248     6.359     0.060        14
    16.412     6.332     0.060        14
    16.573     6.302     0.060        14
    16.738     6.272     0.060        14
    16.910     6.241     0.060        14
    17.074     6.207     0.060        14
    17.235     6.181     0.060        14
    17.397     6.152     0.060        14
    17.558     6.127     0.060        14
    17.709     6.098     0.060        14
    17.870     6.073     0.060        14
    18.032     6.045     0.060        14
    18.182     6.016     0.060        14
    18.341     5.991     0.060        14
    18.502     5.958     0.060        14
    18.656     5.933     0.060        14
    18.817     5.906     0.060        14
    18.978     5.874     0.060        14
    19.129     5.851     0.060        14
    19.290     5.820     0.060        14
    19.441     5.792     0.060        14
    19.602     5.757     0.060        14
    19.753     5.730     0.060        14
    19.915     5.698     0.060        14
    20.065     5.676     0.060        14
    20.216     5.649     0.060        14
    20.377     5.630     0.060        14
    20.531     5.595     0.060        14
    20.692     5.564     0.060        14
    20.843     5.537     0.060        14
    21.007     5.498     0.060        14
    21.158     5.467     0.060        14
    21.319     5.436     0.060        14
    21.473     5.402     0.060        14
    21.634     5.370     0.060        14
    21.785     5.340     0.060        14
    21.946     5.309     0.060        14
    22.100     5.274     0.060        14
    22.250     5.239     0.060        14
    22.401     5.209     0.060        14
    22.565     5.177     0.060        14
    22.716     5.139     0.060        14
    22.877     5.107     0.060        14
    23.031     5.083     0.060        14
    23.192     5.043     0.060        14
    23.343     4.987     0.060        14
    23.504     4.942     0.060        14
    23.655     4.914     0.060        14
    23.819     4.865     0.060        14
    23.981     4.824     0.060        14
    24.128     4.796     0.060        14
    24.290     4.747     0.060        14
    24.440     4.700     0.060        14
    24.599     4.675     0.060        14
    24.760     4.636     0.060        14
    24.922     4.594     0.060        14
    25.072     4.544     0.060        14
    25.231     4.530     0.060        14
     3.096    12.125     0.060        24
     3.394    12.054     0.060        24
     3.881    11.937     0.060        24
     4.217    11.840     0.060        24
     4.543    11.759     0.060        24
     4.879    11.666     0.060        24
     5.369    11.554     0.060        24
     5.706    11.468     0.060        24
     6.190    11.350     0.060        24
     6.505    11.266     0.060        24
     6.825    11.185     0.060        24
     7.147    11.108     0.060        24
     7.628    10.995     0.060        24
     7.951    10.907     0.060        24
     8.441    10.764     0.060        24
     8.778    10.675     0.060        24
     9.268    10.571     0.060        24
     9.590    10.478     0.060        24
     9.913    10.384     0.060        24
    10.236    10.316     0.060        24
    10.387    10.271     0.060        24
    10.879    10.146     0.060        24
    11.208    10.061     0.060        24
    11.544     9.980     0.060        24
    12.042     9.855     0.060        24
    12.379     9.795     0.060        24
    12.704     9.718     0.060        24
    13.027     9.636     0.060        24
    13.185     9.605     0.060        24
    13.505     9.533     0.060        24
    13.817     9.472     0.060        24
    13.979     9.439     0.060        24
    14.304     9.347     0.060        24
    14.458     9.302     0.060        24
    14.784     9.222     0.060        24
    15.109     9.149     0.060        24
    15.435     9.072     0.060        24
    15.922     8.931     0.060        24
    16.086     8.869     0.060        24
    16.573     8.744     0.060        24
    17.074     8.609     0.060        24
    17.397     8.526     0.060        24
    17.558     8.477     0.060        24
    17.870     8.405     0.060        24
    18.182     8.320     0.060        24
    18.341     8.275     0.060        24
    18.656     8.186     0.060        24
    30.818     1.000     0.000         0
    30.947     1.796     0.060         1
    31.089     1.806     0.060         1
    31.245     1.824     0.060         1
    31.393     1.844     0.060         1
    31.557     1.876     0.060         1
    31.717     1.911     0.060         1
    31.881     1.957     0.060         1
    32.035     2.006     0.060         1
    32.200     2.052     0.060         1
    32.360     2.105     0.060         1
    32.525     2.161     0.060         1
    32.685     2.217     0.060         1
    32.846     2.281     0.060         1
    33.007     2.348     0.060         1
    33.158     2.417     0.060         1
    33.319     2.492     0.060         1
    33.483     2.569     0.060         1
    33.644     2.646     0.060         1
    33.809     2.721     0.060         1
    33.970     2.801     0.060         1
    34.131     2.889     0.060         1
    34.292     2.971     0.060         1
    34.457     3.062     0.060         1
    34.618     3.151     0.060         1
    30.947     2.204     0.060         2
    31.089     2.212     0.060         2
    31.245     2.219     0.060         2
    31.393     2.235     0.060         2
    31.557     2.255     0.060         2
    31.717     2.287     0.060         2
    31.881     2.319     0.060         2
    32.035     2.350     0.060         2
    32.200     2.390     0.060         2
    32.360     2.433     0.060         2
    32.525     2.481     0.060         2
    32.685     2.536     0.060         2
    32.846     2.583     0.060         2
    33.007     2.635     0.060         2
    33.158     2.697     0.060         2
    33.319     2.758     0.060         2
    30.947     2.559     0.060         3
    31.089     2.569     0.060         3
    31.245     2.570     0.060         3
    31.393     2.584     0.060         3
    31.557     2.602     0.060         3
    31.717     2.623     0.060         3
    31.881     2.644     0.060         3
    32.035     2.670     0.060         3
    32.200     2.692     0.060         3
    32.360     2.722     0.060         3
    32.525     2.760     0.060         3
    33.007     2.869     0.060         3
    35.280     3.479     0.060         5
    35.444     3.544     0.060         5
    35.606     3.584     0.060         5
    35.767     3.643     0.060         5
    35.931     3.712     0.060         5
    36.093     3.760     0.060         5
    36.254     3.805     0.060         5
    36.415     3.847     0.060         5
    36.584     3.890     0.060         5
    36.745     3.928     0.060         5
    36.906     3.970     0.060         5
    37.057     4.007     0.060         5
    37.221     4.049     0.060         5
    37.383     4.079     0.060         5
    37.544     4.109     0.060         5
    37.705     4.131     0.060         5
    37.870     4.157     0.060         5
    38.031     4.183     0.060         5
    38.192     4.215     0.060         5
    38.357     4.250     0.060         5
    38.518     4.290     0.060         5
    38.679     4.325     0.060         5
    38.844     4.356     0.060         5
    39.005     4.386     0.060         5
    39.169     4.411     0.060         5
    39.331     4.445     0.060         5
    39.492     4.474     0.060         5
    39.656     4.499     0.060         5
    39.818     4.525     0.060         5
    39.982     4.552     0.060         5
    40.143     4.575     0.060         5
    40.305     4.602     0.060         5
    40.469     4.629     0.060         5
    40.630     4.657     0.060         5
    40.792     4.680     0.060         5
    40.967     4.704     0.060         5
    41.128     4.728     0.060         5
    41.286     4.752     0.060         5
    41.447     4.772     0.060         5
    41.598     4.796     0.060         5
    41.759     4.820     0.060         5
    41.921     4.844     0.060         5
    42.082     4.867     0.060         5
    42.243     4.887     0.060         5
    42.418     4.907     0.060         5
    42.569     4.928     0.060         5
    42.730     4.948     0.060         5
    42.881     4.972     0.060         5
    43.029     4.997     0.060         5
    43.190     5.021     0.060         5
    43.338     5.046     0.060         5
    43.499     5.066     0.060         5
    43.650     5.086     0.060         5
    43.811     5.112     0.060         5
    43.972     5.134     0.060         5
    44.126     5.156     0.060         5
    44.287     5.181     0.060         5
    44.449     5.207     0.060         5
    44.599     5.237     0.060         5
    44.761     5.259     0.060         5
    44.911     5.281     0.060         5
    45.065     5.306     0.060         5
    45.226     5.332     0.060         5
    45.391     5.358     0.060         5
    45.541     5.380     0.060         5
    45.706     5.401     0.060         5
    45.856     5.428     0.060         5
    46.018     5.454     0.060         5
    46.171     5.477     0.060         5
    46.333     5.499     0.060         5
    46.483     5.525     0.060         5
    46.648     5.540     0.060         5
    46.798     5.587     0.060         5
    46.963     5.609     0.060         5
    47.113     5.615     0.060         5
    47.278     5.645     0.060         5
    47.428     5.676     0.060         5
    47.590     5.694     0.060         5
    47.751     5.713     0.060         5
    47.902     5.724     0.060         5
    48.052     5.747     0.060         5
    48.217     5.765     0.060         5
    48.371     5.792     0.060         5
    48.532     5.813     0.060         5
    48.847     5.864     0.060         5
    48.998     5.877     0.060         5
    49.159     5.898     0.060         5
    49.320     5.931     0.060         5
    49.471     5.955     0.060         5
    49.632     5.995     0.060         5
    49.793     6.018     0.060         5
    49.944     6.048     0.060         5
    50.098     6.081     0.060         5
    50.259     6.113     0.060         5
    50.413     6.134     0.060         5
    50.574     6.163     0.060         5
    50.739     6.207     0.060         5
    50.886     6.260     0.060         5
    51.047     6.297     0.060         5
    51.356     6.362     0.060         5
    51.518     6.398     0.060         5
    51.671     6.437     0.060         5
    51.833     6.466     0.060         5
    51.983     6.506     0.060         5
    52.145     6.552     0.060         5
    52.292     6.588     0.060         5
    52.443     6.632     0.060         5
    52.604     6.669     0.060         5
    52.755     6.697     0.060         5
    52.906     6.727     0.060         5
    53.067     6.768     0.060         5
    53.218     6.794     0.060         5
    53.368     6.819     0.060         5
    53.519     6.869     0.060         5
    53.670     6.890     0.060         5
    53.820     6.916     0.060         5
    53.974     6.945     0.060         5
    54.125     6.975     0.060         5
    54.275     7.004     0.060         5
    54.429     7.038     0.060         5
    54.580     7.067     0.060         5
    54.733     7.085     0.060         5
    54.884     7.110     0.060         5
    55.035     7.143     0.060         5
    55.185     7.166     0.060         5
    55.339     7.190     0.060         5
    55.500     7.226     0.060         5
    55.651     7.254     0.060         5
    55.805     7.267     0.060         5
    55.955     7.290     0.060         5
    56.106     7.314     0.060         5
    56.260     7.350     0.060         5
    56.421     7.392     0.060         5
    56.572     7.406     0.060         5
    56.722     7.429     0.060         5
    57.031     7.485     0.060         5
    57.182     7.502     0.060         5
    57.343     7.546     0.060         5
    57.494     7.558     0.060         5
    57.655     7.601     0.060         5
    57.806     7.608     0.060         5
    57.957     7.635     0.060         5
    58.107     7.674     0.060         5
    58.258     7.706     0.060         5
    58.409     7.735     0.060         5
    58.567     7.763     0.060         5
    58.718     7.797     0.060         5
    58.868     7.820     0.060         5
    59.016     7.835     0.060         5
    59.177     7.855     0.060         5
    59.331     7.875     0.060         5
    59.482     7.915     0.060         5
    59.643     7.951     0.060         5
    59.794     7.959     0.060         5
    59.944     7.988     0.060         5
    60.105     8.001     0.060         5
    60.256     8.030     0.060         5
    60.407     8.054     0.060         5
    60.565     8.071     0.060         5
    60.716     8.098     0.060         5
    60.866     8.131     0.060         5
    61.020     8.167     0.060         5
    61.171     8.183     0.060         5
    61.314     8.223     0.060         5
    61.467     8.264     0.060         5
    61.618     8.285     0.060         5
    61.772     8.313     0.060         5
    61.922     8.334     0.060         5
    62.076     8.355     0.060         5
    62.227     8.377     0.060         5
    62.381     8.399     0.060         5
    62.531     8.431     0.060         5
    62.685     8.456     0.060         5
    62.839     8.489     0.060         5
    62.989     8.498     0.060         5
    63.143     8.539     0.060         5
    63.286     8.575     0.060         5
    63.440     8.588     0.060         5
    63.590     8.603     0.060         5
    63.733     8.639     0.060         5
    63.887     8.663     0.060         5
    64.041     8.675     0.060         5
    64.181     8.707     0.060         5
    64.335     8.739     0.060         5
    64.485     8.750     0.060         5
    64.636     8.759     0.060         5
    64.794     8.811     0.060         5
    64.942     8.817     0.060         5
    65.089     8.845     0.060         5
    65.251     8.876     0.060         5
    65.546     8.914     0.060         5
    65.707     8.945     0.060         5
    65.858     8.981     0.060         5
    66.008     8.986     0.060         5
    66.167     9.035     0.060         5
    66.314     9.043     0.060         5
    66.473     9.075     0.060         5
    66.620     9.092     0.060         5
    66.782     9.135     0.060         5
    66.929     9.139     0.060         5
    67.077     9.172     0.060         5
    67.227     9.207     0.060         5
    67.381     9.235     0.060         5
    67.532     9.255     0.060         5
    67.693     9.283     0.060         5
    67.844     9.311     0.060         5
    67.994     9.338     0.060         5
    68.148     9.354     0.060         5
    68.309     9.358     0.060         5
    68.460     9.378     0.060         5
    68.618     9.402     0.060         5
    68.769     9.424     0.060         5
    68.920     9.453     0.060         5
    69.081     9.486     0.060         5
    69.232     9.525     0.060         5
    69.393     9.563     0.060         5
    69.544     9.570     0.060         5
    69.697     9.601     0.060         5
    69.859     9.624     0.060         5
    70.006     9.648     0.060         5
    70.171     9.676     0.060         5
    70.321     9.724     0.060         5
    70.483     9.744     0.060         5
    70.636     9.759     0.060         5
    70.798     9.786     0.060         5
    70.948     9.806     0.060         5
    71.109     9.834     0.060         5
    71.260     9.862     0.060         5
    71.572     9.898     0.060         5
    71.892     9.937     0.060         5
    72.042     9.966     0.060         5
    72.357    10.017     0.060         5
    72.672    10.074     0.060         5
    72.987    10.117     0.060         5
    73.614    10.209     0.060         5
    74.091    10.281     0.060         5
    74.543    10.353     0.060         5
    74.844    10.401     0.060         5
    75.293    10.477     0.060         5
    75.602    10.529     0.060         5
    76.057    10.596     0.060         5
    76.991    10.742     0.060         5
    77.457    10.818     0.060         5
    77.912    10.894     0.060         5
    78.697    11.011     0.060         5
    79.156    11.077     0.060         5
    79.770    11.177     0.060         5
    80.082    11.229     0.060         5
    80.541    11.290     0.060         5
    81.316    11.418     0.060         5
    81.940    11.517     0.060         5
    82.410    11.587     0.060         5
    83.353    11.733     0.060         5
    83.983    11.827     0.060         5
    84.285    11.890     0.060         5
    84.761    11.966     0.060         5
    85.073    12.001     0.060         5
    85.549    12.081     0.060         5
    85.864    12.133     0.060         5
    86.491    12.237     0.060         5
    86.806    12.281     0.060         5
    87.282    12.349     0.060         5
    87.594    12.393     0.060         5
    87.920    12.453     0.060         5
    88.232    12.480     0.060         5
    88.536    12.528     0.060         5
    89.012    12.591     0.060         5
    89.478    12.664     0.060         5
    89.632    12.679     0.060         5
    90.097    12.747     0.060         5
    90.563    12.814     0.060         5
    90.724    12.857     0.060         5
    90.878    12.862     0.060         5
    91.820    12.973     0.060         5
    92.765    13.092     0.060         5
    93.550    13.191     0.060         5
    94.037    13.254     0.060         5
    94.664    13.342     0.060         5
    95.301    13.392     0.060         5
    95.939    13.413     0.060         5
    96.415    13.436     0.060         5
    96.880    13.470     0.060         5
    97.515    13.529     0.060         5
    97.827    13.548     0.060         5
    98.767    13.621     0.060         5
    99.378    13.655     0.060         5
   100.001    13.718     0.060         5
   100.615    13.806     0.060         5
   101.231    13.868     0.060         5
   101.842    13.935     0.060         5
   102.917    14.099     0.060         5
   103.522    14.191     0.060         5
   104.313    14.298     0.060         5
   105.258    14.421     0.060         5
   105.891    14.521     0.060         5
   106.367    14.584     0.060         5
   107.457    14.723     0.060         5
   108.234    14.826     0.060         5
   109.006    14.925     0.060         5
   109.479    15.001     0.060         5
   110.103    15.089     0.060         5
   110.264    15.108     0.060         5
   110.579    15.160     0.060         5
   111.042    15.220     0.060         5
   111.977    15.351     0.060         5
   112.749    15.483     0.060         5
   113.510    15.582     0.060         5
   114.308    15.706     0.060         5
   115.279    15.862     0.060         5
   115.924    15.970     0.060         5
   116.714    16.094     0.060         5
   117.496    16.222     0.060         5
   117.969    16.302     0.060         5
   118.765    16.442     0.060         5
   119.406    16.550     0.060         5
   120.373    16.710     0.060         5
   120.696    16.782     0.060         5
   121.670    16.942     0.060         5
   122.633    17.102     0.060         5
   122.958    17.175     0.060         5
   123.421    17.251     0.060         5
   124.206    17.383     0.060         5
   124.997    17.531     0.060         5
   125.312    17.592     0.060         5
   125.785    17.688     0.060         5
    67.693     9.691     0.060         7
    69.081     9.923     0.060         7
    70.171    10.069     0.060         7
    70.948    10.191     0.060         7
    72.042    10.350     0.060         7
    72.826    10.472     0.060         7
    73.768    10.607     0.060         7
    75.752    10.885     0.060         7
    76.525    10.988     0.060         7
    78.073    11.229     0.060         7
    79.468    11.423     0.060         7
    80.232    11.539     0.060         7
    81.628    11.752     0.060         7
    83.353    12.021     0.060         7
    85.237    12.315     0.060         7
   113.050    16.292     0.060         8
   113.351    16.348     0.060         8
   113.510    16.379     0.060         8
   113.671    16.400     0.060         8
   113.996    16.448     0.060         8
   114.147    16.464     0.060         8
   114.308    16.500     0.060         8
   114.634    16.548     0.060         8
   114.795    16.572     0.060         8
   114.957    16.601     0.060         8
   115.118    16.615     0.060         8
   115.440    16.655     0.060         8
   115.602    16.687     0.060         8
   115.763    16.703     0.060         8
   116.086    16.751     0.060         8
   116.394    16.792     0.060         8
   116.556    16.814     0.060         8
   116.714    16.834     0.060         8
   116.875    16.862     0.060         8
   117.026    16.882     0.060         8
   117.187    16.906     0.060         8
   117.496    16.942     0.060         8
   117.657    16.961     0.060         8
   117.808    16.985     0.060         8
   117.969    17.013     0.060         8
   118.292    17.063     0.060         8
   118.443    17.077     0.060         8
   118.604    17.105     0.060         8
   118.765    17.133     0.060         8
   118.929    17.152     0.060         8
   119.241    17.196     0.060         8
   119.406    17.212     0.060         8
   119.567    17.235     0.060         8
   119.728    17.256     0.060         8
   119.890    17.284     0.060         8
   120.051    17.299     0.060         8
   120.373    17.339     0.060         8
   120.535    17.363     0.060         8
   120.857    17.402     0.060         8
   121.183    17.446     0.060         8
   121.344    17.462     0.060         8
   121.670    17.524     0.060         8
   122.146    17.604     0.060         8
   122.797    17.697     0.060         8
   123.109    17.770     0.060         8
   123.421    17.830     0.060         8
   123.894    17.923     0.060         8
   124.367    18.008     0.060         8
    35.108     4.124     0.060        14
    35.280     4.185     0.060        14
    35.606     4.266     0.060        14
    35.767     4.323     0.060        14
    36.093     4.404     0.060        14
    36.254     4.465     0.060        14
    36.415     4.509     0.060        14
    36.745     4.594     0.060        14
    36.906     4.623     0.060        14
    37.057     4.667     0.060        14
    37.221     4.707     0.060        14
    37.383     4.732     0.060        14
    37.544     4.779     0.060        14
    37.705     4.798     0.060        14
    37.870     4.837     0.060        14
    38.031     4.868     0.060        14
    38.192     4.895     0.060        14
    38.357     4.929     0.060        14
    38.518     4.956     0.060        14
    38.679     4.987     0.060        14
    38.844     5.018     0.060        14
    39.005     5.048     0.060        14
    39.169     5.075     0.060        14
    39.331     5.110     0.060        14
    39.492     5.136     0.060        14
    39.656     5.167     0.060        14
    39.818     5.194     0.060        14
    39.982     5.225     0.060        14
    40.143     5.257     0.060        14
    40.305     5.290     0.060        14
    40.469     5.314     0.060        14
    40.630     5.347     0.060        14
    40.792     5.375     0.060        14
    40.967     5.400     0.060        14
    41.128     5.428     0.060        14
    41.286     5.449     0.060        14
    41.447     5.469     0.060        14
    41.598     5.486     0.060        14
    41.759     5.506     0.060        14
    41.921     5.527     0.060        14
    42.082     5.543     0.060        14
    42.243     5.564     0.060        14
    42.418     5.588     0.060        14
    42.569     5.612     0.060        14
    42.730     5.636     0.060        14
    42.881     5.652     0.060        14
    43.029     5.696     0.060        14
    43.190     5.720     0.060        14
    43.338     5.748     0.060        14
    43.499     5.776     0.060        14
    43.650     5.804     0.060        14
    43.811     5.828     0.060        14
    43.972     5.852     0.060        14
    44.126     5.881     0.060        14
    44.287     5.898     0.060        14
    44.449     5.927     0.060        14
    44.599     5.952     0.060        14
    44.761     5.977     0.060        14
    44.911     5.998     0.060        14
    45.065     6.019     0.060        14
    45.226     6.040     0.060        14
    45.391     6.061     0.060        14
    45.541     6.083     0.060        14
    45.706     6.110     0.060        14
    45.856     6.133     0.060        14
    46.018     6.148     0.060        14
    46.171     6.155     0.060        14
    46.333     6.193     0.060        14
    46.483     6.220     0.060        14
    46.648     6.247     0.060        14
    46.798     6.266     0.060        14
    46.963     6.301     0.060        14
    47.113     6.324     0.060        14
    47.278     6.355     0.060        14
    47.428     6.386     0.060        14
    47.590     6.412     0.060        14
    47.751     6.429     0.060        14
    47.902     6.443     0.060        14
    48.052     6.457     0.060        14
    48.217     6.486     0.060        14
    48.371     6.516     0.060        14
    48.532     6.525     0.060        14
    48.683     6.532     0.060        14
    48.847     6.558     0.060        14
    48.998     6.580     0.060        14
    49.159     6.598     0.060        14
    49.320     6.645     0.060        14
    49.471     6.669     0.060        14
    49.632     6.705     0.060        14
    49.793     6.745     0.060        14
    49.944     6.765     0.060        14
    50.098     6.793     0.060        14
    50.259     6.841     0.060        14
    50.413     6.858     0.060        14
    50.574     6.902     0.060        14
    50.739     6.951     0.060        14
    50.886     6.975     0.060        14
    51.047     7.011     0.060        14
    51.206     7.067     0.060        14
    51.356     7.089     0.060        14
    51.518     7.124     0.060        14
    51.671     7.160     0.060        14
    51.833     7.191     0.060        14
    51.983     7.217     0.060        14
    52.145     7.239     0.060        14
    52.292     7.273     0.060        14
    52.443     7.316     0.060        14
    52.604     7.356     0.060        14
    52.755     7.396     0.060        14
    52.906     7.431     0.060        14
    53.067     7.455     0.060        14
    53.218     7.499     0.060        14
    53.368     7.534     0.060        14
    53.519     7.553     0.060        14
    53.670     7.600     0.060        14
    53.820     7.631     0.060        14
    53.974     7.650     0.060        14
    54.125     7.664     0.060        14
    54.275     7.695     0.060        14
    54.429     7.727     0.060        14
    54.580     7.758     0.060        14
    54.733     7.786     0.060        14
    54.884     7.829     0.060        14
    55.035     7.853     0.060        14
    55.185     7.868     0.060        14
    55.339     7.896     0.060        14
    55.500     7.928     0.060        14
    55.651     7.947     0.060        14
    55.805     7.982     0.060        14
    55.955     8.013     0.060        14
    56.106     8.016     0.060        14
    56.260     8.038     0.060        14
    56.421     8.062     0.060        14
    56.572     8.103     0.060        14
    56.722     8.124     0.060        14
    56.881     8.148     0.060        14
    57.031     8.193     0.060        14
    57.182     8.222     0.060        14
    57.343     8.223     0.060        14
    57.494     8.252     0.060        14
    57.655     8.268     0.060        14
    57.806     8.303     0.060        14
    57.957     8.321     0.060        14
    58.107     8.346     0.060        14
    58.258     8.384     0.060        14
    58.409     8.405     0.060        14
    58.567     8.431     0.060        14
    58.718     8.468     0.060        14
    58.868     8.500     0.060        14
    59.016     8.532     0.060        14
    59.177     8.548     0.060        14
    59.331     8.584     0.060        14
    59.482     8.620     0.060        14
    59.643     8.656     0.060        14
    59.794     8.692     0.060        14
    59.944     8.720     0.060        14
    60.105     8.742     0.060        14
    60.256     8.757     0.060        14
    60.407     8.777     0.060        14
    60.565     8.805     0.060        14
    60.716     8.827     0.060        14
    60.866     8.843     0.060        14
    61.020     8.864     0.060        14
    61.171     8.909     0.060        14
    61.314     8.933     0.060        14
    61.467     8.970     0.060        14
    61.618     8.983     0.060        14
    61.772     8.999     0.060        14
    61.922     9.024     0.060        14
    62.076     9.057     0.060        14
    62.227     9.092     0.060        14
    62.381     9.107     0.060        14
    62.531     9.151     0.060        14
    62.685     9.170     0.060        14
    62.839     9.201     0.060        14
    62.989     9.233     0.060        14
    63.143     9.245     0.060        14
    63.286     9.260     0.060        14
    63.440     9.292     0.060        14
    63.590     9.319     0.060        14
    63.733     9.331     0.060        14
    63.887     9.366     0.060        14
    64.041     9.394     0.060        14
    64.181     9.414     0.060        14
    64.335     9.442     0.060        14
    64.485     9.462     0.060        14
    64.636     9.489     0.060        14
    64.794     9.513     0.060        14
    64.942     9.542     0.060        14
    65.089     9.570     0.060        14
    65.251     9.602     0.060        14
    65.398     9.638     0.060        14
    65.546     9.666     0.060        14
    65.707     9.678     0.060        14
    65.858     9.706     0.060        14
    66.008     9.734     0.060        14
    66.167     9.760     0.060        14
    66.314     9.798     0.060        14
    66.473     9.825     0.060        14
    66.620     9.840     0.060        14
    66.782     9.850     0.060        14
    66.929     9.874     0.060        14
    67.077     9.895     0.060        14
    67.227     9.921     0.060        14
    67.381     9.945     0.060        14
    67.532     9.979     0.060        14
    67.693    10.008     0.060        14
    67.844    10.034     0.060        14
    67.994    10.066     0.060        14
    68.148    10.096     0.060        14
    68.309    10.118     0.060        14
    68.460    10.152     0.060        14
    68.618    10.174     0.060        14
    68.769    10.194     0.060        14
    68.920    10.234     0.060        14
    69.081    10.258     0.060        14
    69.232    10.282     0.060        14
    69.393    10.318     0.060        14
    69.544    10.326     0.060        14
    69.697    10.358     0.060        14
    69.859    10.402     0.060        14
    70.006    10.431     0.060        14
    70.171    10.446     0.060        14
    70.321    10.475     0.060        14
    70.483    10.511     0.060        14
    70.636    10.528     0.060        14
    70.798    10.549     0.060        14
    70.948    10.578     0.060        14
    71.109    10.598     0.060        14
    71.260    10.618     0.060        14
    71.421    10.654     0.060        14
    71.572    10.670     0.060        14
    71.730    10.702     0.060        14
    71.892    10.718     0.060        14
    72.042    10.739     0.060        14
    72.207    10.780     0.060        14
    72.357    10.802     0.060        14
    72.511    10.822     0.060        14
    72.672    10.855     0.060        14
    72.826    10.873     0.060        14
    72.987    10.899     0.060        14
    73.138    10.929     0.060        14
    73.299    10.950     0.060        14
    73.450    10.968     0.060        14
    73.614    10.994     0.060        14
    73.768    11.015     0.060        14
    73.929    11.025     0.060        14
    74.091    11.047     0.060        14
    74.241    11.094     0.060        14
    74.392    11.096     0.060        14
    74.543    11.134     0.060        14
    74.693    11.160     0.060        14
    74.844    11.204     0.060        14
    74.991    11.208     0.060        14
    75.142    11.244     0.060        14
    75.293    11.248     0.060        14
    75.440    11.292     0.060        14
    75.602    11.312     0.060        14
    75.752    11.336     0.060        14
    76.057    11.383     0.060        14
    76.372    11.423     0.060        14
    76.676    11.483     0.060        14
    76.991    11.515     0.060        14
    77.295    11.546     0.060        14
    77.457    11.573     0.060        14
    77.761    11.628     0.060        14
    78.073    11.676     0.060        14
    78.374    11.712     0.060        14
    78.697    11.740     0.060        14
    79.009    11.788     0.060        14
    79.156    11.812     0.060        14
    79.468    11.858     0.060        14
    79.619    11.878     0.060        14
    79.931    11.916     0.060        14
    80.232    11.960     0.060        14
    80.702    12.037     0.060        14
    81.165    12.105     0.060        14
    81.477    12.149     0.060        14
    81.789    12.198     0.060        14
    82.259    12.259     0.060        14
    82.561    12.319     0.060        14
    82.883    12.367     0.060        14
    83.195    12.408     0.060        14
    83.507    12.463     0.060        14
    83.819    12.514     0.060        14
    83.983    12.540     0.060        14
    84.285    12.570     0.060        14
    84.449    12.594     0.060        14
    84.761    12.636     0.060        14
    85.237    12.704     0.060        14
    85.713    12.772     0.060        14
    86.025    12.830     0.060        14
    86.340    12.865     0.060        14
    86.491    12.901     0.060        14
    86.806    12.952     0.060        14
    87.132    13.023     0.060        14
    87.594    13.099     0.060        14
    87.920    13.139     0.060        14
    88.232    13.192     0.060        14
    88.536    13.221     0.060        14
    88.851    13.272     0.060        14
    89.163    13.308     0.060        14
    89.317    13.328     0.060        14
    89.632    13.368     0.060        14
    89.944    13.404     0.060        14
    90.259    13.448     0.060        14
    90.724    13.497     0.060        14
    90.878    13.524     0.060        14
    91.193    13.567     0.060        14
    91.508    13.604     0.060        14
    91.820    13.644     0.060        14
    92.135    13.680     0.060        14
    92.450    13.720     0.060        14
    92.765    13.760     0.060        14
    93.238    13.798     0.060        14
    93.875    13.859     0.060        14
    94.187    13.899     0.060        14
    94.664    13.950     0.060        14
    95.140    14.001     0.060        14
    95.616    14.061     0.060        14
    96.251    14.137     0.060        14
    96.727    14.159     0.060        14
    97.354    14.239     0.060        14
    97.676    14.260     0.060        14
    98.147    14.292     0.060        14
    98.297    14.290     0.060        14
    99.069    14.358     0.060        14
    99.539    14.390     0.060        14
   100.152    14.428     0.060        14
   100.464    14.468     0.060        14
   100.927    14.515     0.060        14
   101.080    14.525     0.060        14
   101.842    14.621     0.060        14
   102.612    14.708     0.060        14
   103.372    14.804     0.060        14
   103.988    14.871     0.060        14
   104.467    14.940     0.060        14
   104.793    14.999     0.060        14
   105.258    15.040     0.060        14
   105.727    15.115     0.060        14
   106.367    15.195     0.060        14
   106.830    15.264     0.060        14
   107.295    15.348     0.060        14
   107.769    15.418     0.060        14
   108.234    15.495     0.060        14
   108.694    15.576     0.060        14
   109.315    15.681     0.060        14
   109.479    15.713     0.060        14
   109.952    15.777     0.060        14
   110.579    15.869     0.060        14
   111.042    15.934     0.060        14
   111.665    16.030     0.060        14
   112.289    16.123     0.060        14
   112.749    16.191     0.060        14
   113.351    16.292     0.060        14
   113.996    16.392     0.060        14
   114.470    16.477     0.060        14
   114.957    16.562     0.060        14
   115.602    16.667     0.060        14
   116.244    16.771     0.060        14
   116.875    16.868     0.060        14
   117.346    16.965     0.060        14
   118.131    17.082     0.060        14
   118.765    17.186     0.060        14
   119.406    17.279     0.060        14
   119.890    17.359     0.060        14
   120.212    17.408     0.060        14
   120.535    17.460     0.060        14
   121.183    17.561     0.060        14
    40.305     7.242     0.060        24
    41.447     7.621     0.060        24
    41.598     7.682     0.060        24
    41.921     7.796     0.060        24
    42.243     7.879     0.060        24
    42.418     7.926     0.060        24
    42.569     7.955     0.060        24
    42.730     8.003     0.060        24
    42.881     8.024     0.060        24
    43.029     8.084     0.060        24
    43.650     8.244     0.060        24
    44.126     8.367     0.060        24
    44.449     8.460     0.060        24
    44.761     8.528     0.060        24
    45.065     8.608     0.060        24
    45.226     8.650     0.060        24
    45.541     8.710     0.060        24
    46.018     8.822     0.060        24
    46.333     8.915     0.060        24
    46.648     8.984     0.060        24
    46.798     9.028     0.060        24
    46.963     9.090     0.060        24
    47.278     9.156     0.060        24
    47.751     9.277     0.060        24
    47.902     9.312     0.060        24
    48.217     9.405     0.060        24
    48.683     9.562     0.060        24
    48.998     9.653     0.060        24
    49.320     9.746     0.060        24
    49.471     9.783     0.060        24
    49.632     9.843     0.060        24
    49.944     9.931     0.060        24
    50.098     9.990     0.060        24
    50.413    10.075     0.060        24
    50.574    10.123     0.060        24
    50.739    10.183     0.060        24
    51.518    10.411     0.060        24
    51.983    10.520     0.060        24
    52.292    10.646     0.060        24
    52.604    10.719     0.060        24
    52.906    10.808     0.060        24
    53.670    11.080     0.060        24
    54.125    11.210     0.060        24
    54.429    11.279     0.060        24
    54.733    11.368     0.060        24
    55.035    11.453     0.060        24
    55.339    11.532     0.060        24
    55.805    11.651     0.060        24
    55.955    11.704     0.060        24
    56.421    11.827     0.060        24
    56.722    11.890     0.060        24
    57.031    11.966     0.060        24
    57.343    12.055     0.060        24
    57.957    12.243     0.060        24
    59.177    12.554     0.060        24
    59.643    12.670     0.060        24
    59.944    12.760     0.060        24
    60.256    12.875     0.060        24
    60.866    13.016     0.060        24
    61.171    13.106     0.060        24
    61.772    13.291     0.060        24
    62.076    13.354     0.060        24
    62.227    13.401     0.060        24
    62.531    13.480     0.060        24
    62.839    13.551     0.060        24
    62.989    13.594     0.060        24
    63.440    13.723     0.060        24
    63.733    13.808     0.060        24
    64.181    13.978     0.060        24
    65.089    14.204     0.060        24
    66.167    14.539     0.060        24
    73.299    16.654     0.060        24
    73.450    16.648     0.060        24
    73.614    16.707     0.060        24
    73.768    16.761     0.060        24
    73.929    16.801     0.060        24
    74.091    16.850     0.060        24
    74.241    16.896     0.060        24
    74.392    16.938     0.060        24
    74.543    16.958     0.060        24
    74.693    17.001     0.060        24
    74.991    17.063     0.060        24
    75.142    17.115     0.060        24
    75.293    17.152     0.060        24
    75.440    17.220     0.060        24
    75.602    17.244     0.060        24
    75.752    17.275     0.060        24
    75.906    17.318     0.060        24
    76.057    17.340     0.060        24
    76.221    17.412     0.060        24
    76.372    17.465     0.060        24
    76.525    17.495     0.060        24
    76.676    17.516     0.060        24
    76.830    17.553     0.060        24
    76.991    17.615     0.060        24
    77.142    17.665     0.060        24
    77.295    17.696     0.060        24
    77.457    17.736     0.060        24
    77.607    17.760     0.060        24
    77.761    17.795     0.060        24
    77.912    17.839     0.060        24
    78.073    17.859     0.060        24
    78.224    17.898     0.060        24
    78.374    17.933     0.060        24
    78.535    17.969     0.060        24
    78.697    17.997     0.060        24
    78.847    18.041     0.060        24
    79.009    18.078     0.060        24
    79.156    18.111     0.060        24
    79.318    18.163     0.060        24
    79.468    18.198     0.060        24
    79.619    18.233     0.060        24
    79.770    18.272     0.060        24
    79.931    18.308     0.060        24
    80.082    18.351     0.060        24
    80.232    18.394     0.060        24
    80.394    18.446     0.060        24
    80.541    18.484     0.060        24
    80.702    18.520     0.060        24
    80.853    18.572     0.060        24
    81.014    18.612     0.060        24
    81.316    18.672     0.060        24
    81.477    18.725     0.060        24
    81.628    18.767     0.060        24
    81.789    18.834     0.060        24
    81.940    18.871     0.060        24
    82.101    18.915     0.060        24
    82.259    18.978     0.060        24
    82.410    19.021     0.060        24
    82.561    19.064     0.060        24
    82.722    19.073     0.060        24
    82.883    19.134     0.060        24
    83.045    19.203     0.060        24
    83.195    19.239     0.060        24
    83.353    19.259     0.060        24
    83.507    19.319     0.060        24
    83.983    19.453     0.060        24
    84.285    19.489     0.060        24
    84.610    19.578     0.060        24
    85.073    19.684     0.060        24
    85.237    19.763     0.060        24
    85.713    19.892     0.060        24
    86.025    19.962     0.060        24
    86.176    20.022     0.060        24
    90.724    21.283     0.060        24
    91.028    21.338     0.060        24
    91.354    21.448     0.060        24
    91.973    21.627     0.060        24
    92.450    21.766     0.060        24
    92.915    21.911     0.060        24
    93.399    22.050     0.060        24
    93.714    22.150     0.060        24
    94.352    22.289     0.060        24
    94.664    22.369     0.060        24
    95.301    22.528     0.060        24
    95.777    22.637     0.060        24
    96.251    22.773     0.060        24
    96.566    22.832     0.060        24
    96.880    22.892     0.060        24
    97.354    23.002     0.060        24
    97.827    23.101     0.060        24
   102.763    24.351     0.060        24
   103.218    24.466     0.060        24
   103.372    24.506     0.060        24
   103.837    24.611     0.060        24
   104.152    24.711     0.060        24
   104.467    24.781     0.060        24
   104.793    24.860     0.060        24
   105.423    25.019     0.060        24
   105.727    25.089     0.060        24
   106.042    25.165     0.060        24
   106.679    25.284     0.060        24
   107.295    25.438     0.060        24
   107.922    25.579     0.060        24
   108.694    25.761     0.060        24
   109.167    25.887     0.060        24
   109.791    26.037     0.060        24
   110.418    26.204     0.060        24
   110.880    26.318     0.060        24
   111.192    26.408     0.060        24
   111.816    26.540     0.060        24
   112.289    26.675     0.060        24
   117.187    27.996     0.060        24
   117.808    28.141     0.060        24
   118.443    28.310     0.060        24
   119.241    28.529     0.060        24
   119.567    28.609     0.060        24
   119.890    28.708     0.060        24
   120.535    28.828     0.060        24
   120.857    28.957     0.060        24
   121.344    29.061     0.060        24
   122.146    29.250     0.060        24
   122.633    29.349     0.060        24
   123.270    29.489     0.060        24
   123.421    29.505     0.060        24
   124.367    29.714     0.060        24
   124.836    29.902     0.060        24
   125.312    30.038     0.060        24
   125.473    30.069     0.060        24
   125.635    30.080     0.060        24
   125.785    30.127     0.060        24
   125.947    30.156     0.060        24
   126.097    30.203     0.060        24
   126.248    30.251     0.060        24
   126.409    30.264     0.060        24
   126.560    30.299     0.060        24
   126.721    30.339     0.060        24
   126.872    30.379     0.060        24
   127.030    30.435     0.060        24
   127.181    30.439     0.060        24
   127.342    30.477     0.060        24
   127.492    30.519     0.060        24
   127.654    30.559     0.060        24
   127.804    30.594     0.060        24
   127.969    30.622     0.060        24
   128.119    30.673     0.060        24
   128.281    30.702     0.060        24
   128.445    30.731     0.060        24
   128.606    30.787     0.060        24
   128.770    30.829     0.060        24
   128.921    30.876     0.060        24
   129.085    30.895     0.060        24
   129.250    30.942     0.060        24
   129.411    30.975     0.060        24
   129.575    31.017     0.060        24
   129.736    31.037     0.060        24
   129.887    31.101     0.060        24
   130.051    31.133     0.060        24
   130.213    31.177     0.060        24
   130.377    31.205     0.060        24
   130.527    31.261     0.060        24
   130.692    31.308     0.060        24
   130.854    31.345     0.060        24
   131.018    31.366     0.060        24
   131.168    31.425     0.060        24
   131.330    31.472     0.060        24
   131.491    31.510     0.060        24
   131.655    31.562     0.060        24
   131.806    31.599     0.060        24
   131.970    31.623     0.060        24
   140.614    33.854     0.060        24
   141.090    33.980     0.060        24
   141.739    34.116     0.060        24
   142.225    34.255     0.060        24
   142.540    34.337     0.060        24
   143.016    34.446     0.060        24
   143.665    34.582     0.060        24
   105.108    26.410     0.060        28
   106.203    26.630     0.060        28
   107.295    26.882     0.060        28
   108.084    27.050     0.060        28
   109.006    27.275     0.060        28
   109.952    27.514     0.060        28
   111.042    27.748     0.060        28
   111.353    27.828     0.060        28
   112.749    28.131     0.060        28
   113.351    28.276     0.060        28
   114.308    28.517     0.060        28
   115.279    28.756     0.060        28
   116.086    28.895     0.060        28
   116.556    29.066     0.060        28
   117.346    29.243     0.060        28
   118.292    29.447     0.060        28
   119.406    29.698     0.060        28
   120.212    29.837     0.060        28
   122.146    30.282     0.060        28
   123.109    30.522     0.060        28
   123.894    30.712     0.060        28
   124.206    30.794     0.060        28
   125.473    31.081     0.060        28
   126.409    31.280     0.060        28
   127.181    31.457     0.060        28
   128.119    31.656     0.060        28
   128.606    31.774     0.060        28
   129.887    32.094     0.060        28
   131.330    32.425     0.060        28
   132.131    32.638     0.060        28
   133.262    32.909     0.060        28
   134.077    33.116     0.060        28
   135.204    33.361     0.060        28
     0.000     0.000     0.000        -1
