   369.535    -1.000     0.000         0
   366.540     2.800     0.060         1
   366.701     2.708     0.060         1
   366.865     2.635     0.060         1
   367.016     2.573     0.060         1
   367.177     2.512     0.060         1
   367.341     2.455     0.060         1
   367.491     2.404     0.060         1
   367.655     2.358     0.060         1
   367.816     2.310     0.060         1
   367.967     2.268     0.060         1
   368.131     2.227     0.060         1
   368.292     2.190     0.060         1
   368.445     2.157     0.060         1
   368.607     2.128     0.060         1
   368.760     2.104     0.060         1
   368.921     2.084     0.060         1
   369.071     2.071     0.060         1
   369.234     2.076     0.060         1
   369.383     2.062     0.060         1
   369.494     2.064     0.060         1
   367.967     2.966     0.060         2
   368.131     2.942     0.060         2
   368.292     2.906     0.060         2
   368.445     2.874     0.060         2
   368.607     2.850     0.060         2
   368.760     2.834     0.060         2
   368.921     2.814     0.060         2
   369.071     2.802     0.060         2
   369.234     2.782     0.060         2
   369.383     2.774     0.060         2
   369.494     2.778     0.060         2
   366.386     3.484     0.060         3
   366.540     3.465     0.060         3
   366.701     3.438     0.060         3
   366.865     3.403     0.060         3
   367.016     3.376     0.060         3
   367.177     3.329     0.060         3
   367.341     3.304     0.060         3
   367.491     3.275     0.060         3
   367.655     3.245     0.060         3
   367.816     3.220     0.060         3
   367.967     3.200     0.060         3
   368.131     3.177     0.060         3
   368.292     3.178     0.060         3
   368.445     3.172     0.060         3
   368.607     3.164     0.060         3
   368.760     3.146     0.060         3
   368.921     3.138     0.060         3
   369.071     3.132     0.060         3
   369.234     3.126     0.060         3
   369.383     3.126     0.060         3
   369.494     3.128     0.060         3
   309.697    12.021     0.060         5
   310.159    11.953     0.060         5
   310.482    11.913     0.060         5
   310.944    11.861     0.060         5
   311.105    11.828     0.060         5
   311.417    11.776     0.060         5
   311.882    11.716     0.060         5
   312.043    11.692     0.060         5
   312.666    11.612     0.060         5
   312.978    11.563     0.060         5
   313.132    11.552     0.060         5
   313.293    11.528     0.060         5
   313.755    11.472     0.060         5
   314.381    11.387     0.060         5
   314.844    11.331     0.060         5
   315.316    11.271     0.060         5
   315.779    11.215     0.060         5
   316.241    11.160     0.060         5
   316.878    11.084     0.060         5
   317.351    11.011     0.060         5
   317.834    10.956     0.060         5
   318.159    10.924     0.060         5
   318.482    10.877     0.060         5
   318.632    10.865     0.060         5
   319.116    10.798     0.060         5
   319.427    10.779     0.060         5
   319.908    10.720     0.060         5
   320.219    10.684     0.060         5
   320.835    10.604     0.060         5
   321.139    10.585     0.060         5
   321.451    10.554     0.060         5
   322.056    10.470     0.060         5
   322.206    10.463     0.060         5
   322.521    10.423     0.060         5
   323.150    10.328     0.060         5
   323.755    10.269     0.060         5
   324.360    10.198     0.060         5
   324.825    10.134     0.060         5
   325.126    10.099     0.060         5
   325.449    10.055     0.060         5
   326.072     9.963     0.060         5
   326.384     9.928     0.060         5
   326.853     9.864     0.060         5
   327.165     9.821     0.060         5
   327.477     9.781     0.060         5
   328.108     9.689     0.060         5
   328.424     9.654     0.060         5
   329.049     9.579     0.060         5
   329.357     9.547     0.060         5
   329.970     9.464     0.060         5
   330.284     9.428     0.060         5
   330.750     9.361     0.060         5
   331.054     9.317     0.060         5
   331.371     9.277     0.060         5
   331.675     9.250     0.060         5
   331.993     9.206     0.060         5
   332.297     9.179     0.060         5
   332.604     9.164     0.060         5
   332.768     9.148     0.060         5
   332.922     9.133     0.060         5
   333.369     9.074     0.060         5
   333.676     9.039     0.060         5
   333.826     9.029     0.060         5
   334.133     8.996     0.060         5
   334.284     8.982     0.060         5
   334.591     8.944     0.060         5
   334.741     8.931     0.060         5
   335.059     8.883     0.060         5
   335.223     8.867     0.060         5
   335.373     8.852     0.060         5
   335.688     8.810     0.060         5
   336.003     8.770     0.060         5
   336.328     8.729     0.060         5
   336.645     8.687     0.060         5
   336.971     8.645     0.060         5
   337.288     8.589     0.060         5
   337.606     8.539     0.060         5
   338.095     8.451     0.060         5
   338.246     8.427     0.060         5
   338.407     8.399     0.060         5
   338.558     8.375     0.060         5
   338.719     8.347     0.060         5
   338.880     8.314     0.060         5
   339.041     8.289     0.060         5
   339.202     8.260     0.060         5
   339.353     8.227     0.060         5
   339.514     8.199     0.060         5
   339.675     8.163     0.060         5
   339.833     8.136     0.060         5
   339.984     8.108     0.060         5
   340.145     8.086     0.060         5
   340.306     8.059     0.060         5
   340.453     8.029     0.060         5
   340.614     7.994     0.060         5
   340.773     7.964     0.060         5
   340.934     7.937     0.060         5
   341.092     7.902     0.060         5
   341.253     7.876     0.060         5
   341.404     7.844     0.060         5
   341.568     7.812     0.060         5
   341.718     7.788     0.060         5
   341.882     7.768     0.060         5
   342.046     7.744     0.060         5
   342.197     7.716     0.060         5
   342.361     7.684     0.060         5
   342.522     7.664     0.060         5
   342.686     7.632     0.060         5
   342.840     7.612     0.060         5
   343.001     7.583     0.060         5
   343.165     7.566     0.060         5
   343.329     7.537     0.060         5
   343.490     7.505     0.060         5
   343.655     7.476     0.060         5
   343.819     7.452     0.060         5
   343.980     7.419     0.060         5
   344.133     7.405     0.060         5
   344.294     7.384     0.060         5
   344.459     7.360     0.060         5
   344.612     7.339     0.060         5
   344.773     7.314     0.060         5
   344.927     7.293     0.060         5
   345.091     7.265     0.060         5
   345.252     7.243     0.060         5
   345.402     7.225     0.060         5
   345.564     7.195     0.060         5
   345.728     7.173     0.060         5
   345.878     7.151     0.060         5
   346.039     7.127     0.060         5
   346.203     7.103     0.060         5
   346.354     7.086     0.060         5
   346.515     7.057     0.060         5
   346.679     7.031     0.060         5
   346.840     7.012     0.060         5
   346.991     6.992     0.060         5
   347.155     6.968     0.060         5
   347.308     6.943     0.060         5
   347.470     6.922     0.060         5
   347.623     6.898     0.060         5
   347.787     6.870     0.060         5
   347.938     6.843     0.060         5
   348.091     6.820     0.060         5
   348.255     6.799     0.060         5
   348.409     6.774     0.060         5
   348.573     6.753     0.060         5
   348.726     6.727     0.060         5
   348.890     6.700     0.060         5
   349.044     6.674     0.060         5
   349.208     6.647     0.060         5
   349.358     6.629     0.060         5
   349.520     6.601     0.060         5
   349.681     6.571     0.060         5
   349.842     6.506     0.060         5
   350.003     6.456     0.060         5
   350.164     6.413     0.060         5
   350.322     6.392     0.060         5
   350.484     6.364     0.060         5
   350.645     6.336     0.060         5
   350.792     6.304     0.060         5
   350.953     6.270     0.060         5
   351.114     6.233     0.060         5
   351.273     6.195     0.060         5
   351.434     6.157     0.060         5
   351.584     6.119     0.060         5
   351.745     6.093     0.060         5
   351.906     6.081     0.060         5
   352.068     6.055     0.060         5
   352.229     6.029     0.060         5
   352.393     5.983     0.060         5
   352.554     5.929     0.060         5
   352.704     5.873     0.060         5
   352.866     5.842     0.060         5
   353.016     5.812     0.060         5
   353.177     5.782     0.060         5
   353.331     5.744     0.060         5
   353.492     5.703     0.060         5
   353.642     5.667     0.060         5
   353.806     5.626     0.060         5
   353.957     5.594     0.060         5
   354.110     5.554     0.060         5
   354.272     5.509     0.060         5
   354.425     5.474     0.060         5
   354.586     5.428     0.060         5
   354.740     5.399     0.060         5
   354.901     5.373     0.060         5
   355.054     5.341     0.060         5
   355.215     5.308     0.060         5
   355.369     5.276     0.060         5
   355.530     5.248     0.060         5
   355.683     5.224     0.060         5
   355.834     5.196     0.060         5
   355.998     5.168     0.060         5
   356.149     5.148     0.060         5
   356.313     5.124     0.060         5
   356.463     5.096     0.060         5
   356.624     5.076     0.060         5
   356.788     5.057     0.060         5
   356.939     5.042     0.060         5
   357.103     5.020     0.060         5
   357.264     5.005     0.060         5
   357.418     4.985     0.060         5
   357.579     4.970     0.060         5
   357.743     4.950     0.060         5
   357.896     4.934     0.060         5
   358.057     4.929     0.060         5
   358.211     4.920     0.060         5
   358.375     4.900     0.060         5
   358.536     4.880     0.060         5
   358.700     4.867     0.060         5
   358.861     4.857     0.060         5
   359.015     4.839     0.060         5
   359.179     4.830     0.060         5
   359.340     4.820     0.060         5
   359.504     4.815     0.060         5
   359.665     4.810     0.060         5
   359.819     4.792     0.060         5
   359.980     4.781     0.060         5
   360.130     4.773     0.060         5
   360.294     4.774     0.060         5
   360.445     4.760     0.060         5
   360.609     4.751     0.060         5
   360.770     4.739     0.060         5
   231.283    25.132     0.060         8
   232.267    24.996     0.060         8
   233.125    24.868     0.060         8
   233.972    24.740     0.060         8
   234.668    24.648     0.060         8
   235.529    24.508     0.060         8
   235.949    24.453     0.060         8
   236.672    24.333     0.060         8
   237.390    24.213     0.060         8
   238.272    24.065     0.060         8
   239.343    23.889     0.060         8
   240.593    23.681     0.060         8
   241.668    23.525     0.060         8
   242.843    23.353     0.060         8
   243.716    23.221     0.060         8
   244.460    23.097     0.060         8
   245.537    22.921     0.060         8
   246.269    22.829     0.060         8
   246.734    22.753     0.060         8
   247.366    22.629     0.060         8
   247.670    22.565     0.060         8
   248.146    22.477     0.060         8
   248.609    22.369     0.060         8
   248.920    22.293     0.060         8
   249.396    22.180     0.060         8
   249.859    22.080     0.060         8
   250.470    21.952     0.060         8
   251.256    21.796     0.060         8
   251.727    21.720     0.060         8
   252.363    21.588     0.060         8
   253.326    21.396     0.060         8
   253.795    21.292     0.060         8
   254.415    21.176     0.060         8
   255.036    21.056     0.060         8
   255.347    21.004     0.060         8
   255.971    20.884     0.060         8
   256.584    20.756     0.060         8
   257.207    20.620     0.060         8
   258.006    20.447     0.060         8
   258.965    20.255     0.060         8
   259.753    20.091     0.060         8
   260.390    19.987     0.060         8
   261.178    19.855     0.060         8
   261.651    19.791     0.060         8
   262.137    19.727     0.060         8
   262.624    19.655     0.060         8
   263.110    19.595     0.060         8
   263.583    19.535     0.060         8
   264.561    19.379     0.060         8
   265.053    19.304     0.060         8
   265.551    19.232     0.060         8
   266.043    19.164     0.060         8
   266.537    19.100     0.060         8
   266.862    19.044     0.060         8
   267.510    18.944     0.060         8
   267.832    18.892     0.060         8
   268.319    18.816     0.060         8
   268.801    18.720     0.060         8
   269.429    18.600     0.060         8
   269.596    18.572     0.060         8
   270.074    18.492     0.060         8
   270.394    18.440     0.060         8
   271.519    18.211     0.060         8
   272.488    17.979     0.060         8
   273.616    17.687     0.060         8
   274.422    17.503     0.060         8
   275.073    17.369     0.060         8
   275.412    17.322     0.060         8
   275.573    17.286     0.060         8
   275.737    17.259     0.060         8
   275.901    17.256     0.060         8
   276.062    17.200     0.060         8
   276.227    17.185     0.060         8
   276.399    17.145     0.060         8
   276.557    17.134     0.060         8
   276.729    17.107     0.060         8
   276.887    17.076     0.060         8
   277.048    17.033     0.060         8
   277.206    16.982     0.060         8
   277.367    16.991     0.060         8
   277.529    16.960     0.060         8
   277.679    16.929     0.060         8
   277.840    16.901     0.060         8
   278.001    16.868     0.060         8
   278.163    16.843     0.060         8
   278.324    16.811     0.060         8
   278.488    16.794     0.060         8
   278.649    16.754     0.060         8
   278.810    16.733     0.060         8
   278.975    16.687     0.060         8
   279.125    16.662     0.060         8
   279.286    16.624     0.060         8
   279.612    16.574     0.060         8
   279.773    16.540     0.060         8
   279.934    16.498     0.060         8
   280.098    16.463     0.060         8
   280.262    16.453     0.060         8
   280.413    16.414     0.060         8
   280.577    16.396     0.060         8
   280.738    16.354     0.060         8
   280.892    16.326     0.060         8
   281.217    16.290     0.060         8
   281.381    16.261     0.060         8
   281.857    16.175     0.060         8
   282.021    16.151     0.060         8
   282.172    16.115     0.060         8
   282.333    16.075     0.060         8
   282.497    16.043     0.060         8
   282.648    16.033     0.060         8
   282.812    15.990     0.060         8
   282.973    15.965     0.060         8
   283.127    15.917     0.060         8
   283.288    15.883     0.060         8
   283.452    15.889     0.060         8
   283.603    15.842     0.060         8
   283.764    15.841     0.060         8
   283.928    15.805     0.060         8
   284.089    15.789     0.060         8
   284.240    15.773     0.060         8
   284.404    15.725     0.060         8
   284.565    15.709     0.060         8
   284.729    15.673     0.060         8
   284.890    15.640     0.060         8
   285.044    15.612     0.060         8
   285.205    15.600     0.060         8
   285.369    15.560     0.060         8
   285.530    15.554     0.060         8
   285.684    15.516     0.060         8
   285.848    15.485     0.060         8
   286.012    15.455     0.060         8
   286.173    15.437     0.060         8
   286.327    15.405     0.060         8
   286.488    15.381     0.060         8
   286.652    15.344     0.060         8
   286.814    15.297     0.060         8
   286.978    15.291     0.060         8
   287.139    15.282     0.060         8
   287.303    15.245     0.060         8
   287.464    15.223     0.060         8
   287.625    15.183     0.060         8
   287.790    15.159     0.060         8
   287.940    15.157     0.060         8
   288.101    15.145     0.060         8
   288.262    15.105     0.060         8
   288.421    15.084     0.060         8
   288.582    15.035     0.060         8
   288.743    15.033     0.060         8
   288.904    14.997     0.060         8
   289.065    14.988     0.060         8
   289.227    14.955     0.060         8
   289.388    14.938     0.060         8
   289.557    14.900     0.060         8
   289.718    14.902     0.060         8
   289.879    14.884     0.060         8
   290.040    14.855     0.060         8
   290.201    14.831     0.060         8
   290.366    14.784     0.060         8
   290.527    14.771     0.060         8
   290.688    14.744     0.060         8
   290.849    14.740     0.060         8
   291.021    14.716     0.060         8
   291.182    14.720     0.060         8
   291.343    14.682     0.060         8
   291.504    14.687     0.060         8
   291.669    14.653     0.060         8
   291.830    14.622     0.060         8
   291.994    14.605     0.060         8
   292.144    14.593     0.060         8
   292.470    14.575     0.060         8
   292.785    14.556     0.060         8
   292.949    14.544     0.060         8
   293.253    14.525     0.060         8
   293.567    14.493     0.060         8
   293.882    14.482     0.060         8
   294.183    14.458     0.060         8
   294.498    14.435     0.060         8
   294.813    14.420     0.060         8
   295.114    14.396     0.060         8
   295.579    14.353     0.060         8
   295.883    14.333     0.060         8
   296.194    14.301     0.060         8
   296.663    14.245     0.060         8
   296.964    14.226     0.060         8
   297.582    14.158     0.060         8
   297.889    14.128     0.060         8
   298.193    14.095     0.060         8
   298.500    14.067     0.060         8
   299.114    14.007     0.060         8
   299.575    13.968     0.060         8
   299.874    13.951     0.060         8
   300.332    13.911     0.060         8
   300.783    13.876     0.060         8
   301.232    13.832     0.060         8
   301.543    13.813     0.060         8
   301.863    13.785     0.060         8
   302.172    13.754     0.060         8
   302.333    13.743     0.060         8
   302.494    13.731     0.060         8
   302.655    13.716     0.060         8
   302.816    13.692     0.060         8
   302.967    13.684     0.060         8
   303.128    13.677     0.060         8
   303.286    13.665     0.060         8
   303.437    13.662     0.060         8
   303.598    13.650     0.060         8
   303.748    13.635     0.060         8
   303.910    13.636     0.060         8
   304.060    13.632     0.060         8
   304.221    13.617     0.060         8
   304.372    13.601     0.060         8
   304.533    13.581     0.060         8
   304.683    13.570     0.060         8
   304.845    13.554     0.060         8
   304.998    13.559     0.060         8
   305.159    13.528     0.060         8
   305.320    13.522     0.060         8
   305.471    13.499     0.060         8
   305.632    13.499     0.060         8
   362.044     4.569     0.060        10
   362.208     4.529     0.060        10
   362.358     4.478     0.060        10
   362.520     4.431     0.060        10
   362.681     4.389     0.060        10
   362.842     4.340     0.060        10
   363.006     4.290     0.060        10
   363.167     4.223     0.060        10
   363.339     4.162     0.060        10
   363.500     4.110     0.060        10
   363.664     4.054     0.060        10
   363.825     3.998     0.060        10
   363.987     3.942     0.060        10
   364.148     3.876     0.060        10
   364.309     3.817     0.060        10
   364.470     3.759     0.060        10
   364.631     3.694     0.060        10
   364.795     3.628     0.060        10
   364.946     3.557     0.060        10
   365.110     3.493     0.060        10
   365.271     3.426     0.060        10
   365.424     3.365     0.060        10
   365.585     3.313     0.060        10
   365.750     3.254     0.060        10
   365.911     3.179     0.060        10
   366.064     3.103     0.060        10
   366.225     3.036     0.060        10
   366.386     3.002     0.060        10
   252.198    22.965     0.060        12
   254.877    22.514     0.060        12
   256.734    22.151     0.060        12
   258.640    21.752     0.060        12
   260.068    21.474     0.060        12
   261.014    21.308     0.060        12
   263.272    20.877     0.060        12
   274.586    18.790     0.060        12
   276.399    18.533     0.060        12
   278.324    18.195     0.060        12
   279.612    17.933     0.060        12
   280.892    17.675     0.060        12
   282.497    17.377     0.060        12
   285.044    16.995     0.060        12
   286.173    16.835     0.060        12
   123.895    39.030     0.060        13
   125.474    38.790     0.060        13
   126.098    38.738     0.060        13
   127.493    38.566     0.060        13
   128.921    38.388     0.060        13
   129.737    38.319     0.060        13
   131.018    38.150     0.060        13
   131.655    38.108     0.060        13
   132.296    38.048     0.060        13
   133.751    37.881     0.060        13
   134.889    37.743     0.060        13
   136.157    37.581     0.060        13
   137.263    37.472     0.060        13
   138.215    37.365     0.060        13
   140.292    37.098     0.060        13
   141.738    36.938     0.060        13
   143.339    36.718     0.060        13
   144.309    36.605     0.060        13
   145.595    36.434     0.060        13
   147.042    36.237     0.060        13
   147.841    36.097     0.060        13
   230.159    24.608     0.060        13
   231.700    24.402     0.060        13
   232.845    24.243     0.060        13
   234.112    24.068     0.060        13
   235.529    23.832     0.060        13
   236.382    23.688     0.060        13
   237.390    23.536     0.060        13
   238.724    23.329     0.060        13
   239.657    23.226     0.060        13
   241.353    23.024     0.060        13
   242.994    22.835     0.060        13
   244.313    22.648     0.060        13
   245.537    22.444     0.060        13
   247.052    22.188     0.060        13
   248.146    21.958     0.060        13
   249.235    21.778     0.060        13
   250.470    21.537     0.060        13
   266.537    18.894     0.060        13
   267.671    18.719     0.060        13
   268.954    18.523     0.060        13
   270.074    18.335     0.060        13
   270.712    18.215     0.060        13
   271.837    17.961     0.060        13
   272.971    17.674     0.060        13
   275.237    17.195     0.060        13
   369.535     1.000     0.000         0
   369.714     2.088     0.060         1
   369.863     2.097     0.060         1
   370.023     2.109     0.060         1
   370.187     2.129     0.060         1
   370.338     2.153     0.060         1
   370.499     2.181     0.060         1
   370.659     2.218     0.060         1
   370.810     2.258     0.060         1
   370.971     2.300     0.060         1
   371.121     2.340     0.060         1
   371.282     2.390     0.060         1
   371.444     2.444     0.060         1
   371.594     2.500     0.060         1
   371.755     2.551     0.060         1
   371.906     2.613     0.060         1
   372.067     2.721     0.060         1
   372.217     2.796     0.060         1
   372.378     2.862     0.060         1
   372.529     2.928     0.060         1
   372.690     3.027     0.060         1
   369.714     2.784     0.060         2
   369.863     2.789     0.060         2
   370.023     2.818     0.060         2
   370.187     2.835     0.060         2
   370.338     2.857     0.060         2
   370.499     2.893     0.060         2
   370.659     2.925     0.060         2
   369.714     3.130     0.060         3
   369.863     3.132     0.060         3
   370.023     3.131     0.060         3
   370.187     3.135     0.060         3
   370.338     3.144     0.060         3
   370.499     3.156     0.060         3
   370.659     3.169     0.060         3
   370.810     3.184     0.060         3
   370.971     3.195     0.060         3
   371.121     3.177     0.060         3
   371.282     3.198     0.060         3
   371.444     3.227     0.060         3
   381.226     5.006     0.060         5
   381.388     5.012     0.060         5
   381.702     4.998     0.060         5
   381.866     5.008     0.060         5
   382.020     5.004     0.060         5
   382.181     5.011     0.060         5
   382.342     5.015     0.060         5
   382.495     5.018     0.060         5
   382.656     5.027     0.060         5
   382.971     5.043     0.060         5
   383.124     5.057     0.060         5
   383.286     5.059     0.060         5
   383.590     5.078     0.060         5
   383.904     5.103     0.060         5
   384.065     5.115     0.060         5
   384.219     5.115     0.060         5
   384.369     5.127     0.060         5
   384.533     5.137     0.060         5
   384.684     5.152     0.060         5
   384.848     5.159     0.060         5
   385.001     5.180     0.060         5
   385.316     5.230     0.060         5
   385.466     5.242     0.060         5
   385.627     5.266     0.060         5
   385.781     5.300     0.060         5
   385.942     5.328     0.060         5
   386.095     5.358     0.060         5
   386.246     5.394     0.060         5
   386.396     5.422     0.060         5
   386.557     5.443     0.060         5
   386.711     5.480     0.060         5
   387.012     5.537     0.060         5
   387.162     5.576     0.060         5
   387.326     5.619     0.060         5
   387.477     5.653     0.060         5
   387.781     5.731     0.060         5
   387.942     5.775     0.060         5
   388.095     5.816     0.060         5
   388.396     5.884     0.060         5
   388.557     5.942     0.060         5
   388.872     6.006     0.060         5
   389.022     6.051     0.060         5
   389.345     6.114     0.060         5
   389.659     6.162     0.060         5
   389.820     6.183     0.060         5
   390.135     6.242     0.060         5
   390.296     6.270     0.060         5
   390.607     6.328     0.060         5
   390.922     6.386     0.060         5
   391.234     6.455     0.060         5
   391.384     6.486     0.060         5
   391.699     6.565     0.060         5
   392.010     6.635     0.060         5
   392.332     6.712     0.060         5
   392.496     6.774     0.060         5
   392.808     6.855     0.060         5
   393.130     6.943     0.060         5
   393.291     6.996     0.060         5
   393.778     7.088     0.060         5
   394.261     7.193     0.060         5
   373.173     3.194     0.060        10
   373.337     3.227     0.060        10
   373.488     3.273     0.060        10
   373.652     3.304     0.060        10
   373.813     3.340     0.060        10
   373.977     3.377     0.060        10
   374.138     3.405     0.060        10
   374.289     3.438     0.060        10
   374.453     3.469     0.060        10
   374.614     3.515     0.060        10
   374.778     3.554     0.060        10
   374.942     3.595     0.060        10
   375.103     3.634     0.060        10
   375.267     3.702     0.060        10
   375.418     3.760     0.060        10
   375.582     3.808     0.060        10
   375.743     3.873     0.060        10
   375.907     3.933     0.060        10
   376.068     3.988     0.060        10
   376.219     4.041     0.060        10
   376.383     4.087     0.060        10
   376.544     4.137     0.060        10
   376.705     4.174     0.060        10
   376.869     4.212     0.060        10
   377.030     4.251     0.060        10
   377.192     4.297     0.060        10
   377.356     4.330     0.060        10
   377.517     4.375     0.060        10
   377.678     4.417     0.060        10
   377.842     4.464     0.060        10
   378.003     4.512     0.060        10
   378.167     4.557     0.060        10
   378.328     4.597     0.060        10
   378.500     4.623     0.060        10
   378.664     4.656     0.060        10
   378.825     4.690     0.060        10
   378.986     4.719     0.060        10
   379.140     4.746     0.060        10
   379.301     4.778     0.060        10
   380.909     5.864     0.060        14
   381.866     5.918     0.060        14
   382.656     5.948     0.060        14
   383.590     6.002     0.060        14
   384.369     6.065     0.060        14
   385.466     6.217     0.060        14
   386.557     6.403     0.060        14
   387.630     6.580     0.060        14
     0.000     0.000     0.000        -1
