    72.860    -1.000     0.000         0
    68.311     3.472     0.060         1
    68.461     3.372     0.060         1
    68.620     3.292     0.060         1
    68.770     3.198     0.060         1
    68.921     3.113     0.060         1
    69.082     3.008     0.060         1
    69.233     2.927     0.060         1
    69.394     2.847     0.060         1
    69.545     2.768     0.060         1
    69.699     2.689     0.060         1
    69.860     2.610     0.060         1
    70.008     2.537     0.060         1
    70.172     2.469     0.060         1
    70.323     2.404     0.060         1
    70.484     2.348     0.060         1
    70.638     2.287     0.060         1
    70.799     2.231     0.060         1
    70.949     2.182     0.060         1
    71.111     2.134     0.060         1
    71.261     2.093     0.060         1
    71.423     2.053     0.060         1
    71.573     2.015     0.060         1
    71.731     1.984     0.060         1
    71.892     1.957     0.060         1
    72.043     1.929     0.060         1
    72.207     1.909     0.060         1
    72.358     1.893     0.060         1
    72.512     1.886     0.060         1
    72.672     1.891     0.060         1
    72.823     1.858     0.060         1
    70.323     2.829     0.060         2
    70.484     2.782     0.060         2
    70.638     2.736     0.060         2
    70.799     2.693     0.060         2
    70.949     2.650     0.060         2
    71.111     2.610     0.060         2
    71.261     2.574     0.060         2
    71.423     2.542     0.060         2
    71.573     2.511     0.060         2
    71.731     2.483     0.060         2
    71.892     2.460     0.060         2
    72.043     2.440     0.060         2
    72.207     2.432     0.060         2
    72.358     2.416     0.060         2
    72.512     2.412     0.060         2
    72.672     2.404     0.060         2
    72.823     2.398     0.060         2
     3.097    14.205     0.060         5
     3.233    14.193     0.060         5
     3.394    14.169     0.060         5
     3.559    14.147     0.060         5
     3.720    14.141     0.060         5
     3.882    14.110     0.060         5
     4.057    14.091     0.060         5
     4.218    14.069     0.060         5
     4.379    14.048     0.060         5
     4.544    14.012     0.060         5
     4.705    13.999     0.060         5
     4.880    13.978     0.060         5
     5.041    13.956     0.060         5
     5.206    13.945     0.060         5
     5.370    13.933     0.060         5
     5.542    13.895     0.060         5
     5.707    13.886     0.060         5
     5.868    13.856     0.060         5
     6.029    13.837     0.060         5
     6.191    13.821     0.060         5
     6.341    13.805     0.060         5
     6.506    13.785     0.060         5
     6.664    13.765     0.060         5
     6.825    13.728     0.060         5
     6.987    13.708     0.060         5
     7.148    13.680     0.060         5
     7.309    13.651     0.060         5
     7.468    13.623     0.060         5
     7.629    13.603     0.060         5
     7.791    13.579     0.060         5
     7.952    13.554     0.060         5
     8.116    13.528     0.060         5
     8.278    13.503     0.060         5
     8.442    13.496     0.060         5
     8.603    13.449     0.060         5
     8.778    13.435     0.060         5
     8.940    13.407     0.060         5
     9.104    13.375     0.060         5
     9.268    13.362     0.060         5
     9.430    13.318     0.060         5
     9.591    13.291     0.060         5
     9.752    13.263     0.060         5
     9.914    13.235     0.060         5
    10.075    13.205     0.060         5
    10.237    13.190     0.060         5
    10.387    13.163     0.060         5
    10.549    13.151     0.060         5
    10.716    13.124     0.060         5
    10.880    13.106     0.060         5
    11.045    13.080     0.060         5
    11.209    13.047     0.060         5
    11.381    13.026     0.060         5
    11.545    13.008     0.060         5
    11.707    12.972     0.060         5
    11.882    12.957     0.060         5
    12.043    12.937     0.060         5
    12.207    12.916     0.060         5
    12.380    12.878     0.060         5
    12.544    12.861     0.060         5
    12.705    12.837     0.060         5
    12.867    12.813     0.060         5
    13.028    12.801     0.060         5
    13.186    12.761     0.060         5
    13.348    12.733     0.060         5
    13.506    12.701     0.060         5
    13.657    12.685     0.060         5
    13.818    12.649     0.060         5
    13.979    12.629     0.060         5
    14.144    12.598     0.060         5
    14.305    12.570     0.060         5
    14.459    12.562     0.060         5
    14.620    12.538     0.060         5
    14.784    12.528     0.060         5
    14.946    12.496     0.060         5
    15.110    12.468     0.060         5
    15.272    12.440     0.060         5
    15.436    12.410     0.060         5
    15.600    12.396     0.060         5
    15.751    12.377     0.060         5
    15.923    12.353     0.060         5
    16.087    12.329     0.060         5
    16.249    12.309     0.060         5
    16.413    12.273     0.060         5
    16.574    12.264     0.060         5
    16.739    12.232     0.060         5
    16.911    12.199     0.060         5
    17.075    12.174     0.060         5
    17.236    12.154     0.060         5
    17.398    12.128     0.060         5
    17.559    12.103     0.060         5
    17.710    12.082     0.060         5
    17.871    12.062     0.060         5
    18.033    12.022     0.060         5
    18.183    12.002     0.060         5
    18.342    11.978     0.060         5
    18.503    11.950     0.060         5
    18.657    11.926     0.060         5
    18.818    11.902     0.060         5
    18.979    11.882     0.060         5
    19.130    11.862     0.060         5
    19.291    11.849     0.060         5
    19.442    11.827     0.060         5
    19.603    11.805     0.060         5
    19.754    11.783     0.060         5
    19.915    11.755     0.060         5
    20.066    11.711     0.060         5
    20.217    11.709     0.060         5
    20.378    11.648     0.060         5
    20.532    11.651     0.060         5
    20.693    11.627     0.060         5
    20.844    11.580     0.060         5
    21.008    11.571     0.060         5
    21.159    11.543     0.060         5
    21.320    11.535     0.060         5
    21.474    11.495     0.060         5
    21.635    11.476     0.060         5
    21.786    11.461     0.060         5
    21.947    11.442     0.060         5
    22.101    11.407     0.060         5
    22.252    11.392     0.060         5
    22.402    11.368     0.060         5
    22.567    11.344     0.060         5
    22.717    11.316     0.060         5
    22.879    11.288     0.060         5
    23.032    11.264     0.060         5
    23.194    11.236     0.060         5
    23.344    11.208     0.060         5
    23.506    11.176     0.060         5
    23.656    11.152     0.060         5
    23.821    11.132     0.060         5
    23.982    11.104     0.060         5
    24.130    11.080     0.060         5
    24.291    11.048     0.060         5
    24.442    11.024     0.060         5
    24.600    10.996     0.060         5
    24.762    10.972     0.060         5
    24.923    10.940     0.060         5
    25.074    10.912     0.060         5
    25.232    10.888     0.060         5
    25.393    10.860     0.060         5
    25.544    10.836     0.060         5
    25.705    10.816     0.060         5
    25.856    10.801     0.060         5
    26.017    10.778     0.060         5
    26.168    10.751     0.060         5
    26.329    10.728     0.060         5
    26.480    10.713     0.060         5
    26.641    10.690     0.060         5
    26.795    10.662     0.060         5
    26.956    10.652     0.060         5
    27.118    10.633     0.060         5
    27.268    10.605     0.060         5
    27.433    10.577     0.060         5
    27.594    10.553     0.060         5
    27.745    10.521     0.060         5
    27.906    10.489     0.060         5
    28.068    10.465     0.060         5
    28.218    10.445     0.060         5
    28.380    10.422     0.060         5
    28.544    10.395     0.060         5
    28.695    10.368     0.060         5
    28.859    10.345     0.060         5
    29.020    10.311     0.060         5
    29.185    10.292     0.060         5
    29.335    10.269     0.060         5
    29.497    10.242     0.060         5
    29.661    10.216     0.060         5
    29.822    10.190     0.060         5
    29.973    10.164     0.060         5
    30.131    10.142     0.060         5
    30.285    10.116     0.060         5
    30.446    10.098     0.060         5
    30.611    10.072     0.060         5
    30.761    10.053     0.060         5
    30.923    10.027     0.060         5
    31.076    10.000     0.060         5
    31.238     9.980     0.060         5
    31.388     9.956     0.060         5
    31.553     9.930     0.060         5
    31.714     9.904     0.060         5
    31.878     9.874     0.060         5
    32.032     9.848     0.060         5
    32.196     9.818     0.060         5
    32.358     9.788     0.060         5
    32.522     9.763     0.060         5
    32.684     9.735     0.060         5
    32.845     9.706     0.060         5
    33.006     9.684     0.060         5
    33.157     9.661     0.060         5
    33.318     9.634     0.060         5
    33.483     9.607     0.060         5
    33.644     9.588     0.060         5
    33.808     9.569     0.060         5
    33.970     9.531     0.060         5
    34.131     9.509     0.060         5
    34.292     9.479     0.060         5
    34.457     9.457     0.060         5
    34.618     9.431     0.060         5
    34.782     9.413     0.060         5
    34.944     9.375     0.060         5
    35.108     9.353     0.060         5
    35.280     9.327     0.060         5
    35.444     9.295     0.060         5
    35.606     9.271     0.060         5
    35.767     9.243     0.060         5
    35.931     9.215     0.060         5
    36.093     9.187     0.060         5
    36.254     9.163     0.060         5
    36.415     9.139     0.060         5
    36.584     9.115     0.060         5
    36.746     9.083     0.060         5
    36.907     9.051     0.060         5
    37.058     9.027     0.060         5
    37.222     9.003     0.060         5
    37.383     8.975     0.060         5
    37.545     8.951     0.060         5
    37.706     8.918     0.060         5
    37.870     8.893     0.060         5
    38.032     8.868     0.060         5
    38.193     8.835     0.060         5
    38.357     8.810     0.060         5
    38.519     8.786     0.060         5
    38.680     8.753     0.060         5
    38.845     8.724     0.060         5
    39.006     8.699     0.060         5
    39.170     8.667     0.060         5
    39.332     8.643     0.060         5
    39.493     8.615     0.060         5
    39.657     8.587     0.060         5
    39.819     8.563     0.060         5
    39.983     8.531     0.060         5
    40.144     8.507     0.060         5
    40.306     8.480     0.060         5
    40.470     8.457     0.060         5
    40.631     8.430     0.060         5
    40.793     8.403     0.060         5
    40.968     8.376     0.060         5
    41.129     8.353     0.060         5
    41.287     8.326     0.060         5
    41.449     8.299     0.060         5
    41.599     8.280     0.060         5
    41.761     8.249     0.060         5
    41.922     8.222     0.060         5
    42.083     8.199     0.060         5
    42.245     8.176     0.060         5
    42.420     8.145     0.060         5
    42.570     8.122     0.060         5
    42.732     8.091     0.060         5
    42.882     8.066     0.060         5
    43.030     8.045     0.060         5
    43.191     8.004     0.060         5
    43.339     7.979     0.060         5
    43.500     7.958     0.060         5
    43.651     7.929     0.060         5
    43.812     7.909     0.060         5
    43.974     7.879     0.060         5
    44.127     7.842     0.060         5
    44.289     7.821     0.060         5
    44.450     7.800     0.060         5
    44.601     7.779     0.060         5
    44.762     7.763     0.060         5
    44.913     7.746     0.060         5
    45.066     7.717     0.060         5
    45.228     7.692     0.060         5
    45.392     7.665     0.060         5
    45.543     7.647     0.060         5
    45.707     7.612     0.060         5
    45.858     7.601     0.060         5
    46.019     7.571     0.060         5
    46.173     7.544     0.060         5
    46.334     7.511     0.060         5
    46.485     7.486     0.060         5
    46.649     7.457     0.060         5
    46.800     7.428     0.060         5
    46.964     7.396     0.060         5
    47.115     7.383     0.060         5
    47.279     7.358     0.060         5
    47.591     7.305     0.060         5
    48.054     7.228     0.060         5
    48.372     7.184     0.060         5
    48.684     7.144     0.060         5
    48.848     7.128     0.060         5
    48.999     7.116     0.060         5
    49.321     7.089     0.060         5
    49.633     7.061     0.060         5
    49.945     7.037     0.060         5
    50.260     7.018     0.060         5
    50.414     7.010     0.060         5
    50.740     6.995     0.060         5
    50.887     6.979     0.060         5
    51.207     6.952     0.060         5
    51.358     6.944     0.060         5
    51.673     6.933     0.060         5
    51.985     6.893     0.060         5
    52.294     6.861     0.060         5
    52.606     6.817     0.060         5
    52.756     6.797     0.060         5
    52.907     6.781     0.060         5
    53.219     6.728     0.060         5
    53.370     6.704     0.060         5
    53.671     6.668     0.060         5
    53.822     6.652     0.060         5
    54.277     6.596     0.060         5
    54.735     6.549     0.060         5
    55.187     6.485     0.060         5
    55.502     6.449     0.060         5
    55.957     6.389     0.060         5
    56.261     6.336     0.060         5
    56.724     6.255     0.060         5
    56.882     6.227     0.060         5
    57.345     6.159     0.060         5
    57.657     6.106     0.060         5
    57.958     6.062     0.060         5
    58.259     6.014     0.060         5
    58.719     5.933     0.060         5
    59.178     5.865     0.060         5
    59.483     5.817     0.060         5
    59.945     5.744     0.060         5
    60.408     5.672     0.060         5
    60.717     5.623     0.060         5
    61.021     5.563     0.060         5
    61.315     5.514     0.060         5
    61.469     5.478     0.060         5
    61.773     5.409     0.060         5
    61.924     5.368     0.060         5
     9.268    13.397     0.060         7
     9.430    13.359     0.060         7
     9.591    13.353     0.060         7
     9.752    13.323     0.060         7
     9.914    13.314     0.060         7
    10.075    13.287     0.060         7
    10.237    13.272     0.060         7
    10.387    13.252     0.060         7
    10.716    13.202     0.060         7
    11.045    13.151     0.060         7
    11.381    13.107     0.060         7
    11.707    13.067     0.060         7
    12.043    13.024     0.060         7
    12.544    12.956     0.060         7
    12.867    12.913     0.060         7
    13.028    12.893     0.060         7
    13.348    12.857     0.060         7
    13.818    12.790     0.060         7
    14.305    12.714     0.060         7
    14.620    12.678     0.060         7
    14.946    12.639     0.060         7
    15.272    12.591     0.060         7
    15.600    12.543     0.060         7
    16.087    12.467     0.060         7
    16.413    12.419     0.060         7
    16.911    12.344     0.060         7
    17.236    12.296     0.060         7
    17.710    12.236     0.060         7
    18.033    12.180     0.060         7
    18.503    12.117     0.060         7
    18.818    12.077     0.060         7
    19.130    12.025     0.060         7
    19.442    11.986     0.060         7
    19.754    11.946     0.060         7
    20.066    11.906     0.060         7
    20.217    11.899     0.060         7
    20.532    11.851     0.060         7
    20.844    11.811     0.060         7
    21.008    11.792     0.060         7
    21.320    11.752     0.060         7
    21.635    11.712     0.060         7
    21.786    11.705     0.060         7
    21.947    11.681     0.060         7
    22.252    11.633     0.060         7
    22.567    11.602     0.060         7
    22.879    11.554     0.060         7
    23.194    11.510     0.060         7
    62.840     5.194     0.060        10
    63.144     5.079     0.060        10
    63.440     4.997     0.060        10
    63.734     4.929     0.060        10
    64.041     4.828     0.060        10
    64.335     4.746     0.060        10
    64.636     4.660     0.060        10
    64.942     4.578     0.060        10
    65.251     4.512     0.060        10
    65.547     4.441     0.060        10
    65.708     4.381     0.060        10
    66.009     4.293     0.060        10
    66.168     4.247     0.060        10
    66.474     4.169     0.060        10
     3.394    15.228     0.060        14
     3.559    15.200     0.060        14
     3.720    15.172     0.060        14
     3.882    15.156     0.060        14
     4.057    15.128     0.060        14
     4.218    15.072     0.060        14
     4.379    15.052     0.060        14
     4.544    15.036     0.060        14
     4.705    15.008     0.060        14
     4.880    14.996     0.060        14
     5.041    14.980     0.060        14
     5.206    14.957     0.060        14
     5.370    14.933     0.060        14
     5.542    14.913     0.060        14
     5.707    14.898     0.060        14
     5.868    14.874     0.060        14
     6.029    14.862     0.060        14
     6.191    14.842     0.060        14
     6.341    14.810     0.060        14
     6.506    14.799     0.060        14
     6.664    14.783     0.060        14
     6.825    14.779     0.060        14
     6.987    14.752     0.060        14
     7.148    14.728     0.060        14
     7.309    14.708     0.060        14
     7.468    14.688     0.060        14
     7.629    14.664     0.060        14
     7.791    14.653     0.060        14
     7.952    14.629     0.060        14
     8.116    14.617     0.060        14
     8.278    14.581     0.060        14
     8.442    14.557     0.060        14
     8.603    14.529     0.060        14
     8.778    14.505     0.060        14
     8.940    14.497     0.060        14
     9.104    14.466     0.060        14
     9.268    14.458     0.060        14
     9.430    14.434     0.060        14
     9.591    14.402     0.060        14
     9.752    14.387     0.060        14
     9.914    14.371     0.060        14
    10.075    14.343     0.060        14
    10.237    14.323     0.060        14
    10.387    14.291     0.060        14
    10.549    14.286     0.060        14
    10.716    14.265     0.060        14
    10.880    14.244     0.060        14
    11.045    14.216     0.060        14
    11.209    14.168     0.060        14
    11.381    14.135     0.060        14
    11.545    14.115     0.060        14
    11.707    14.097     0.060        14
    11.882    14.072     0.060        14
    12.043    14.050     0.060        14
    12.207    14.029     0.060        14
    12.380    14.007     0.060        14
    12.544    13.989     0.060        14
    12.705    13.964     0.060        14
    12.867    13.939     0.060        14
    13.028    13.926     0.060        14
    13.186    13.897     0.060        14
    13.348    13.864     0.060        14
    13.506    13.838     0.060        14
    13.657    13.825     0.060        14
    13.818    13.792     0.060        14
    13.979    13.763     0.060        14
    14.144    13.738     0.060        14
    14.305    13.721     0.060        14
    14.459    13.687     0.060        14
    14.620    13.678     0.060        14
    14.784    13.665     0.060        14
    14.946    13.632     0.060        14
    15.110    13.611     0.060        14
    15.272    13.582     0.060        14
    15.436    13.561     0.060        14
    15.600    13.532     0.060        14
    15.751    13.510     0.060        14
    15.923    13.494     0.060        14
    16.087    13.468     0.060        14
    16.249    13.439     0.060        14
    16.413    13.409     0.060        14
    16.574    13.390     0.060        14
    16.739    13.364     0.060        14
    16.911    13.337     0.060        14
    17.075    13.311     0.060        14
    17.236    13.280     0.060        14
    17.398    13.258     0.060        14
    17.559    13.227     0.060        14
    17.710    13.201     0.060        14
    17.871    13.178     0.060        14
    18.033    13.156     0.060        14
    18.183    13.131     0.060        14
    18.342    13.110     0.060        14
    18.503    13.086     0.060        14
    18.657    13.065     0.060        14
    18.818    13.040     0.060        14
    18.979    13.020     0.060        14
    19.130    12.995     0.060        14
    19.291    12.970     0.060        14
    19.442    12.946     0.060        14
    19.603    12.917     0.060        14
    19.754    12.904     0.060        14
    19.915    12.880     0.060        14
    20.066    12.855     0.060        14
    20.217    12.834     0.060        14
    20.378    12.817     0.060        14
    20.532    12.800     0.060        14
    20.693    12.768     0.060        14
    20.844    12.739     0.060        14
    21.008    12.718     0.060        14
    21.159    12.689     0.060        14
    21.320    12.672     0.060        14
    21.474    12.647     0.060        14
    21.635    12.618     0.060        14
    21.786    12.609     0.060        14
    21.947    12.588     0.060        14
    22.101    12.555     0.060        14
    22.252    12.538     0.060        14
    22.402    12.517     0.060        14
    22.567    12.501     0.060        14
    22.717    12.476     0.060        14
    22.879    12.451     0.060        14
    23.032    12.427     0.060        14
    23.194    12.399     0.060        14
    23.344    12.371     0.060        14
    23.506    12.343     0.060        14
    23.656    12.315     0.060        14
    23.821    12.287     0.060        14
    23.982    12.263     0.060        14
    24.130    12.235     0.060        14
    24.291    12.207     0.060        14
    24.442    12.183     0.060        14
    24.600    12.155     0.060        14
    24.762    12.135     0.060        14
    24.923    12.109     0.060        14
    25.074    12.084     0.060        14
    25.232    12.054     0.060        14
    25.393    12.029     0.060        14
    25.544    12.012     0.060        14
    25.705    11.990     0.060        14
    25.856    11.973     0.060        14
    26.017    11.947     0.060        14
    26.168    11.926     0.060        14
    26.329    11.900     0.060        14
    26.480    11.875     0.060        14
    26.641    11.853     0.060        14
    26.795    11.828     0.060        14
    26.956    11.797     0.060        14
    27.118    11.767     0.060        14
    27.268    11.744     0.060        14
    27.433    11.721     0.060        14
    27.594    11.691     0.060        14
    27.745    11.668     0.060        14
    27.906    11.645     0.060        14
    28.068    11.623     0.060        14
    28.218    11.604     0.060        14
    28.380    11.582     0.060        14
    28.544    11.555     0.060        14
    28.695    11.528     0.060        14
    28.859    11.506     0.060        14
    29.020    11.475     0.060        14
    29.185    11.453     0.060        14
    29.335    11.430     0.060        14
    29.497    11.399     0.060        14
    29.661    11.373     0.060        14
    29.822    11.346     0.060        14
    29.973    11.319     0.060        14
    30.131    11.297     0.060        14
    30.285    11.266     0.060        14
    30.446    11.243     0.060        14
    30.611    11.225     0.060        14
    30.761    11.204     0.060        14
    30.923    11.188     0.060        14
    31.076    11.171     0.060        14
    31.238    11.147     0.060        14
    31.388    11.122     0.060        14
    31.553    11.106     0.060        14
    31.714    11.081     0.060        14
    31.878    11.057     0.060        14
    32.032    11.036     0.060        14
    32.196    11.012     0.060        14
    32.358    10.984     0.060        14
    32.522    10.955     0.060        14
    32.684    10.927     0.060        14
    32.845    10.902     0.060        14
    33.006    10.874     0.060        14
    33.157    10.842     0.060        14
    33.318    10.814     0.060        14
    33.483    10.786     0.060        14
    33.644    10.762     0.060        14
    33.808    10.734     0.060        14
    33.970    10.702     0.060        14
    34.131    10.674     0.060        14
    34.292    10.650     0.060        14
    34.457    10.626     0.060        14
    34.618    10.598     0.060        14
    34.782    10.574     0.060        14
    34.944    10.546     0.060        14
    35.108    10.518     0.060        14
    35.280    10.494     0.060        14
    35.444    10.470     0.060        14
    35.606    10.444     0.060        14
    35.767    10.418     0.060        14
    35.931    10.387     0.060        14
    36.093    10.361     0.060        14
    36.254    10.331     0.060        14
    36.415    10.304     0.060        14
    36.584    10.250     0.060        14
    36.746    10.215     0.060        14
    36.907    10.189     0.060        14
    37.058    10.155     0.060        14
    37.222    10.136     0.060        14
    37.383    10.106     0.060        14
    37.545    10.084     0.060        14
    37.706    10.061     0.060        14
    37.870    10.030     0.060        14
    38.032    10.008     0.060        14
    38.193     9.985     0.060        14
    38.357     9.966     0.060        14
    38.519     9.939     0.060        14
    38.680     9.916     0.060        14
    38.845     9.893     0.060        14
    39.006     9.870     0.060        14
    39.170     9.843     0.060        14
    39.332     9.816     0.060        14
    39.493     9.789     0.060        14
    39.657     9.755     0.060        14
    39.819     9.724     0.060        14
    39.983     9.697     0.060        14
    40.144     9.670     0.060        14
    40.306     9.639     0.060        14
    40.470     9.617     0.060        14
    40.631     9.587     0.060        14
    40.793     9.564     0.060        14
    40.968     9.538     0.060        14
    41.129     9.524     0.060        14
    41.287     9.489     0.060        14
    41.449     9.467     0.060        14
    41.599     9.445     0.060        14
    41.761     9.418     0.060        14
    41.922     9.392     0.060        14
    42.083     9.369     0.060        14
    42.245     9.351     0.060        14
    42.420     9.320     0.060        14
    42.570     9.286     0.060        14
    42.732     9.255     0.060        14
    42.882     9.233     0.060        14
    43.030     9.218     0.060        14
    43.191     9.195     0.060        14
    43.339     9.161     0.060        14
    43.500     9.138     0.060        14
    43.651     9.116     0.060        14
    43.812     9.093     0.060        14
    43.974     9.058     0.060        14
    44.127     9.032     0.060        14
    44.289     9.013     0.060        14
    44.450     8.975     0.060        14
    44.601     8.956     0.060        14
    44.762     8.934     0.060        14
    44.913     8.899     0.060        14
    45.066     8.864     0.060        14
    45.228     8.874     0.060        14
    45.392     8.843     0.060        14
    45.543     8.826     0.060        14
    45.707     8.800     0.060        14
    45.858     8.782     0.060        14
    46.019     8.757     0.060        14
    46.173     8.735     0.060        14
    46.334     8.713     0.060        14
    46.485     8.680     0.060        14
    46.649     8.654     0.060        14
    46.800     8.632     0.060        14
    46.964     8.619     0.060        14
    47.115     8.617     0.060        14
    47.279     8.592     0.060        14
    47.430     8.586     0.060        14
    47.591     8.512     0.060        14
    47.752     8.530     0.060        14
    47.903     8.500     0.060        14
    48.054     8.506     0.060        14
    48.218     8.440     0.060        14
    48.372     8.434     0.060        14
    48.533     8.464     0.060        14
    48.684     8.361     0.060        14
    48.848     8.412     0.060        14
    48.999     8.321     0.060        14
    49.160     8.399     0.060        14
    49.321     8.309     0.060        14
    49.472     8.311     0.060        14
    49.633     8.329     0.060        14
    49.795     8.283     0.060        14
    49.945     8.269     0.060        14
    50.099     8.246     0.060        14
    50.260     8.232     0.060        14
    50.414     8.229     0.060        14
    50.575     8.218     0.060        14
    50.740     8.200     0.060        14
    50.887     8.153     0.060        14
    51.049     8.138     0.060        14
    51.207     8.120     0.060        14
    51.358     8.109     0.060        14
    51.519     8.094     0.060        14
    51.673     8.099     0.060        14
    51.834     8.081     0.060        14
    51.985     8.062     0.060        14
    52.146     8.044     0.060        14
    52.294     8.024     0.060        14
    52.444     8.001     0.060        14
    52.606     7.976     0.060        14
    52.756     7.955     0.060        14
    52.907     7.941     0.060        14
    53.068     7.924     0.060        14
    53.219     7.899     0.060        14
    53.370     7.881     0.060        14
    53.520     7.860     0.060        14
    53.671     7.842     0.060        14
    53.822     7.825     0.060        14
    53.975     7.799     0.060        14
    54.126     7.786     0.060        14
    54.277     7.781     0.060        14
    54.430     7.759     0.060        14
    54.581     7.750     0.060        14
    54.735     7.716     0.060        14
    54.885     7.700     0.060        14
    55.036     7.684     0.060        14
    55.187     7.676     0.060        14
    55.340     7.656     0.060        14
    55.502     7.628     0.060        14
    55.652     7.611     0.060        14
    55.806     7.587     0.060        14
    55.957     7.559     0.060        14
    56.107     7.535     0.060        14
    56.261     7.511     0.060        14
    56.422     7.487     0.060        14
    56.573     7.459     0.060        14
    56.724     7.435     0.060        14
    56.882     7.407     0.060        14
    57.033     7.386     0.060        14
    57.183     7.370     0.060        14
    57.345     7.346     0.060        14
    57.495     7.330     0.060        14
    57.657     7.306     0.060        14
    57.807     7.282     0.060        14
    57.958     7.258     0.060        14
    58.109     7.234     0.060        14
    58.259     7.210     0.060        14
    58.410     7.178     0.060        14
    58.568     7.170     0.060        14
    58.719     7.154     0.060        14
    58.870     7.126     0.060        14
    59.017     7.058     0.060        14
    59.178     7.070     0.060        14
    59.332     7.050     0.060        14
    59.483     7.018     0.060        14
    59.644     6.982     0.060        14
    59.795     6.942     0.060        14
    59.945     6.914     0.060        14
     3.097    23.864     0.060        24
     3.882    23.620     0.060        24
     4.218    23.528     0.060        24
     4.705    23.371     0.060        24
     5.206    23.226     0.060        24
     5.868    23.077     0.060        24
     6.506    22.905     0.060        24
     6.987    22.771     0.060        24
     7.148    22.720     0.060        24
     7.309    22.686     0.060        24
     7.468    22.646     0.060        24
     7.629    22.613     0.060        24
     7.791    22.584     0.060        24
     8.116    22.482     0.060        24
     8.278    22.458     0.060        24
     8.442    22.412     0.060        24
     8.603    22.369     0.060        24
     8.778    22.339     0.060        24
     8.940    22.305     0.060        24
     9.104    22.274     0.060        24
     9.268    22.224     0.060        24
     9.430    22.153     0.060        24
     9.752    22.094     0.060        24
     9.914    22.052     0.060        24
    10.075    22.016     0.060        24
    10.237    21.988     0.060        24
    10.387    21.985     0.060        24
    10.549    21.890     0.060        24
    10.716    21.865     0.060        24
    10.880    21.825     0.060        24
    11.045    21.781     0.060        24
    11.209    21.733     0.060        24
    11.381    21.688     0.060        24
    11.545    21.632     0.060        24
    11.707    21.596     0.060        24
    11.882    21.538     0.060        24
    12.043    21.490     0.060        24
    12.207    21.472     0.060        24
    12.380    21.422     0.060        24
    12.705    21.347     0.060        24
    12.867    21.321     0.060        24
    13.028    21.238     0.060        24
    13.186    21.218     0.060        24
    13.348    21.192     0.060        24
    13.506    21.160     0.060        24
    13.657    21.136     0.060        24
    13.818    21.095     0.060        24
    13.979    21.028     0.060        24
    14.144    21.000     0.060        24
    14.305    20.970     0.060        24
    14.459    20.915     0.060        24
    14.620    20.878     0.060        24
    14.784    20.842     0.060        24
    14.946    20.816     0.060        24
    15.110    20.771     0.060        24
    15.272    20.690     0.060        24
    15.436    20.654     0.060        24
    15.600    20.618     0.060        24
    15.751    20.570     0.060        24
    15.923    20.529     0.060        24
    16.087    20.501     0.060        24
    16.249    20.452     0.060        24
    16.413    20.411     0.060        24
    16.574    20.379     0.060        24
    16.739    20.383     0.060        24
    16.911    20.281     0.060        24
    17.075    20.254     0.060        24
    17.236    20.230     0.060        24
    17.398    20.169     0.060        24
    17.559    20.116     0.060        24
    17.710    20.088     0.060        24
    17.871    20.043     0.060        24
    18.033    19.994     0.060        24
    18.183    19.980     0.060        24
    18.342    19.905     0.060        24
    18.503    19.861     0.060        24
    18.657    19.821     0.060        24
    18.818    19.768     0.060        24
    18.979    19.739     0.060        24
    19.130    19.683     0.060        24
    19.291    19.646     0.060        24
    19.442    19.616     0.060        24
    19.603    19.573     0.060        24
    19.754    19.527     0.060        24
    19.915    19.500     0.060        24
    20.066    19.469     0.060        24
    20.217    19.411     0.060        24
    20.378    19.364     0.060        24
    20.532    19.332     0.060        24
    20.693    19.282     0.060        24
    20.844    19.242     0.060        24
    21.008    19.218     0.060        24
    21.159    19.178     0.060        24
    21.320    19.141     0.060        24
    21.474    19.105     0.060        24
    21.635    19.060     0.060        24
    21.786    19.012     0.060        24
    21.947    18.975     0.060        24
    22.101    18.931     0.060        24
    22.252    18.895     0.060        24
    22.402    18.851     0.060        24
    22.567    18.806     0.060        24
    22.717    18.766     0.060        24
    22.879    18.720     0.060        24
    23.032    18.676     0.060        24
    23.194    18.639     0.060        24
    23.344    18.592     0.060        24
    23.506    18.531     0.060        24
    23.656    18.502     0.060        24
    23.821    18.461     0.060        24
    23.982    18.420     0.060        24
    24.130    18.365     0.060        24
    24.291    18.328     0.060        24
    24.442    18.288     0.060        24
    24.600    18.255     0.060        24
    24.762    18.214     0.060        24
    24.923    18.161     0.060        24
    25.074    18.121     0.060        24
    25.232    18.086     0.060        24
    25.393    18.051     0.060        24
    25.544    18.017     0.060        24
    25.705    17.981     0.060        24
    25.856    17.935     0.060        24
    26.017    17.899     0.060        24
    26.168    17.863     0.060        24
    26.329    17.810     0.060        24
    26.480    17.774     0.060        24
    26.641    17.726     0.060        24
    26.795    17.684     0.060        24
    26.956    17.640     0.060        24
    27.118    17.605     0.060        24
    27.268    17.550     0.060        24
    27.433    17.498     0.060        24
    27.594    17.437     0.060        24
    27.745    17.398     0.060        24
    27.906    17.354     0.060        24
    28.068    17.346     0.060        24
    28.218    17.303     0.060        24
    28.380    17.251     0.060        24
    28.544    17.214     0.060        24
    28.695    17.171     0.060        24
    28.859    17.110     0.060        24
    29.020    17.073     0.060        24
    29.185    17.024     0.060        24
    29.335    16.983     0.060        24
    29.497    16.942     0.060        24
    29.661    16.913     0.060        24
    29.822    16.868     0.060        24
    29.973    16.820     0.060        24
    30.131    16.799     0.060        24
    30.285    16.758     0.060        24
    30.446    16.737     0.060        24
    30.611    16.691     0.060        24
    30.761    16.647     0.060        24
    30.923    16.589     0.060        24
    31.076    16.549     0.060        24
    31.238    16.500     0.060        24
    31.388    16.468     0.060        24
    31.553    16.399     0.060        24
    31.714    16.370     0.060        24
    31.878    16.341     0.060        24
    32.032    16.277     0.060        24
    32.196    16.212     0.060        24
    32.358    16.176     0.060        24
    32.522    16.140     0.060        24
    32.684    16.111     0.060        24
    32.845    16.065     0.060        24
    33.006    16.018     0.060        24
    33.157    15.965     0.060        24
    33.318    15.939     0.060        24
    33.483    15.908     0.060        24
    33.644    15.850     0.060        24
    33.808    15.795     0.060        24
    33.970    15.748     0.060        24
    34.131    15.706     0.060        24
    34.292    15.676     0.060        24
    34.457    15.572     0.060        24
    34.618    15.532     0.060        24
    34.782    15.524     0.060        24
    34.944    15.469     0.060        24
    35.108    15.431     0.060        24
    35.444    15.326     0.060        24
    35.606    15.326     0.060        24
    35.767    15.294     0.060        24
    35.931    15.253     0.060        24
    36.093    15.156     0.060        24
    36.254    15.144     0.060        24
    36.415    15.055     0.060        24
    36.584    15.026     0.060        24
    36.746    14.989     0.060        24
    36.907    14.945     0.060        24
    37.058    14.908     0.060        24
    37.222    14.857     0.060        24
    37.383    14.808     0.060        24
    37.545    14.768     0.060        24
    37.706    14.730     0.060        24
    37.870    14.687     0.060        24
    38.032    14.630     0.060        24
    38.193    14.593     0.060        24
    38.357    14.545     0.060        24
    38.519    14.508     0.060        24
    38.680    14.452     0.060        24
    38.845    14.399     0.060        24
    39.006    14.358     0.060        24
    39.170    14.361     0.060        24
    39.332    14.249     0.060        24
    39.493    14.209     0.060        24
    39.657    14.188     0.060        24
    39.819    14.160     0.060        24
    39.983    14.104     0.060        24
    40.144    14.053     0.060        24
    40.306    14.027     0.060        24
    40.470    13.990     0.060        24
    40.631    13.954     0.060        24
    40.793    13.917     0.060        24
    40.968    13.871     0.060        24
    41.129    13.835     0.060        24
    41.287    13.787     0.060        24
    41.449    13.747     0.060        24
    41.599    13.659     0.060        24
    41.761    13.627     0.060        24
    41.922    13.611     0.060        24
    42.083    13.518     0.060        24
    42.245    13.501     0.060        24
    42.420    13.448     0.060        24
    42.570    13.416     0.060        24
    42.732    13.326     0.060        24
    42.882    13.306     0.060        24
    43.030    13.253     0.060        24
    43.191    13.204     0.060        24
    43.339    13.157     0.060        24
    43.500    13.099     0.060        24
    43.651    13.055     0.060        24
    43.812    13.018     0.060        24
    43.974    12.940     0.060        24
    44.127    12.896     0.060        24
    44.289    12.860     0.060        24
    44.450    12.825     0.060        24
    44.601    12.791     0.060        24
    44.762    12.724     0.060        24
    44.913    12.682     0.060        24
    45.066    12.640     0.060        24
    45.228    12.600     0.060        24
    45.392    12.545     0.060        24
    45.543    12.499     0.060        24
    45.707    12.445     0.060        24
    45.858    12.411     0.060        24
    46.019    12.388     0.060        24
    46.173    12.362     0.060        24
    46.334    12.332     0.060        24
    46.485    12.310     0.060        24
    46.649    12.276     0.060        24
    46.800    12.184     0.060        24
    46.964    12.126     0.060        24
    47.115    12.090     0.060        24
    47.279    12.044     0.060        24
    47.430    12.014     0.060        24
    47.591    12.000     0.060        24
    47.752    11.926     0.060        24
    47.903    11.909     0.060        24
    72.860     1.000     0.000         0
    72.989     1.864     0.060         1
    73.139     1.874     0.060         1
    73.300     1.896     0.060         1
    73.451     1.930     0.060         1
    73.615     1.961     0.060         1
    73.768     2.000     0.060         1
    73.930     2.043     0.060         1
    74.091     2.090     0.060         1
    74.242     2.131     0.060         1
    74.392     2.180     0.060         1
    74.543     2.233     0.060         1
    74.694     2.286     0.060         1
    74.844     2.347     0.060         1
    74.992     2.411     0.060         1
    75.143     2.480     0.060         1
    75.293     2.549     0.060         1
    75.441     2.625     0.060         1
    75.602     2.695     0.060         1
    75.753     2.782     0.060         1
    75.907     2.794     0.060         1
    76.057     2.858     0.060         1
    76.222     2.968     0.060         1
    76.372     3.042     0.060         1
    76.526     3.114     0.060         1
    72.989     2.407     0.060         2
    73.139     2.413     0.060         2
    73.300     2.422     0.060         2
    73.451     2.433     0.060         2
    73.615     2.453     0.060         2
    73.768     2.477     0.060         2
    73.930     2.508     0.060         2
    74.091     2.538     0.060         2
    74.242     2.570     0.060         2
    74.392     2.611     0.060         2
    74.543     2.655     0.060         2
    74.694     2.681     0.060         2
    74.844     2.730     0.060         2
    74.992     2.780     0.060         2
    85.238     5.895     0.060         5
    85.550     5.939     0.060         5
    85.865     5.983     0.060         5
    86.177     6.044     0.060         5
    86.341     6.080     0.060         5
    86.656     6.128     0.060         5
    86.807     6.173     0.060         5
    87.132     6.230     0.060         5
    87.283     6.258     0.060         5
    87.444     6.290     0.060         5
    87.756     6.334     0.060         5
    87.920     6.375     0.060         5
    88.071     6.399     0.060         5
    88.386     6.452     0.060         5
    88.698     6.512     0.060         5
    89.013     6.569     0.060         5
    89.317     6.625     0.060         5
    89.632     6.690     0.060         5
    89.944     6.747     0.060         5
    90.259     6.799     0.060         5
    90.563     6.847     0.060         5
    90.878     6.891     0.060         5
    91.029     6.911     0.060         5
    91.355     6.951     0.060         5
    91.508     6.980     0.060         5
    91.820     7.016     0.060         5
    92.135     7.047     0.060         5
    92.450     7.075     0.060         5
    92.765     7.115     0.060         5
    93.077     7.147     0.060         5
    93.238     7.167     0.060         5
    93.550     7.203     0.060         5
    93.714     7.219     0.060         5
    93.876     7.239     0.060         5
    94.188     7.275     0.060         5
    94.513     7.319     0.060         5
    94.825     7.363     0.060         5
    95.140     7.407     0.060         5
    95.452     7.451     0.060         5
    95.616     7.479     0.060         5
    95.778     7.495     0.060         5
    95.939     7.528     0.060         5
    96.251     7.583     0.060         5
    96.415     7.603     0.060         5
    96.566     7.625     0.060         5
    96.727     7.638     0.060         5
    96.881     7.647     0.060         5
    97.042     7.647     0.060         5
    97.515     7.699     0.060         5
    97.827     7.710     0.060         5
    98.147     7.742     0.060         5
    98.298     7.741     0.060         5
    98.459     7.745     0.060         5
    98.768     7.768     0.060         5
    99.069     7.792     0.060         5
    99.228     7.795     0.060         5
    99.539     7.823     0.060         5
    99.841     7.855     0.060         5
   100.002     7.862     0.060         5
   100.314     7.886     0.060         5
   100.615     7.901     0.060         5
   100.777     7.901     0.060         5
   101.081     7.936     0.060         5
   101.231     7.952     0.060         5
   101.536     7.980     0.060         5
   101.843     8.023     0.060         5
   101.994     8.041     0.060         5
   102.147     8.072     0.060         5
   102.298     8.072     0.060         5
   102.462     8.099     0.060         5
   102.613     8.121     0.060         5
   102.763     8.116     0.060         5
   102.917     8.146     0.060         5
   103.068     8.164     0.060         5
   103.218     8.199     0.060         5
   103.372     8.217     0.060         5
   103.523     8.235     0.060         5
   103.684     8.245     0.060         5
   103.838     8.265     0.060         5
   103.988     8.301     0.060         5
   104.153     8.309     0.060         5
   104.314     8.337     0.060         5
   104.467     8.363     0.060         5
   104.629     8.372     0.060         5
   104.793     8.406     0.060         5
   104.947     8.416     0.060         5
   105.108     8.436     0.060         5
   105.259     8.468     0.060         5
   105.423     8.504     0.060         5
   105.574     8.524     0.060         5
   105.727     8.544     0.060         5
   105.892     8.573     0.060         5
   106.042     8.594     0.060         5
   106.203     8.616     0.060         5
   106.368     8.644     0.060         5
   106.518     8.664     0.060         5
   106.680     8.696     0.060         5
   106.830     8.720     0.060         5
   106.992     8.752     0.060         5
   107.145     8.772     0.060         5
   107.296     8.800     0.060         5
   107.457     8.832     0.060         5
   107.608     8.852     0.060         5
   107.769     8.880     0.060         5
   107.923     8.904     0.060         5
   108.084     8.906     0.060         5
   108.235     8.950     0.060         5
   108.396     8.989     0.060         5
   108.544     8.996     0.060         5
   108.694     9.028     0.060         5
   108.856     9.056     0.060         5
   109.006     9.084     0.060         5
   109.167     9.112     0.060         5
   109.315     9.136     0.060         5
   109.479     9.160     0.060         5
   109.641     9.181     0.060         5
   109.791     9.199     0.060         5
   109.953     9.220     0.060         5
   110.103     9.249     0.060         5
   110.265     9.270     0.060         5
   110.418     9.291     0.060         5
   110.579     9.326     0.060         5
   110.730     9.348     0.060         5
   110.881     9.375     0.060         5
   111.042     9.397     0.060         5
   111.193     9.411     0.060         5
   111.354     9.437     0.060         5
   111.505     9.461     0.060         5
   111.666     9.485     0.060         5
   111.816     9.505     0.060         5
   111.978     9.528     0.060         5
   112.128     9.548     0.060         5
   112.290     9.557     0.060         5
   112.440     9.571     0.060         5
   112.588     9.601     0.060         5
   112.749     9.619     0.060         5
   112.900     9.653     0.060         5
   113.051     9.673     0.060         5
   113.201     9.705     0.060         5
   113.352     9.729     0.060         5
   113.510     9.757     0.060         5
   113.671     9.793     0.060         5
   113.833     9.821     0.060         5
   113.997     9.865     0.060         5
   114.148     9.882     0.060         5
   114.309     9.918     0.060         5
   114.470     9.945     0.060         5
   114.634     9.980     0.060         5
   114.796    10.000     0.060         5
   114.957    10.036     0.060         5
   115.118    10.060     0.060         5
   115.280    10.084     0.060         5
   115.441    10.112     0.060         5
   115.602    10.136     0.060         5
   115.764    10.168     0.060         5
   115.925    10.188     0.060         5
   116.086    10.216     0.060         5
   116.244    10.236     0.060         5
   116.395    10.258     0.060         5
   116.556    10.276     0.060         5
   116.715    10.306     0.060         5
   116.876    10.332     0.060         5
   117.027    10.347     0.060         5
   117.188    10.375     0.060         5
   117.346    10.395     0.060         5
   117.497    10.427     0.060         5
   117.658    10.455     0.060         5
   117.809    10.479     0.060         5
   117.970    10.507     0.060         5
   118.131    10.539     0.060         5
   118.293    10.559     0.060         5
   118.443    10.583     0.060         5
   118.605    10.615     0.060         5
   118.766    10.639     0.060         5
   118.930    10.668     0.060         5
   119.081    10.693     0.060         5
   119.242    10.710     0.060         5
   119.406    10.731     0.060         5
   119.568    10.759     0.060         5
   119.729    10.791     0.060         5
   119.890    10.815     0.060         5
   120.052    10.843     0.060         5
   120.213    10.859     0.060         5
   120.374    10.895     0.060         5
   120.535    10.915     0.060         5
   120.697    10.947     0.060         5
   120.858    10.975     0.060         5
   121.022    11.009     0.060         5
   121.184    11.026     0.060         5
   121.345    11.048     0.060         5
   121.509    11.070     0.060         5
   121.670    11.100     0.060         5
   121.832    11.128     0.060         5
   121.985    11.172     0.060         5
   122.147    11.191     0.060         5
   122.311    11.239     0.060         5
   122.472    11.243     0.060         5
   122.634    11.294     0.060         5
   122.798    11.318     0.060         5
   122.959    11.354     0.060         5
   123.110    11.386     0.060         5
   123.271    11.414     0.060         5
   123.422    11.430     0.060         5
   123.583    11.462     0.060         5
   123.734    11.488     0.060         5
   123.895    11.526     0.060         5
   124.045    11.548     0.060         5
   124.207    11.572     0.060         5
   124.368    11.600     0.060         5
   124.522    11.632     0.060         5
   124.686    11.652     0.060         5
   124.837    11.676     0.060         5
   124.998    11.704     0.060         5
   125.162    11.730     0.060         5
   125.313    11.748     0.060         5
   125.474    11.766     0.060         5
   125.635    11.780     0.060         5
   125.786    11.799     0.060         5
   125.947    11.825     0.060         5
   126.098    11.839     0.060         5
   126.248    11.870     0.060         5
   126.410    11.886     0.060         5
   126.560    11.879     0.060         5
   126.722    11.923     0.060         5
   126.872    11.951     0.060         5
   127.031    11.977     0.060         5
   127.181    11.983     0.060         5
   127.343    12.010     0.060         5
   127.493    12.029     0.060         5
   127.654    12.049     0.060         5
   127.805    12.081     0.060         5
   127.969    12.096     0.060         5
   128.120    12.130     0.060         5
   128.281    12.143     0.060         5
   128.446    12.162     0.060         5
   128.607    12.186     0.060         5
   128.771    12.217     0.060         5
   128.922    12.233     0.060         5
   129.086    12.255     0.060         5
   129.250    12.284     0.060         5
   129.412    12.302     0.060         5
   129.576    12.324     0.060         5
   129.737    12.352     0.060         5
   129.888    12.396     0.060         5
   130.052    12.404     0.060         5
   130.213    12.444     0.060         5
   130.378    12.460     0.060         5
   130.528    12.467     0.060         5
   130.692    12.478     0.060         5
   130.854    12.519     0.060         5
   131.018    12.547     0.060         5
   131.169    12.571     0.060         5
   131.330    12.583     0.060         5
   131.491    12.627     0.060         5
   131.655    12.655     0.060         5
   131.806    12.684     0.060         5
   131.970    12.701     0.060         5
   132.132    12.704     0.060         5
   132.296    12.742     0.060         5
   132.457    12.764     0.060         5
   132.621    12.769     0.060         5
   132.783    12.809     0.060         5
   132.947    12.841     0.060         5
   133.101    12.853     0.060         5
   133.262    12.889     0.060         5
   133.426    12.917     0.060         5
   133.587    12.931     0.060         5
   133.752    12.973     0.060         5
   133.913    12.991     0.060         5
   134.077    12.992     0.060         5
   134.239    13.037     0.060         5
   134.400    13.045     0.060         5
   134.564    13.087     0.060         5
   134.725    13.121     0.060         5
   134.890    13.153     0.060         5
   135.043    13.173     0.060         5
   135.205    13.176     0.060         5
   135.366    13.231     0.060         5
   135.530    13.275     0.060         5
   135.681    13.287     0.060         5
   135.842    13.306     0.060         5
   135.996    13.345     0.060         5
   136.157    13.372     0.060         5
   136.308    13.402     0.060         5
   136.472    13.426     0.060         5
   136.633    13.454     0.060         5
   136.787    13.492     0.060         5
   136.948    13.506     0.060         5
   137.099    13.540     0.060         5
   137.263    13.548     0.060         5
   137.424    13.572     0.060         5
   137.575    13.616     0.060         5
   137.739    13.661     0.060         5
   137.900    13.684     0.060         5
   138.051    13.708     0.060         5
   138.215    13.736     0.060         5
   138.366    13.771     0.060         5
   138.527    13.793     0.060         5
   138.688    13.838     0.060         5
   138.853    13.866     0.060         5
   139.003    13.879     0.060         5
   139.168    13.913     0.060         5
   139.329    13.935     0.060         5
   139.490    13.965     0.060         5
   139.654    13.970     0.060         5
   139.805    13.982     0.060         5
   139.966    14.022     0.060         5
   140.128    14.064     0.060         5
   140.292    14.078     0.060         5
   140.453    14.096     0.060         5
   140.614    14.125     0.060         5
   140.776    14.146     0.060         5
   140.929    14.165     0.060         5
   141.091    14.193     0.060         5
   141.252    14.221     0.060         5
   141.416    14.260     0.060         5
   141.577    14.261     0.060         5
   141.739    14.266     0.060         5
   141.900    14.307     0.060         5
   142.064    14.330     0.060         5
   142.225    14.352     0.060         5
   142.379    14.385     0.060         5
   142.540    14.398     0.060         5
   142.702    14.412     0.060         5
   142.866    14.446     0.060         5
   143.017    14.445     0.060         5
   143.178    14.475     0.060         5
   143.339    14.506     0.060         5
   143.503    14.530     0.060         5
   143.665    14.546     0.060         5
   143.826    14.586     0.060         5
   143.987    14.614     0.060         5
   144.148    14.648     0.060         5
   144.310    14.654     0.060         5
   144.474    14.676     0.060         5
   144.625    14.697     0.060         5
   144.786    14.711     0.060         5
   144.947    14.744     0.060         5
   145.111    14.763     0.060         5
   145.273    14.780     0.060         5
   145.434    14.800     0.060         5
   145.595    14.824     0.060         5
   145.757    14.820     0.060         5
   145.918    14.853     0.060         5
   146.082    14.856     0.060         5
   146.243    14.912     0.060         5
   146.405    14.956     0.060         5
   146.566    14.989     0.060         5
   146.717    15.002     0.060         5
   222.068    26.365     0.060         5
   222.345    26.470     0.060         5
   222.775    26.583     0.060         5
   224.227    27.031     0.060         5
   225.239    27.267     0.060         5
   226.124    27.495     0.060         5
   226.855    27.649     0.060         5
   227.587    27.807     0.060         5
   228.168    27.914     0.060         5
   228.888    28.045     0.060         5
   229.883    28.236     0.060         5
   230.856    28.396     0.060         5
   231.561    28.516     0.060         5
   232.408    28.656     0.060         5
   233.972    28.893     0.060         5
   234.949    29.023     0.060         5
   235.809    29.145     0.060         5
   236.383    29.203     0.060         5
   237.391    29.329     0.060         5
   238.122    29.438     0.060         5
   238.886    29.532     0.060         5
   239.819    29.633     0.060         5
   240.744    29.716     0.060         5
   241.206    29.756     0.060         5
   241.669    29.791     0.060         5
   241.970    29.819     0.060         5
   242.704    29.903     0.060         5
   243.419    29.995     0.060         5
   244.313    30.107     0.060         5
   245.079    30.157     0.060         5
   245.976    30.290     0.060         5
   247.521    30.522     0.060         5
   248.771    30.664     0.060         5
   250.013    30.844     0.060         5
   251.410    31.009     0.060         5
   252.681    31.136     0.060         5
   253.481    31.215     0.060         5
   254.728    31.347     0.060         5
   255.811    31.423     0.060         5
   256.896    31.480     0.060         5
   257.681    31.489     0.060         5
   258.641    31.535     0.060         5
   259.754    31.643     0.060         5
   261.178    31.766     0.060         5
   262.460    31.877     0.060         5
   264.081    32.032     0.060         5
   265.222    32.148     0.060         5
   267.024    32.344     0.060         5
   268.159    32.456     0.060         5
   269.429    32.583     0.060         5
   270.559    32.666     0.060         5
   271.998    32.812     0.060         5
   272.810    32.815     0.060         5
   123.734    13.146     0.060         8
   124.207    13.206     0.060         8
   124.522    13.246     0.060         8
   124.998    13.302     0.060         8
   125.786    13.402     0.060         8
   126.248    13.465     0.060         8
   126.410    13.496     0.060         8
   126.722    13.544     0.060         8
   127.031    13.571     0.060         8
   127.493    13.635     0.060         8
   127.805    13.658     0.060         8
   128.120    13.702     0.060         8
   128.281    13.722     0.060         8
   128.607    13.745     0.060         8
   129.086    13.808     0.060         8
   129.250    13.816     0.060         8
   129.888    13.895     0.060         8
   130.213    13.934     0.060         8
   130.528    13.974     0.060         8
   131.018    14.037     0.060         8
   131.330    14.077     0.060         8
   131.655    14.117     0.060         8
   131.806    14.128     0.060         8
   132.296    14.208     0.060         8
   132.621    14.248     0.060         8
   132.783    14.280     0.060         8
   133.913    14.405     0.060         8
   134.725    14.531     0.060         8
   135.366    14.625     0.060         8
   135.996    14.738     0.060         8
   136.472    14.811     0.060         8
   137.099    14.904     0.060         8
   137.739    15.011     0.060         8
   138.215    15.087     0.060         8
   139.003    15.206     0.060         8
   139.654    15.300     0.060         8
   140.292    15.393     0.060         8
   140.776    15.453     0.060         8
   141.416    15.540     0.060         8
   142.064    15.597     0.060         8
   142.866    15.684     0.060         8
   143.503    15.751     0.060         8
   144.148    15.824     0.060         8
   144.625    15.884     0.060         8
   145.273    15.971     0.060         8
   146.082    16.077     0.060         8
   146.405    16.117     0.060         8
   147.042    16.157     0.060         8
   147.354    16.204     0.060         8
   147.841    16.264     0.060         8
   226.565    28.103     0.060         8
   227.436    28.247     0.060         8
   228.318    28.409     0.060         8
   229.028    28.532     0.060         8
   229.883    28.690     0.060         8
   230.300    28.763     0.060         8
   231.561    28.994     0.060         8
   232.846    29.189     0.060         8
   233.265    29.250     0.060         8
   234.529    29.410     0.060         8
   235.670    29.523     0.060         8
   236.813    29.685     0.060         8
   237.832    29.795     0.060         8
   249.397    31.195     0.060         8
   250.164    31.264     0.060         8
   251.728    31.398     0.060         8
   253.327    31.518     0.060         8
   254.878    31.652     0.060         8
   255.811    31.715     0.060         8
   256.735    31.778     0.060         8
   258.006    31.863     0.060         8
   259.278    31.917     0.060         8
   260.702    31.990     0.060         8
   262.625    32.186     0.060         8
   264.081    32.339     0.060         8
   265.053    32.463     0.060         8
   266.377    32.618     0.060         8
   267.347    32.738     0.060         8
   268.638    32.867     0.060         8
   270.238    33.040     0.060         8
   271.041    33.114     0.060         8
   272.163    33.209     0.060         8
   273.939    33.358     0.060         8
    78.375     4.056     0.060        10
    78.848     4.168     0.060        10
    79.157     4.264     0.060        10
    79.469     4.345     0.060        10
    79.770     4.427     0.060        10
    80.233     4.533     0.060        10
    80.542     4.625     0.060        10
    80.854     4.713     0.060        10
    81.166     4.799     0.060        10
    81.478     4.894     0.060        10
    81.790     4.986     0.060        10
    82.102     5.074     0.060        10
    82.411     5.160     0.060        10
    82.723     5.243     0.060        10
    83.045     5.329     0.060        10
    83.354     5.397     0.060        10
    83.508     5.443     0.060        10
    83.820     5.532     0.060        10
    84.135     5.604     0.060        10
    84.450     5.684     0.060        10
    95.140     8.603     0.060        14
    95.302     8.618     0.060        14
    95.616     8.657     0.060        14
    95.778     8.665     0.060        14
    95.939     8.676     0.060        14
    96.090     8.704     0.060        14
    96.251     8.722     0.060        14
    96.415     8.730     0.060        14
    96.566     8.741     0.060        14
    96.727     8.750     0.060        14
    96.881     8.752     0.060        14
    97.042     8.769     0.060        14
    97.204     8.804     0.060        14
    97.354     8.802     0.060        14
    97.515     8.817     0.060        14
    97.677     8.832     0.060        14
    97.827     8.862     0.060        14
    97.989     8.871     0.060        14
    98.147     8.882     0.060        14
    98.298     8.883     0.060        14
    98.459     8.901     0.060        14
    98.607     8.905     0.060        14
    98.768     8.914     0.060        14
    98.919     8.918     0.060        14
    99.069     8.927     0.060        14
    99.228     8.918     0.060        14
    99.378     8.923     0.060        14
    99.539     8.927     0.060        14
    99.690     8.954     0.060        14
    99.841     8.962     0.060        14
   100.002     8.978     0.060        14
   100.153     8.991     0.060        14
   100.314     8.987     0.060        14
   100.465     9.008     0.060        14
   100.615     9.008     0.060        14
   100.777     9.028     0.060        14
   100.927     9.081     0.060        14
   101.081     9.086     0.060        14
   101.385     9.119     0.060        14
   101.689     9.168     0.060        14
   101.843     9.146     0.060        14
   102.147     9.185     0.060        14
   102.298     9.202     0.060        14
   102.613     9.248     0.060        14
   102.917     9.280     0.060        14
   103.218     9.319     0.060        14
   103.372     9.331     0.060        14
   103.684     9.389     0.060        14
   103.838     9.407     0.060        14
   104.153     9.451     0.060        14
   104.467     9.490     0.060        14
   104.629     9.519     0.060        14
   104.947     9.558     0.060        14
   105.259     9.602     0.060        14
   105.423     9.618     0.060        14
   105.727     9.674     0.060        14
   105.892     9.685     0.060        14
   106.203     9.741     0.060        14
   106.518     9.776     0.060        14
   106.680     9.813     0.060        14
   107.145     9.885     0.060        14
   107.608     9.961     0.060        14
   107.923    10.005     0.060        14
   108.084    10.033     0.060        14
   108.396    10.080     0.060        14
   108.694    10.128     0.060        14
   109.006    10.179     0.060        14
   109.167    10.213     0.060        14
   109.479    10.262     0.060        14
   109.641    10.293     0.060        14
   109.791    10.317     0.060        14
   110.103    10.359     0.060        14
   110.265    10.397     0.060        14
   110.418    10.421     0.060        14
   110.579    10.449     0.060        14
   110.881    10.497     0.060        14
   111.042    10.520     0.060        14
   111.354    10.568     0.060        14
   111.666    10.616     0.060        14
   111.816    10.636     0.060        14
   111.978    10.662     0.060        14
   112.290    10.704     0.060        14
   112.588    10.760     0.060        14
   112.749    10.780     0.060        14
   113.051    10.832     0.060        14
   113.352    10.880     0.060        14
   113.510    10.907     0.060        14
   113.671    10.927     0.060        14
   113.833    10.963     0.060        14
   113.997    10.985     0.060        14
   114.148    11.027     0.060        14
   114.309    11.056     0.060        14
   114.470    11.078     0.060        14
   114.634    11.108     0.060        14
   114.796    11.145     0.060        14
   114.957    11.171     0.060        14
   115.118    11.201     0.060        14
   115.280    11.222     0.060        14
   115.441    11.248     0.060        14
   115.602    11.272     0.060        14
   115.764    11.308     0.060        14
   115.925    11.336     0.060        14
   116.086    11.356     0.060        14
   116.244    11.388     0.060        14
   116.395    11.412     0.060        14
   116.556    11.444     0.060        14
   116.715    11.476     0.060        14
   116.876    11.512     0.060        14
   117.027    11.524     0.060        14
   117.188    11.548     0.060        14
   117.346    11.568     0.060        14
   117.497    11.592     0.060        14
   117.658    11.625     0.060        14
   117.809    11.645     0.060        14
   117.970    11.673     0.060        14
   118.131    11.666     0.060        14
   118.293    11.698     0.060        14
   118.443    11.722     0.060        14
   118.605    11.739     0.060        14
   118.766    11.771     0.060        14
   118.930    11.795     0.060        14
   119.081    11.824     0.060        14
   119.242    11.848     0.060        14
   119.406    11.876     0.060        14
   119.568    11.893     0.060        14
   119.729    11.909     0.060        14
   119.890    11.949     0.060        14
   120.052    11.950     0.060        14
   120.374    11.998     0.060        14
   120.535    12.018     0.060        14
   121.022    12.094     0.060        14
   121.345    12.146     0.060        14
   121.670    12.210     0.060        14
   122.147    12.294     0.060        14
   122.311    12.326     0.060        14
   122.634    12.382     0.060        14
   122.959    12.442     0.060        14
   123.271    12.503     0.060        14
   123.583    12.563     0.060        14
   123.895    12.623     0.060        14
   124.207    12.675     0.060        14
   124.522    12.727     0.060        14
   124.837    12.783     0.060        14
   124.998    12.807     0.060        14
   125.313    12.855     0.060        14
   125.635    12.895     0.060        14
   125.786    12.906     0.060        14
   126.098    12.958     0.060        14
   126.560    13.026     0.060        14
   126.722    13.046     0.060        14
   126.872    13.061     0.060        14
   127.181    13.105     0.060        14
   127.493    13.157     0.060        14
   127.654    13.185     0.060        14
   127.969    13.237     0.060        14
   128.120    13.253     0.060        14
   128.446    13.305     0.060        14
   128.607    13.337     0.060        14
   128.771    13.356     0.060        14
   128.922    13.379     0.060        14
   129.086    13.414     0.060        14
   129.250    13.428     0.060        14
   129.412    13.442     0.060        14
   129.576    13.449     0.060        14
   129.737    13.483     0.060        14
   129.888    13.510     0.060        14
   130.052    13.552     0.060        14
   130.213    13.564     0.060        14
   130.528    13.612     0.060        14
   130.692    13.627     0.060        14
   130.854    13.643     0.060        14
   131.169    13.695     0.060        14
   131.491    13.739     0.060        14
   131.655    13.763     0.060        14
   131.970    13.810     0.060        14
   132.457    13.882     0.060        14
   132.621    13.902     0.060        14
   132.947    13.962     0.060        14
   133.262    14.006     0.060        14
   133.587    14.058     0.060        14
   133.913    14.118     0.060        14
   134.239    14.170     0.060        14
   134.564    14.218     0.060        14
   134.725    14.246     0.060        14
   135.205    14.330     0.060        14
   135.366    14.362     0.060        14
   135.681    14.414     0.060        14
   136.157    14.498     0.060        14
   136.633    14.578     0.060        14
   136.948    14.630     0.060        14
   137.263    14.678     0.060        14
   137.424    14.710     0.060        14
   137.739    14.766     0.060        14
   138.051    14.822     0.060        14
   138.366    14.878     0.060        14
   106.680    14.617     0.060        24
   107.296    14.752     0.060        24
   107.923    14.879     0.060        24
   108.396    15.008     0.060        24
   109.006    15.154     0.060        24
   109.479    15.273     0.060        24
   109.953    15.390     0.060        24
   110.418    15.514     0.060        24
   110.881    15.662     0.060        24
   111.354    15.764     0.060        24
   111.666    15.833     0.060        24
   112.128    15.949     0.060        24
   112.900    16.141     0.060        24
   113.510    16.304     0.060        24
   114.309    16.515     0.060        24
   115.602    16.875     0.060        24
   116.244    17.057     0.060        24
   117.346    17.369     0.060        24
   117.809    17.532     0.060        24
   118.293    17.677     0.060        24
   118.930    17.881     0.060        24
   119.406    18.008     0.060        24
   120.213    18.241     0.060        24
   120.697    18.379     0.060        24
   121.670    18.681     0.060        24
   122.311    18.870     0.060        24
   123.110    19.088     0.060        24
   124.522    19.466     0.060        24
   125.635    19.757     0.060        24
   125.786    19.793     0.060        24
   127.181    20.148     0.060        24
   128.607    20.508     0.060        24
   129.412    20.726     0.060        24
   129.888    20.850     0.060        24
   130.213    20.944     0.060        24
   130.692    21.092     0.060        24
   131.330    21.250     0.060        24
   131.970    21.403     0.060        24
   132.296    21.490     0.060        24
   132.621    21.573     0.060        24
   132.947    21.670     0.060        24
   133.262    21.775     0.060        24
   134.725    22.119     0.060        24
   135.043    22.228     0.060        24
   135.530    22.338     0.060        24
   136.157    22.538     0.060        24
   136.948    22.732     0.060        24
   137.739    22.937     0.060        24
   138.366    23.083     0.060        24
   139.168    23.313     0.060        24
   139.805    23.469     0.060        24
   140.453    23.609     0.060        24
   141.416    23.860     0.060        24
   141.577    23.900     0.060        24
   142.225    24.051     0.060        24
   143.178    24.295     0.060        24
   143.665    24.417     0.060        24
     0.000     0.000     0.000        -1
