   234.665    -1.000     0.000         0
   230.160     3.709     0.060         1
   230.300     3.646     0.060         1
   230.440     3.583     0.060         1
   230.577     3.523     0.060         1
   230.716     3.467     0.060         1
   230.856     3.406     0.060         1
   230.993     3.347     0.060         1
   231.133     3.277     0.060         1
   231.284     3.204     0.060         1
   231.424     3.134     0.060         1
   231.560     3.082     0.060         1
   231.700     3.024     0.060         1
   231.851     2.972     0.060         1
   231.988     2.919     0.060         1
   232.128     2.870     0.060         1
   232.268     2.815     0.060         1
   232.408     2.764     0.060         1
   232.558     2.715     0.060         1
   232.698     2.678     0.060         1
   232.845     2.636     0.060         1
   232.985     2.602     0.060         1
   233.125     2.570     0.060         1
   233.265     2.534     0.060         1
   233.416     2.505     0.060         1
   233.553     2.473     0.060         1
   233.692     2.441     0.060         1
   233.832     2.421     0.060         1
   233.972     2.397     0.060         1
   234.112     2.381     0.060         1
   234.252     2.371     0.060         1
   234.389     2.365     0.060         1
   234.528     2.354     0.060         1
   234.653     2.360     0.060         1
   230.160     4.331     0.060         3
   230.300     4.306     0.060         3
   230.440     4.265     0.060         3
   230.577     4.244     0.060         3
   230.716     4.214     0.060         3
   230.856     4.201     0.060         3
   230.993     4.172     0.060         3
   231.133     4.133     0.060         3
   231.284     4.089     0.060         3
   231.424     4.067     0.060         3
   231.560     4.038     0.060         3
   231.700     4.018     0.060         3
   231.851     3.997     0.060         3
   231.988     3.972     0.060         3
   232.128     3.951     0.060         3
   232.268     3.935     0.060         3
   232.408     3.908     0.060         3
   232.558     3.893     0.060         3
   232.698     3.873     0.060         3
   232.845     3.857     0.060         3
   232.985     3.844     0.060         3
   233.125     3.816     0.060         3
   233.265     3.796     0.060         3
   233.416     3.788     0.060         3
   233.553     3.768     0.060         3
   233.692     3.748     0.060         3
   233.832     3.741     0.060         3
   233.972     3.725     0.060         3
   234.112     3.713     0.060         3
   234.252     3.706     0.060         3
   234.389     3.698     0.060         3
   234.528     3.703     0.060         3
   234.653     3.711     0.060         3
    16.573    36.131     0.060         5
    17.558    35.994     0.060         5
    19.441    35.758     0.060         5
    21.634    35.400     0.060         5
    24.290    34.969     0.060         5
    25.231    34.886     0.060         5
    27.593    34.540     0.060         5
    29.334    34.258     0.060         5
    30.922    33.976     0.060         5
    32.521    33.627     0.060         5
    34.130    33.378     0.060         5
    35.605    33.161     0.060         5
    37.382    32.887     0.060         5
    38.679    32.661     0.060         5
    40.469    32.404     0.060         5
    41.598    32.227     0.060         5
    44.288    31.891     0.060         5
    45.857    31.662     0.060         5
    47.429    31.450     0.060         5
    49.471    31.194     0.060         5
    52.145    30.895     0.060         5
    54.429    30.607     0.060         5
    57.182    30.312     0.060         5
    58.567    30.140     0.060         5
    60.867    29.869     0.060         5
    62.076    29.733     0.060         5
    63.887    29.542     0.060         5
    65.858    29.311     0.060         5
    67.693    29.132     0.060         5
    68.619    29.016     0.060         5
    70.798    28.728     0.060         5
    72.673    28.492     0.060         5
    74.543    28.260     0.060         5
    76.991    27.952     0.060         5
    78.224    27.816     0.060         5
    79.931    27.617     0.060         5
    81.015    27.501     0.060         5
    82.884    27.282     0.060         5
    84.449    27.069     0.060         5
    85.714    26.930     0.060         5
    86.968    26.724     0.060         5
    87.756    26.591     0.060         5
    88.537    26.475     0.060         5
    89.163    26.366     0.060         5
    90.259    26.161     0.060         5
    91.193    26.001     0.060         5
    92.450    25.813     0.060         5
    92.915    25.720     0.060         5
    94.188    25.478     0.060         5
    94.825    25.376     0.060         5
    95.301    25.284     0.060         5
    95.778    25.170     0.060         5
    96.566    24.994     0.060         5
    97.354    24.844     0.060         5
    97.989    24.677     0.060         5
    99.069    24.477     0.060         5
    99.690    24.314     0.060         5
   100.615    24.166     0.060         5
   101.385    24.026     0.060         5
   101.994    23.918     0.060         5
   102.462    23.836     0.060         5
   102.917    23.759     0.060         5
   103.372    23.692     0.060         5
   103.988    23.590     0.060         5
   104.629    23.471     0.060         5
   105.258    23.380     0.060         5
   105.891    23.294     0.060         5
   106.679    23.172     0.060         5
   107.608    23.034     0.060         5
   108.694    22.887     0.060         5
   109.640    22.767     0.060         5
   110.418    22.671     0.060         5
   111.354    22.555     0.060         5
   111.816    22.495     0.060         5
   112.900    22.396     0.060         5
   113.201    22.367     0.060         5
   113.510    22.342     0.060         5
   114.309    22.252     0.060         5
   114.957    22.179     0.060         5
   115.441    22.119     0.060         5
   116.086    22.050     0.060         5
   117.188    21.914     0.060         5
   117.970    21.814     0.060         5
   118.930    21.694     0.060         5
   119.729    21.583     0.060         5
   120.374    21.503     0.060         5
   121.345    21.372     0.060         5
   121.985    21.292     0.060         5
   122.472    21.228     0.060         5
   123.271    21.107     0.060         5
   123.733    21.036     0.060         5
   124.207    20.969     0.060         5
   125.162    20.838     0.060         5
   125.947    20.698     0.060         5
   127.030    20.530     0.060         5
   127.654    20.432     0.060         5
   128.445    20.341     0.060         5
   128.922    20.261     0.060         5
   129.737    20.124     0.060         5
   130.692    19.987     0.060         5
   131.330    19.915     0.060         5
   131.806    19.836     0.060         5
   132.621    19.699     0.060         5
   133.426    19.609     0.060         5
   134.400    19.490     0.060         5
   134.564    19.483     0.060         5
   135.205    19.398     0.060         5
   135.842    19.348     0.060         5
   136.472    19.271     0.060         5
   137.099    19.167     0.060         5
   137.901    19.071     0.060         5
   138.527    18.977     0.060         5
   139.329    18.866     0.060         5
   139.967    18.783     0.060         5
   140.615    18.681     0.060         5
   141.416    18.570     0.060         5
   142.866    18.361     0.060         5
   143.665    18.219     0.060         5
   144.149    18.146     0.060         5
   145.112    17.985     0.060         5
   145.434    17.896     0.060         5
   146.405    17.757     0.060         5
   146.566    17.714     0.060         5
   147.516    17.508     0.060         5
   148.153    17.388     0.060         5
   148.955    17.191     0.060         5
   102.147    23.995     0.060         7
   102.917    23.899     0.060         7
   103.988    23.742     0.060         7
   105.423    23.566     0.060         7
   106.042    23.486     0.060         7
   106.679    23.395     0.060         7
   107.296    23.319     0.060         7
   108.543    23.152     0.060         7
   110.264    22.936     0.060         7
   111.354    22.822     0.060         7
   112.440    22.707     0.060         7
   113.510    22.608     0.060         7
   114.634    22.468     0.060         7
   115.925    22.336     0.060         7
   116.876    22.231     0.060         7
   117.809    22.115     0.060         7
   118.443    22.057     0.060         7
   119.406    21.958     0.060         7
   120.213    21.897     0.060         7
   120.374    21.910     0.060         7
   121.183    21.842     0.060         7
   122.472    21.704     0.060         7
   123.895    21.524     0.060         7
   125.947    21.257     0.060         7
   127.181    21.105     0.060         7
   127.969    21.016     0.060         7
   129.411    20.836     0.060         7
   130.052    20.788     0.060         7
   131.168    20.659     0.060         7
   131.655    20.599     0.060         7
   132.783    20.470     0.060         7
   133.752    20.368     0.060         7
   134.238    20.318     0.060         7
   135.205    20.198     0.060         7
   135.996    20.109     0.060         7
   137.425    19.933     0.060         7
   138.216    19.844     0.060         7
   138.853    19.764     0.060         7
   140.615    19.522     0.060         7
    14.458    35.452     0.060        13
    17.074    35.128     0.060        13
    18.978    34.888     0.060        13
    22.566    34.427     0.060        13
    25.392    34.062     0.060        13
    28.067    33.726     0.060        13
    29.496    33.582     0.060        13
    30.760    33.390     0.060        13
    32.844    33.143     0.060        13
    34.291    32.974     0.060        13
    36.092    32.761     0.060        13
    38.357    32.434     0.060        13
    40.469    32.114     0.060        13
    42.569    31.801     0.060        13
    45.227    31.469     0.060        13
    49.159    31.050     0.060        13
    50.739    30.934     0.060        13
     6.190    38.819     0.060        14
     7.790    38.639     0.060        14
     9.429    38.402     0.060        14
    13.347    37.838     0.060        14
    14.619    37.662     0.060        14
    16.910    37.348     0.060        14
    18.032    37.160     0.060        14
    20.377    36.790     0.060        14
    22.566    36.457     0.060        14
    24.761    36.110     0.060        14
    27.432    35.666     0.060        14
    30.610    35.170     0.060        14
    33.005    34.791     0.060        14
    35.443    34.383     0.060        14
    37.705    34.007     0.060        14
    41.598    33.373     0.060        14
    45.391    32.917     0.060        14
    47.429    32.647     0.060        14
    49.320    32.511     0.060        14
    51.206    32.301     0.060        14
    53.067    32.151     0.060        14
    55.501    31.901     0.060        14
    58.409    31.576     0.060        14
    60.716    31.333     0.060        14
    63.143    31.034     0.060        14
    65.707    30.712     0.060        14
    68.460    30.410     0.060        14
    71.110    30.076     0.060        14
    72.511    29.893     0.060        14
    74.992    29.586     0.060        14
    77.296    29.290     0.060        14
    80.703    28.898     0.060        14
    83.820    28.484     0.060        14
    86.026    28.257     0.060        14
    87.595    28.102     0.060        14
    89.013    27.937     0.060        14
    90.410    27.705     0.060        14
    93.714    27.065     0.060        14
    97.203    26.344     0.060        14
    98.768    26.027     0.060        14
   102.147    25.432     0.060        14
   103.988    25.106     0.060        14
   104.629    24.957     0.060        14
   105.573    24.775     0.060        14
   106.518    24.682     0.060        14
   107.769    24.463     0.060        14
   109.167    24.227     0.060        14
   109.952    24.181     0.060        14
   110.880    24.045     0.060        14
   111.816    23.940     0.060        14
   112.749    23.805     0.060        14
   113.997    23.653     0.060        14
   114.957    23.525     0.060        14
   115.602    23.462     0.060        14
   116.876    23.293     0.060        14
   117.658    23.198     0.060        14
   118.443    23.092     0.060        14
   119.081    23.010     0.060        14
   119.890    22.894     0.060        14
   121.022    22.711     0.060        14
   121.832    22.641     0.060        14
   122.959    22.519     0.060        14
   123.110    22.517     0.060        14
   124.368    22.397     0.060        14
   125.474    22.253     0.060        14
   126.248    22.169     0.060        14
   127.030    21.967     0.060        14
   127.805    21.865     0.060        14
   128.771    21.756     0.060        14
   129.250    21.676     0.060        14
   130.377    21.488     0.060        14
   131.330    21.430     0.060        14
   133.101    21.160     0.060        14
   134.238    20.972     0.060        14
   135.366    20.842     0.060        14
   136.948    20.545     0.060        14
   138.216    20.370     0.060        14
   139.329    20.175     0.060        14
   140.453    19.987     0.060        14
   141.900    19.768     0.060        14
   142.866    19.612     0.060        14
   144.474    19.379     0.060        14
   146.082    19.072     0.060        14
   147.204    18.888     0.060        14
   148.643    18.597     0.060        14
   149.267    18.491     0.060        14
   151.005    18.073     0.060        14
   152.093    17.825     0.060        14
   153.633    17.446     0.060        14
   154.695    17.176     0.060        14
   156.232    16.750     0.060        14
   157.298    16.521     0.060        14
   117.809    38.375     0.060        24
   119.568    37.904     0.060        24
   120.858    37.562     0.060        24
   121.985    37.260     0.060        24
   123.895    36.714     0.060        24
   126.248    36.108     0.060        24
   131.491    36.169     0.060        28
   132.783    35.919     0.060        28
   133.913    35.688     0.060        28
   135.205    35.399     0.060        28
   136.787    35.074     0.060        28
   139.004    34.627     0.060        28
   140.615    34.311     0.060        28
   143.504    33.662     0.060        28
   144.474    33.418     0.060        28
   146.244    33.027     0.060        28
   148.955    32.421     0.060        28
   234.665     1.000     0.000         0
   234.808     2.367     0.060         1
   234.948     2.379     0.060         1
   235.098     2.390     0.060         1
   235.238     2.410     0.060         1
   235.378     2.430     0.060         1
   235.529     2.447     0.060         1
   235.669     2.473     0.060         1
   235.808     2.502     0.060         1
   235.948     2.542     0.060         1
   236.099     2.579     0.060         1
   236.239     2.612     0.060         1
   236.382     2.646     0.060         1
   236.522     2.688     0.060         1
   236.672     2.731     0.060         1
   236.812     2.770     0.060         1
   236.963     2.809     0.060         1
   237.099     2.871     0.060         1
   237.250     2.946     0.060         1
   237.390     3.009     0.060         1
   237.540     3.066     0.060         1
   237.691     3.128     0.060         1
   237.831     3.187     0.060         1
   237.981     3.252     0.060         1
   238.121     3.315     0.060         1
   238.272     3.403     0.060         1
   238.422     3.491     0.060         1
   238.573     3.560     0.060         1
   238.724     3.634     0.060         1
   238.885     3.698     0.060         1
   234.808     3.709     0.060         3
   234.948     3.704     0.060         3
   235.098     3.706     0.060         3
   235.238     3.709     0.060         3
   235.378     3.713     0.060         3
   235.529     3.719     0.060         3
   235.669     3.727     0.060         3
   235.808     3.739     0.060         3
   235.948     3.748     0.060         3
   236.099     3.761     0.060         3
   236.239     3.774     0.060         3
   236.382     3.784     0.060         3
   236.522     3.801     0.060         3
   236.672     3.818     0.060         3
   236.812     3.832     0.060         3
   236.963     3.849     0.060         3
   237.099     3.867     0.060         3
   237.250     3.893     0.060         3
   237.390     3.915     0.060         3
   237.540     3.945     0.060         3
   237.691     3.958     0.060         3
   237.831     3.980     0.060         3
   237.981     4.011     0.060         3
   238.121     4.040     0.060         3
   238.272     4.067     0.060         3
   238.422     4.101     0.060         3
   243.131     5.151     0.060         5
   243.418     5.212     0.060         5
   243.569     5.252     0.060         5
   243.856     5.317     0.060         5
   244.312     5.386     0.060         5
   244.460     5.422     0.060         5
   244.621     5.467     0.060         5
   244.930     5.544     0.060         5
   245.239     5.617     0.060         5
   245.537     5.686     0.060         5
   245.825     5.763     0.060         5
   246.129     5.832     0.060         5
   246.430     5.901     0.060         5
   246.734     5.966     0.060         5
   246.887     5.994     0.060         5
   247.202     6.067     0.060         5
   247.520     6.116     0.060         5
   247.670     6.148     0.060         5
   247.985     6.205     0.060         5
   248.297     6.261     0.060         5
   248.770     6.342     0.060         5
   248.920     6.370     0.060         5
   249.396     6.451     0.060         5
   249.708     6.503     0.060         5
   250.012     6.551     0.060         5
   250.316     6.600     0.060         5
   250.631     6.652     0.060         5
   251.102     6.720     0.060         5
   251.573     6.789     0.060         5
   252.198     6.869     0.060         5
   252.680     6.929     0.060         5
   253.173     6.997     0.060         5
   253.634     7.057     0.060         5
   254.096     7.117     0.060         5
   254.415     7.157     0.060         5
   255.036     7.237     0.060         5
   255.498     7.293     0.060         5
   255.810     7.325     0.060         5
   256.272     7.346     0.060         5
   256.433     7.366     0.060         5
   256.584     7.375     0.060         5
   256.734     7.391     0.060         5
   256.895     7.407     0.060         5
   257.046     7.426     0.060         5
   257.207     7.448     0.060         5
   257.368     7.452     0.060         5
   257.519     7.457     0.060         5
   257.680     7.464     0.060         5
   257.841     7.475     0.060         5
   258.005     7.486     0.060         5
   258.167     7.505     0.060         5
   258.328     7.520     0.060         5
   258.478     7.545     0.060         5
   258.640     7.549     0.060         5
   258.801     7.565     0.060         5
   258.965     7.581     0.060         5
   259.115     7.590     0.060         5
   259.277     7.606     0.060         5
   259.438     7.623     0.060         5
   259.591     7.633     0.060         5
   259.753     7.653     0.060         5
   259.914     7.670     0.060         5
   260.067     7.686     0.060         5
   260.229     7.693     0.060         5
   260.390     7.700     0.060         5
   260.551     7.720     0.060         5
   260.702     7.759     0.060         5
   261.177     7.802     0.060         5
   261.650     7.848     0.060         5
   262.137     7.912     0.060         5
   262.624     7.992     0.060         5
   262.946     8.034     0.060         5
   263.433     8.099     0.060         5
   263.583     8.123     0.060         5
   264.242     8.201     0.060         5
   264.561     8.257     0.060         5
   265.052     8.327     0.060         5
   265.382     8.383     0.060         5
   265.881     8.457     0.060         5
   266.204     8.499     0.060         5
   266.698     8.573     0.060         5
   267.024     8.615     0.060         5
   267.346     8.671     0.060         5
   267.671     8.694     0.060         5
   267.994     8.740     0.060         5
   268.319     8.786     0.060         5
   268.637     8.826     0.060         5
   268.954     8.850     0.060         5
   269.596     8.925     0.060         5
   269.916     8.961     0.060         5
   270.237     8.983     0.060         5
   270.558     9.029     0.060         5
   271.040     9.080     0.060         5
   271.354     9.102     0.060         5
   271.683     9.144     0.060         5
   272.648     9.232     0.060         5
   273.132     9.270     0.060         5
   273.615     9.283     0.060         5
   273.938     9.311     0.060         5
   275.072     9.429     0.060         5
   275.411     9.462     0.060         5
   275.901     9.482     0.060         5
   276.398     9.517     0.060         5
   277.047     9.577     0.060         5
   278.001     9.676     0.060         5
   278.323     9.692     0.060         5
   279.447     9.820     0.060         5
   279.933     9.863     0.060         5
   280.891     9.975     0.060         5
   281.542    10.022     0.060         5
   281.856    10.050     0.060         5
   282.497    10.110     0.060         5
   283.451    10.209     0.060         5
   284.088    10.264     0.060         5
   284.890    10.345     0.060         5
   285.369    10.384     0.060         5
   286.012    10.444     0.060         5
   286.487    10.479     0.060         5
   287.138    10.536     0.060         5
   287.625    10.580     0.060         5
   288.742    10.711     0.060         5
   289.717    10.840     0.060         5
   291.020    11.016     0.060         5
   291.829    11.131     0.060         5
   292.784    11.277     0.060         5
   293.567    11.402     0.060         5
   294.032    11.493     0.060         5
   294.812    11.622     0.060         5
   295.578    11.805     0.060         5
   296.043    11.900     0.060         5
   296.812    12.054     0.060         5
   297.582    12.181     0.060         5
   298.807    12.375     0.060         5
   299.114    12.455     0.060         5
   299.728    12.532     0.060         5
   300.331    12.625     0.060         5
   301.382    12.810     0.060         5
   302.493    12.994     0.060         5
   303.436    13.152     0.060         5
   303.909    13.230     0.060         5
   304.683    13.358     0.060         5
   306.094    13.582     0.060         5
   306.731    13.678     0.060         5
   307.511    13.770     0.060         5
   308.444    13.914     0.060         5
   309.073    14.018     0.060         5
   309.697    14.119     0.060         5
   310.481    14.238     0.060         5
   310.943    14.311     0.060         5
   311.567    14.407     0.060         5
   312.354    14.527     0.060         5
   312.816    14.606     0.060         5
   313.131    14.659     0.060         5
   313.754    14.755     0.060         5
   314.531    14.878     0.060         5
   315.316    14.994     0.060         5
   315.928    15.089     0.060         5
   316.716    15.219     0.060         5
   317.350    15.319     0.060         5
   317.994    15.425     0.060         5
   318.481    15.515     0.060         5
   318.954    15.608     0.060         5
   319.588    15.707     0.060         5
   319.907    15.777     0.060         5
   320.684    15.932     0.060         5
   321.450    16.084     0.060         5
   322.055    16.203     0.060         5
   322.520    16.298     0.060         5
   323.300    16.441     0.060         5
   323.905    16.562     0.060         5
   324.510    16.678     0.060         5
   325.598    16.858     0.060         5
   326.071    16.950     0.060         5
   326.853    17.053     0.060         5
   327.326    17.127     0.060         5
   328.107    17.266     0.060         5
   328.732    17.360     0.060         5
   329.357    17.450     0.060         5
   330.123    17.546     0.060         5
   331.207    17.740     0.060         5
   332.297    17.919     0.060         5
   333.368    18.108     0.060         5
   334.132    18.275     0.060         5
   335.223    18.468     0.060         5
   336.328    18.666     0.060         5
   336.645    18.749     0.060         5
   337.770    18.931     0.060         5
   339.041    19.091     0.060         5
   339.833    19.187     0.060         5
   340.614    19.316     0.060         5
   341.718    19.452     0.060         5
   342.840    19.592     0.060         5
   343.654    19.696     0.060         5
   345.090    19.890     0.060         5
   346.515    20.109     0.060         5
   347.469    20.286     0.060         5
   348.255    20.415     0.060         5
   349.358    20.551     0.060         5
   350.483    20.720     0.060         5
   351.433    20.868     0.060         5
   352.704    21.042     0.060         5
   353.330    21.133     0.060         5
   353.957    21.213     0.060         5
   355.369    21.374     0.060         5
   356.939    21.570     0.060         5
   303.909    13.632     0.060         8
   304.221    13.675     0.060         8
   304.683    13.731     0.060         8
   304.997    13.771     0.060         8
   305.159    13.795     0.060         8
   305.470    13.841     0.060         8
   305.782    13.881     0.060         8
   306.419    13.961     0.060         8
   306.884    14.014     0.060         8
   307.349    14.070     0.060         8
   307.661    14.110     0.060         8
   308.290    14.206     0.060         8
   308.597    14.252     0.060         8
   308.912    14.296     0.060         8
   309.385    14.356     0.060         8
   309.697    14.399     0.060         8
   310.320    14.475     0.060         8
   310.632    14.525     0.060         8
   310.943    14.575     0.060         8
   311.567    14.657     0.060         8
   312.042    14.737     0.060         8
   312.354    14.787     0.060         8
   312.816    14.863     0.060         8
   313.292    14.933     0.060         8
   313.604    14.979     0.060         8
   314.219    15.055     0.060         8
   315.004    15.174     0.060         8
   315.627    15.260     0.060         8
   316.089    15.326     0.060         8
   316.404    15.361     0.060         8
   316.877    15.426     0.060         8
   317.350    15.505     0.060         8
   317.833    15.580     0.060         8
   318.320    15.663     0.060         8
   318.793    15.749     0.060         8
   319.276    15.847     0.060         8
   319.588    15.900     0.060         8
   319.907    15.946     0.060         8
   320.219    15.993     0.060         8
   320.684    16.082     0.060         8
   320.988    16.137     0.060         8
   321.450    16.216     0.060         8
   321.754    16.278     0.060         8
   322.206    16.349     0.060         8
   322.520    16.412     0.060         8
   322.985    16.494     0.060         8
   323.604    16.593     0.060         8
   324.055    16.664     0.060         8
   324.671    16.766     0.060         8
   325.126    16.856     0.060         8
   325.598    16.939     0.060         8
   325.921    16.994     0.060         8
   326.692    17.116     0.060         8
   327.476    17.231     0.060         8
   328.423    17.369     0.060         8
   329.049    17.464     0.060         8
   329.819    17.560     0.060         8
   330.435    17.659     0.060         8
   330.903    17.730     0.060         8
   327.003    16.968     0.060        13
   327.476    17.051     0.060        13
   328.585    17.213     0.060        13
   329.357    17.332     0.060        13
   329.819    17.410     0.060        13
   330.588    17.529     0.060        13
   331.054    17.596     0.060        13
   331.829    17.711     0.060        13
   332.450    17.806     0.060        13
   333.072    17.893     0.060        13
   333.521    17.972     0.060        13
   334.132    18.078     0.060        13
   334.905    18.193     0.060        13
   335.534    18.317     0.060        13
   335.852    18.369     0.060        13
   336.166    18.445     0.060        13
   336.492    18.506     0.060        13
   336.645    18.555     0.060        13
   336.970    18.591     0.060        13
   337.452    18.688     0.060        13
   338.407    18.844     0.060        13
   339.352    18.982     0.060        13
   340.144    19.078     0.060        13
   340.934    19.169     0.060        13
   341.403    19.229     0.060        13
   341.882    19.289     0.060        13
   357.743    21.550     0.060        13
   358.375    21.656     0.060        13
   359.015    21.789     0.060        13
   359.504    21.875     0.060        13
   359.980    21.945     0.060        13
   360.130    21.969     0.060        13
   360.770    22.097     0.060        13
   361.259    22.201     0.060        13
   361.582    22.241     0.060        13
   362.044    22.327     0.060        13
   362.681    22.429     0.060        13
   363.006    22.505     0.060        13
   363.339    22.584     0.060        13
   243.569     6.576     0.060        14
   244.312     6.742     0.060        14
   245.387     6.963     0.060        14
   245.688     7.032     0.060        14
   246.269     7.128     0.060        14
   247.051     7.260     0.060        14
   247.834     7.392     0.060        14
   248.458     7.496     0.060        14
   249.396     7.673     0.060        14
   249.708     7.725     0.060        14
   250.316     7.825     0.060        14
   250.631     7.877     0.060        14
   251.256     7.973     0.060        14
   251.880     8.066     0.060        14
   252.198     8.118     0.060        14
   253.326     8.254     0.060        14
   254.096     8.371     0.060        14
   254.415     8.396     0.060        14
   255.036     8.490     0.060        14
   255.498     8.513     0.060        14
   256.121     8.565     0.060        14
   256.734     8.623     0.060        14
   256.895     8.630     0.060        14
   258.167     8.790     0.060        14
   258.478     8.821     0.060        14
   258.965     8.870     0.060        14
   259.753     8.960     0.060        14
   260.229     9.009     0.060        14
   261.013     9.109     0.060        14
   261.812     9.179     0.060        14
   262.459     9.224     0.060        14
   263.433     9.342     0.060        14
   264.080     9.408     0.060        14
   264.561     9.478     0.060        14
   265.551     9.615     0.060        14
   265.881     9.646     0.060        14
   266.204     9.681     0.060        14
   267.185     9.824     0.060        14
   267.510     9.876     0.060        14
   268.158     9.953     0.060        14
   269.275    10.109     0.060        14
   269.749    10.168     0.060        14
   270.558    10.238     0.060        14
   271.354    10.328     0.060        14
   271.836    10.349     0.060        14
   272.648    10.439     0.060        14
   273.132    10.482     0.060        14
   273.615    10.488     0.060        14
   274.260    10.555     0.060        14
   275.072    10.634     0.060        14
   275.411    10.638     0.060        14
   276.556    10.778     0.060        14
   277.205    10.855     0.060        14
   277.840    10.921     0.060        14
   278.648    10.980     0.060        14
   279.124    11.028     0.060        14
   279.772    11.105     0.060        14
   280.098    11.130     0.060        14
   281.055    11.216     0.060        14
   281.216    11.220     0.060        14
   281.856    11.275     0.060        14
   282.171    11.317     0.060        14
   282.647    11.345     0.060        14
   283.602    11.421     0.060        14
   284.239    11.462     0.060        14
   284.890    11.518     0.060        14
   285.847    11.636     0.060        14
   286.326    11.685     0.060        14
   286.652    11.720     0.060        14
   287.138    11.779     0.060        14
   288.101    11.876     0.060        14
   289.065    12.016     0.060        14
   289.717    12.107     0.060        14
   290.201    12.187     0.060        14
   290.687    12.267     0.060        14
   291.181    12.351     0.060        14
   292.144    12.511     0.060        14
   292.948    12.643     0.060        14
   294.347    12.896     0.060        14
   295.578    13.114     0.060        14
   296.347    13.284     0.060        14
   296.662    13.346     0.060        14
   297.116    13.464     0.060        14
   297.582    13.540     0.060        14
   297.889    13.592     0.060        14
   298.357    13.672     0.060        14
   298.653    13.720     0.060        14
   299.421    13.838     0.060        14
   300.482    13.972     0.060        14
   300.783    14.024     0.060        14
   301.382    14.113     0.060        14
   301.862    14.193     0.060        14
   302.816    14.318     0.060        14
   303.436    14.412     0.060        14
   303.909    14.481     0.060        14
   304.221    14.533     0.060        14
   304.997    14.630     0.060        14
   305.470    14.699     0.060        14
   305.943    14.779     0.060        14
   306.419    14.845     0.060        14
   306.884    14.914     0.060        14
   307.815    15.070     0.060        14
   308.129    15.122     0.060        14
   308.444    15.174     0.060        14
   309.073    15.278     0.060        14
   309.535    15.354     0.060        14
   310.320    15.486     0.060        14
   310.632    15.538     0.060        14
   311.416    15.670     0.060        14
   312.042    15.733     0.060        14
   312.505    15.819     0.060        14
   313.292    15.941     0.060        14
   314.069    16.069     0.060        14
   314.692    16.173     0.060        14
   315.316    16.245     0.060        14
   315.928    16.360     0.060        14
   316.555    16.464     0.060        14
   317.199    16.593     0.060        14
   317.833    16.707     0.060        14
   318.320    16.787     0.060        14
   318.954    16.926     0.060        14
   319.907    17.093     0.060        14
   320.369    17.183     0.060        14
   321.138    17.311     0.060        14
   321.754    17.411     0.060        14
   322.055    17.474     0.060        14
   322.671    17.599     0.060        14
   323.149    17.679     0.060        14
   324.055    17.827     0.060        14
   324.510    17.924     0.060        14
   325.287    18.035     0.060        14
   325.921    18.160     0.060        14
   326.853    18.316     0.060        14
   327.798    18.451     0.060        14
   329.049    18.648     0.060        14
   329.505    18.682     0.060        14
   330.285    18.814     0.060        14
   331.207    18.966     0.060        14
   331.993    19.140     0.060        14
   332.604    19.265     0.060        14
   333.368    19.389     0.060        14
   333.979    19.504     0.060        14
   334.436    19.590     0.060        14
   334.905    19.666     0.060        14
   335.852    19.816     0.060        14
   336.492    19.924     0.060        14
   337.135    20.028     0.060        14
   337.931    20.128     0.060        14
   338.880    20.267     0.060        14
   339.352    20.316     0.060        14
   339.983    20.378     0.060        14
   340.453    20.458     0.060        14
   341.253    20.590     0.060        14
   341.882    20.684     0.060        14
   342.046    20.701     0.060        14
   342.686    20.778     0.060        14
   343.165    20.827     0.060        14
   343.654    20.865     0.060        14
   344.458    20.965     0.060        14
   345.090    21.063     0.060        14
   345.402    21.115     0.060        14
   346.039    21.198     0.060        14
   346.515    21.278     0.060        14
   346.840    21.303     0.060        14
   347.308    21.347     0.060        14
   348.091    21.469     0.060        14
   348.573    21.538     0.060        14
   348.890    21.580     0.060        14
   349.519    21.684     0.060        14
   349.842    21.719     0.060        14
   350.322    21.799     0.060        14
   350.953    21.893     0.060        14
   351.745    21.993     0.060        14
   352.228    22.073     0.060        14
   353.177    22.223     0.060        14
   353.642    22.278     0.060        14
   354.586    22.413     0.060        14
   355.054    22.451     0.060        14
   355.834    22.579     0.060        14
   355.998    22.576     0.060        14
   356.624    22.680     0.060        14
   357.417    22.791     0.060        14
   358.057    22.889     0.060        14
   358.700    22.986     0.060        14
   359.179    23.066     0.060        14
   359.980    23.198     0.060        14
   360.445    23.309     0.060        14
   361.259    23.452     0.060        14
   362.044    23.584     0.060        14
   253.480    11.829     0.060        24
   254.566    12.031     0.060        24
   255.498    12.180     0.060        24
   256.121    12.355     0.060        24
   256.895    12.504     0.060        24
   257.680    12.683     0.060        24
   258.478    12.865     0.060        24
   259.277    13.064     0.060        24
   260.067    13.223     0.060        24
   260.229    13.283     0.060        24
   261.177    13.469     0.060        24
   261.976    13.629     0.060        24
   263.110    13.863     0.060        24
   263.744    13.983     0.060        24
   264.733    14.190     0.060        24
   266.043    14.474     0.060        24
   267.833    14.882     0.060        24
   269.749    15.311     0.060        24
   271.519    15.705     0.060        24
   273.454    16.139     0.060        24
   274.585    16.389     0.060        24
   276.556    16.854     0.060        24
   277.678    17.134     0.060        24
   279.286    17.514     0.060        24
   280.576    17.778     0.060        24
   281.381    17.968     0.060        24
   282.497    18.218     0.060        24
   283.451    18.434     0.060        24
   284.890    18.753     0.060        24
   286.326    19.103     0.060        24
   287.939    19.487     0.060        24
   289.387    19.827     0.060        24
   290.848    20.175     0.060        24
   292.308    20.509     0.060        24
   293.717    20.881     0.060        24
   294.812    21.177     0.060        24
   296.347    21.577     0.060        24
   298.193    22.071     0.060        24
   299.114    22.360     0.060        24
   300.024    22.578     0.060        24
   301.231    22.932     0.060        24
   302.966    23.434     0.060        24
   304.221    23.821     0.060        24
   305.782    24.239     0.060        24
   307.349    24.681     0.060        24
   308.444    25.028     0.060        24
   309.385    25.310     0.060        24
   310.793    25.662     0.060        24
   312.204    26.048     0.060        24
   313.131    26.276     0.060        24
   313.754    26.462     0.060        24
   314.843    26.744     0.060        24
   315.316    26.905     0.060        24
   316.240    27.157     0.060        24
   316.877    27.337     0.060        24
   317.833    27.593     0.060        24
   318.631    27.803     0.060        24
   319.746    28.133     0.060        24
   321.138    28.552     0.060        24
   322.520    28.936     0.060        24
   323.300    29.152     0.060        24
   324.055    29.391     0.060        24
   325.287    29.749     0.060        24
   326.071    29.935     0.060        24
   327.326    30.261     0.060        24
   328.265    30.493     0.060        24
   329.357    30.779     0.060        24
   330.435    31.067     0.060        24
   331.054    31.243     0.060        24
   332.297    31.591     0.060        24
   333.521    31.920     0.060        24
   333.825    32.016     0.060        24
     0.000     0.000     0.000        -1
