    48.860    -1.000     0.000         0
    44.288     3.353     0.060         1
    44.449     3.267     0.060         1
    44.600     3.173     0.060         1
    44.761     3.087     0.060         1
    44.912     3.003     0.060         1
    45.065     2.915     0.060         1
    45.227     2.835     0.060         1
    45.391     2.745     0.060         1
    45.542     2.665     0.060         1
    45.706     2.577     0.060         1
    45.857     2.501     0.060         1
    46.018     2.425     0.060         1
    46.172     2.345     0.060         1
    46.333     2.267     0.060         1
    46.484     2.193     0.060         1
    46.648     2.117     0.060         1
    46.799     2.052     0.060         1
    46.963     1.978     0.060         1
    47.114     1.912     0.060         1
    47.278     1.856     0.060         1
    47.429     1.804     0.060         1
    47.590     1.741     0.060         1
    47.751     1.692     0.060         1
    47.902     1.662     0.060         1
    48.052     1.628     0.060         1
    48.217     1.598     0.060         1
    48.371     1.580     0.060         1
    48.531     1.558     0.060         1
    48.680     1.553     0.060         1
    48.830     1.559     0.060         1
    46.333     2.443     0.060         2
    46.484     2.372     0.060         2
    46.648     2.305     0.060         2
    46.799     2.247     0.060         2
    46.963     2.189     0.060         2
    47.114     2.122     0.060         2
    47.278     2.066     0.060         2
    47.429     2.025     0.060         2
    47.590     1.970     0.060         2
    47.751     1.924     0.060         2
    47.902     1.897     0.060         2
    48.052     1.865     0.060         2
    48.217     1.840     0.060         2
    48.371     1.821     0.060         2
    48.531     1.805     0.060         2
    48.680     1.802     0.060         2
    48.830     1.806     0.060         2
    47.114     2.252     0.060         3
    47.278     2.206     0.060         3
    47.429     2.177     0.060         3
    47.590     2.141     0.060         3
    47.751     2.113     0.060         3
    47.902     2.091     0.060         3
    48.052     2.068     0.060         3
    48.217     2.050     0.060         3
    48.371     2.034     0.060         3
    48.531     2.024     0.060         3
    48.680     2.020     0.060         3
    48.830     2.026     0.060         3
     3.394    10.247     0.060         5
     3.559    10.211     0.060         5
     3.720    10.211     0.060         5
     3.881    10.200     0.060         5
     4.056    10.164     0.060         5
     4.218    10.153     0.060         5
     4.379    10.141     0.060         5
     4.543    10.125     0.060         5
     4.705    10.093     0.060         5
     4.880    10.064     0.060         5
     5.041    10.054     0.060         5
     5.206    10.013     0.060         5
     5.370    10.007     0.060         5
     5.542     9.986     0.060         5
     5.706     9.958     0.060         5
     5.868     9.953     0.060         5
     6.029     9.928     0.060         5
     6.190     9.916     0.060         5
     6.341     9.893     0.060         5
     6.505     9.867     0.060         5
     6.664     9.842     0.060         5
     6.825     9.833     0.060         5
     6.986     9.821     0.060         5
     7.148     9.792     0.060         5
     7.309     9.769     0.060         5
     7.468     9.734     0.060         5
     7.629     9.710     0.060         5
     7.790     9.671     0.060         5
     7.952     9.641     0.060         5
     8.116     9.617     0.060         5
     8.277     9.589     0.060         5
     8.442     9.573     0.060         5
     8.603     9.526     0.060         5
     8.778     9.518     0.060         5
     8.939     9.495     0.060         5
     9.104     9.475     0.060         5
     9.268     9.460     0.060         5
     9.429     9.421     0.060         5
     9.591     9.398     0.060         5
     9.752     9.370     0.060         5
     9.914     9.342     0.060         5
    10.075     9.276     0.060         5
    10.236     9.299     0.060         5
    10.387     9.298     0.060         5
    10.548     9.265     0.060         5
    10.716     9.240     0.060         5
    10.880     9.211     0.060         5
    11.044     9.183     0.060         5
    11.209     9.167     0.060         5
    11.381     9.128     0.060         5
    11.545     9.091     0.060         5
    11.706     9.082     0.060         5
    11.882     9.079     0.060         5
    12.043     9.032     0.060         5
    12.207     8.998     0.060         5
    12.379     8.979     0.060         5
    12.544     8.968     0.060         5
    12.705     8.918     0.060         5
    12.866     8.903     0.060         5
    13.028     8.888     0.060         5
    13.186     8.865     0.060         5
    13.347     8.811     0.060         5
    13.506     8.804     0.060         5
    13.656     8.765     0.060         5
    13.818     8.746     0.060         5
    14.143     8.692     0.060         5
    14.305     8.676     0.060         5
    14.459     8.634     0.060         5
    14.620     8.629     0.060         5
    14.784     8.604     0.060         5
    14.946     8.579     0.060         5
    15.110     8.566     0.060         5
    15.271     8.525     0.060         5
    15.436     8.496     0.060         5
    15.600     8.479     0.060         5
    15.751     8.453     0.060         5
    15.923     8.433     0.060         5
    16.087     8.412     0.060         5
    16.248     8.373     0.060         5
    16.413     8.359     0.060         5
    16.574     8.329     0.060         5
    16.738     8.311     0.060         5
    16.910     8.285     0.060         5
    17.075     8.255     0.060         5
    17.236     8.233     0.060         5
    17.398     8.206     0.060         5
    17.559     8.180     0.060         5
    17.710     8.154     0.060         5
    17.871     8.136     0.060         5
    18.032     8.114     0.060         5
    18.183     8.095     0.060         5
    18.341     8.065     0.060         5
    18.503     8.039     0.060         5
    18.656     8.017     0.060         5
    18.818     7.987     0.060         5
    18.979     7.961     0.060         5
    19.130     7.949     0.060         5
    19.291     7.918     0.060         5
    19.442     7.894     0.060         5
    19.603     7.867     0.060         5
    19.754     7.831     0.060         5
    19.915     7.816     0.060         5
    20.066     7.784     0.060         5
    20.217     7.757     0.060         5
    20.378     7.721     0.060         5
    20.532     7.710     0.060         5
    20.693     7.690     0.060         5
    20.844     7.663     0.060         5
    21.008     7.635     0.060         5
    21.159     7.604     0.060         5
    21.320     7.584     0.060         5
    21.474     7.553     0.060         5
    21.635     7.530     0.060         5
    21.786     7.506     0.060         5
    21.947     7.500     0.060         5
    22.101     7.465     0.060         5
    22.251     7.434     0.060         5
    22.402     7.427     0.060         5
    22.566     7.400     0.060         5
    22.717     7.366     0.060         5
    22.878     7.339     0.060         5
    23.032     7.308     0.060         5
    23.194     7.285     0.060         5
    23.344     7.259     0.060         5
    23.506     7.215     0.060         5
    23.656     7.192     0.060         5
    23.821     7.177     0.060         5
    23.982     7.136     0.060         5
    24.130     7.135     0.060         5
    24.291     7.111     0.060         5
    24.442     7.087     0.060         5
    24.600     7.054     0.060         5
    24.761     7.028     0.060         5
    24.923     7.007     0.060         5
    25.073     6.993     0.060         5
    25.232     6.963     0.060         5
    25.393     6.942     0.060         5
    25.544     6.914     0.060         5
    25.705     6.898     0.060         5
    25.856     6.866     0.060         5
    26.017     6.846     0.060         5
    26.168     6.814     0.060         5
    26.329     6.786     0.060         5
    26.480     6.762     0.060         5
    26.641     6.736     0.060         5
    26.795     6.721     0.060         5
    26.956     6.683     0.060         5
    27.117     6.657     0.060         5
    27.268     6.630     0.060         5
    27.432     6.600     0.060         5
    27.594     6.582     0.060         5
    27.745     6.555     0.060         5
    27.906     6.537     0.060         5
    28.067     6.511     0.060         5
    28.218     6.488     0.060         5
    28.379     6.466     0.060         5
    28.544     6.435     0.060         5
    28.694     6.413     0.060         5
    28.859     6.387     0.060         5
    29.020     6.359     0.060         5
    29.184     6.331     0.060         5
    29.335     6.303     0.060         5
    29.496     6.275     0.060         5
    29.661     6.251     0.060         5
    29.822     6.227     0.060         5
    29.973     6.191     0.060         5
    30.131     6.167     0.060         5
    30.285     6.143     0.060         5
    30.446     6.119     0.060         5
    30.610     6.095     0.060         5
    30.761     6.067     0.060         5
    30.922     6.043     0.060         5
    31.076     6.019     0.060         5
    31.237     5.995     0.060         5
    31.388     5.971     0.060         5
    31.552     5.943     0.060         5
    31.714     5.919     0.060         5
    31.878     5.891     0.060         5
    32.032     5.867     0.060         5
    32.196     5.839     0.060         5
    32.358     5.811     0.060         5
    32.522     5.787     0.060         5
    32.683     5.751     0.060         5
    32.845     5.723     0.060         5
    33.006     5.699     0.060         5
    33.318     5.640     0.060         5
    33.482     5.616     0.060         5
    33.644     5.570     0.060         5
    33.808     5.533     0.060         5
    33.969     5.509     0.060         5
    34.131     5.481     0.060         5
    34.292     5.444     0.060         5
    34.456     5.416     0.060         5
    34.618     5.387     0.060         5
    34.782     5.359     0.060         5
    34.943     5.327     0.060         5
    35.108     5.298     0.060         5
    35.280     5.269     0.060         5
    35.444     5.233     0.060         5
    35.605     5.203     0.060         5
    35.767     5.169     0.060         5
    35.931     5.135     0.060         5
    36.092     5.105     0.060         5
    36.254     5.071     0.060         5
    36.415     5.037     0.060         5
    36.584     5.003     0.060         5
    36.745     4.973     0.060         5
    36.907     4.939     0.060         5
    37.057     4.909     0.060         5
    37.222     4.871     0.060         5
    37.383     4.836     0.060         5
    37.544     4.810     0.060         5
    37.706     4.763     0.060         5
    37.870     4.736     0.060         5
    38.031     4.697     0.060         5
    38.193     4.663     0.060         5
    38.357     4.628     0.060         5
    38.519     4.597     0.060         5
    38.680     4.570     0.060         5
    38.844     4.536     0.060         5
    39.006     4.501     0.060         5
    39.170     4.464     0.060         5
    39.331     4.420     0.060         5
    39.493     4.380     0.060         5
    39.657     4.340     0.060         5
    39.818     4.308     0.060         5
    39.983     4.275     0.060         5
    40.144     4.243     0.060         5
    40.305     4.211     0.060         5
    40.470     4.182     0.060         5
    40.631     4.146     0.060         5
    40.792     4.112     0.060         5
    40.967     4.073     0.060         5
    41.129     4.039     0.060         5
    41.287     4.005     0.060         5
    41.448     3.971     0.060         5
    41.599     3.942     0.060         5
    41.760     3.900     0.060         5
    41.922     3.858     0.060         5
    42.083     3.812     0.060         5
     5.706    10.306     0.060         7
     6.341    10.223     0.060         7
     6.986    10.140     0.060         7
     7.468    10.084     0.060         7
     7.952    10.021     0.060         7
     8.442     9.982     0.060         7
     8.778     9.934     0.060         7
     9.268     9.859     0.060         7
     9.591     9.823     0.060         7
    10.387     9.724     0.060         7
    11.381     9.589     0.060         7
    11.882     9.538     0.060         7
    12.544     9.455     0.060         7
    13.347     9.352     0.060         7
    14.143     9.253     0.060         7
    14.620     9.198     0.060         7
    15.271     9.123     0.060         7
    16.087     9.011     0.060         7
     3.097    10.955     0.060        14
     3.394    10.898     0.060        14
     3.720    10.863     0.060        14
     3.881    10.838     0.060        14
     4.379    10.766     0.060        14
     4.705    10.718     0.060        14
     5.041    10.674     0.060        14
     5.542    10.602     0.060        14
     6.029    10.529     0.060        14
     6.505    10.461     0.060        14
     6.825    10.409     0.060        14
     7.148    10.360     0.060        14
     7.468    10.312     0.060        14
     7.790    10.264     0.060        14
     8.116    10.207     0.060        14
     8.603    10.139     0.060        14
     9.104    10.067     0.060        14
     9.429    10.014     0.060        14
     9.591     9.990     0.060        14
     9.914     9.938     0.060        14
    10.236     9.894     0.060        14
    10.716     9.826     0.060        14
    11.044     9.773     0.060        14
    11.209     9.757     0.060        14
    11.545     9.701     0.060        14
    11.882     9.653     0.060        14
    12.043     9.624     0.060        14
    12.207     9.599     0.060        14
    12.379     9.573     0.060        14
    12.544     9.555     0.060        14
    12.705     9.522     0.060        14
    12.866     9.500     0.060        14
    13.028     9.483     0.060        14
    13.186     9.454     0.060        14
    13.347     9.424     0.060        14
    13.506     9.383     0.060        14
    13.656     9.374     0.060        14
    13.818     9.329     0.060        14
    13.979     9.312     0.060        14
    14.143     9.263     0.060        14
    14.305     9.258     0.060        14
    14.459     9.220     0.060        14
    14.620     9.216     0.060        14
    14.784     9.183     0.060        14
    14.946     9.154     0.060        14
    15.110     9.150     0.060        14
    15.271     9.101     0.060        14
    15.436     9.092     0.060        14
    15.600     9.063     0.060        14
    15.751     9.034     0.060        14
    15.923     9.006     0.060        14
    16.087     8.997     0.060        14
    16.248     8.960     0.060        14
    16.413     8.932     0.060        14
    16.574     8.915     0.060        14
    16.738     8.886     0.060        14
    16.910     8.855     0.060        14
    17.075     8.836     0.060        14
    17.236     8.809     0.060        14
    17.398     8.782     0.060        14
    17.559     8.755     0.060        14
    17.710     8.727     0.060        14
    17.871     8.712     0.060        14
    18.032     8.689     0.060        14
    18.183     8.658     0.060        14
    18.341     8.639     0.060        14
    18.503     8.616     0.060        14
    18.656     8.585     0.060        14
    18.818     8.554     0.060        14
    18.979     8.537     0.060        14
    19.130     8.517     0.060        14
    19.291     8.493     0.060        14
    19.442     8.473     0.060        14
    19.603     8.449     0.060        14
    19.754     8.424     0.060        14
    19.915     8.400     0.060        14
    20.066     8.380     0.060        14
    20.217     8.352     0.060        14
    20.378     8.336     0.060        14
    20.532     8.303     0.060        14
    20.693     8.287     0.060        14
    20.844     8.267     0.060        14
    21.008     8.243     0.060        14
    21.159     8.219     0.060        14
    21.320     8.191     0.060        14
    21.474     8.163     0.060        14
    21.635     8.131     0.060        14
    21.786     8.123     0.060        14
    21.947     8.083     0.060        14
    22.101     8.067     0.060        14
    22.251     8.039     0.060        14
    22.402     8.019     0.060        14
    22.566     7.991     0.060        14
    22.717     7.959     0.060        14
    22.878     7.939     0.060        14
    23.032     7.911     0.060        14
    23.194     7.887     0.060        14
    23.344     7.855     0.060        14
    23.506     7.827     0.060        14
    23.656     7.795     0.060        14
    23.821     7.759     0.060        14
    23.982     7.735     0.060        14
    24.130     7.707     0.060        14
    24.291     7.683     0.060        14
    24.442     7.659     0.060        14
    24.600     7.643     0.060        14
    24.761     7.611     0.060        14
    24.923     7.591     0.060        14
    25.073     7.559     0.060        14
    25.232     7.531     0.060        14
    25.393     7.515     0.060        14
    25.544     7.491     0.060        14
    25.705     7.471     0.060        14
    25.856     7.439     0.060        14
    26.017     7.415     0.060        14
    26.168     7.383     0.060        14
    26.329     7.357     0.060        14
    26.480     7.331     0.060        14
    26.641     7.309     0.060        14
    26.795     7.283     0.060        14
    26.956     7.257     0.060        14
    27.117     7.231     0.060        14
    27.268     7.202     0.060        14
    27.432     7.180     0.060        14
    27.594     7.158     0.060        14
    27.745     7.128     0.060        14
    27.906     7.106     0.060        14
    28.067     7.088     0.060        14
    28.218     7.066     0.060        14
    28.379     7.041     0.060        14
    28.544     7.019     0.060        14
    28.694     6.997     0.060        14
    28.859     6.970     0.060        14
    29.020     6.939     0.060        14
    29.184     6.911     0.060        14
    29.335     6.892     0.060        14
    29.496     6.861     0.060        14
    29.661     6.838     0.060        14
    29.822     6.807     0.060        14
    29.973     6.779     0.060        14
    30.131     6.752     0.060        14
    30.285     6.733     0.060        14
    30.446     6.710     0.060        14
    30.610     6.683     0.060        14
    30.761     6.659     0.060        14
    30.922     6.636     0.060        14
    31.076     6.613     0.060        14
    31.237     6.586     0.060        14
    31.388     6.554     0.060        14
    31.552     6.523     0.060        14
    31.714     6.495     0.060        14
    31.878     6.468     0.060        14
    32.032     6.437     0.060        14
    32.196     6.405     0.060        14
    32.358     6.378     0.060        14
    32.522     6.338     0.060        14
    32.683     6.312     0.060        14
    32.845     6.285     0.060        14
    33.006     6.251     0.060        14
    33.157     6.220     0.060        14
    33.318     6.194     0.060        14
    33.482     6.155     0.060        14
    33.644     6.133     0.060        14
    33.808     6.099     0.060        14
    33.969     6.068     0.060        14
    34.131     6.046     0.060        14
    34.292     6.011     0.060        14
    34.456     5.985     0.060        14
    34.618     5.954     0.060        14
    34.782     5.928     0.060        14
    34.943     5.892     0.060        14
    35.108     5.868     0.060        14
    35.280     5.836     0.060        14
    35.444     5.804     0.060        14
    35.605     5.773     0.060        14
    35.767     5.741     0.060        14
    35.931     5.709     0.060        14
    36.092     5.677     0.060        14
    36.254     5.645     0.060        14
    36.415     5.614     0.060        14
    36.584     5.582     0.060        14
    36.745     5.554     0.060        14
    36.907     5.518     0.060        14
    37.057     5.491     0.060        14
    37.222     5.463     0.060        14
    37.383     5.430     0.060        14
    37.544     5.398     0.060        14
    37.706     5.366     0.060        14
    37.870     5.329     0.060        14
    38.031     5.297     0.060        14
    38.193     5.265     0.060        14
    38.357     5.232     0.060        14
    38.519     5.200     0.060        14
    38.680     5.164     0.060        14
    38.844     5.123     0.060        14
    39.006     5.087     0.060        14
    39.170     5.050     0.060        14
    39.331     5.010     0.060        14
    39.493     4.970     0.060        14
    39.657     4.929     0.060        14
     4.379    16.414     0.060        24
     4.543    16.338     0.060        24
     4.705    16.333     0.060        24
     4.880    16.296     0.060        24
     5.041    16.288     0.060        24
     5.206    16.147     0.060        24
     5.370    16.111     0.060        24
     5.542    16.109     0.060        24
     5.706    16.101     0.060        24
     5.868    15.969     0.060        24
     6.029    15.957     0.060        24
     6.190    15.932     0.060        24
     6.341    15.880     0.060        24
     6.505    15.854     0.060        24
     6.664    15.812     0.060        24
     6.825    15.778     0.060        24
     6.986    15.728     0.060        24
     7.148    15.703     0.060        24
     7.309    15.669     0.060        24
     7.468    15.627     0.060        24
     7.629    15.533     0.060        24
     7.790    15.486     0.060        24
     7.952    15.463     0.060        24
     8.116    15.428     0.060        24
     8.277    15.392     0.060        24
     8.442    15.381     0.060        24
     8.603    15.322     0.060        24
     8.778    15.302     0.060        24
     8.939    15.227     0.060        24
     9.104    15.191     0.060        24
     9.268    15.156     0.060        24
     9.429    15.109     0.060        24
     9.591    15.079     0.060        24
     9.752    15.041     0.060        24
     9.914    15.000     0.060        24
    10.075    14.946     0.060        24
    10.236    14.920     0.060        24
    10.387    14.872     0.060        24
    10.548    14.834     0.060        24
    10.716    14.784     0.060        24
    10.880    14.754     0.060        24
    11.044    14.704     0.060        24
    11.209    14.654     0.060        24
    11.381    14.607     0.060        24
    11.545    14.589     0.060        24
    11.706    14.498     0.060        24
    11.882    14.487     0.060        24
    12.043    14.457     0.060        24
    12.207    14.419     0.060        24
    12.379    14.388     0.060        24
    12.544    14.281     0.060        24
    12.705    14.259     0.060        24
    12.866    14.241     0.060        24
    13.028    14.209     0.060        24
    13.186    14.185     0.060        24
    13.347    14.141     0.060        24
    13.506    14.077     0.060        24
    13.656    14.058     0.060        24
    13.818    14.034     0.060        24
    13.979    13.990     0.060        24
    14.143    13.898     0.060        24
    14.305    13.842     0.060        24
    14.459    13.814     0.060        24
    14.620    13.754     0.060        24
    14.784    13.758     0.060        24
    14.946    13.725     0.060        24
    15.110    13.665     0.060        24
    15.271    13.632     0.060        24
    15.436    13.596     0.060        24
    15.600    13.575     0.060        24
    15.751    13.548     0.060        24
    15.923    13.507     0.060        24
    16.087    13.402     0.060        24
    16.248    13.382     0.060        24
    16.413    13.347     0.060        24
    16.574    13.321     0.060        24
    16.738    13.282     0.060        24
    16.910    13.242     0.060        24
    17.075    13.207     0.060        24
    17.236    13.168     0.060        24
    17.398    13.118     0.060        24
    17.559    13.075     0.060        24
    17.710    13.030     0.060        24
    17.871    12.983     0.060        24
    18.032    12.944     0.060        24
    18.183    12.883     0.060        24
    18.341    12.840     0.060        24
    18.503    12.802     0.060        24
    18.656    12.758     0.060        24
    18.818    12.722     0.060        24
    18.979    12.678     0.060        24
    19.130    12.643     0.060        24
    19.291    12.595     0.060        24
    19.442    12.544     0.060        24
    19.603    12.504     0.060        24
    19.754    12.469     0.060        24
    19.915    12.412     0.060        24
    20.066    12.372     0.060        24
    20.217    12.328     0.060        24
    20.378    12.267     0.060        24
    20.532    12.235     0.060        24
    20.693    12.202     0.060        24
    20.844    12.170     0.060        24
    21.008    12.124     0.060        24
    21.159    12.088     0.060        24
    21.320    12.035     0.060        24
    21.474    11.999     0.060        24
    21.635    11.970     0.060        24
    21.786    11.926     0.060        24
    21.947    11.885     0.060        24
    22.101    11.828     0.060        24
    22.251    11.768     0.060        24
    22.402    11.717     0.060        24
    22.566    11.667     0.060        24
    22.717    11.615     0.060        24
    22.878    11.570     0.060        24
    23.032    11.525     0.060        24
    23.194    11.484     0.060        24
    23.344    11.442     0.060        24
    23.506    11.406     0.060        24
    23.656    11.328     0.060        24
    23.821    11.280     0.060        24
    23.982    11.241     0.060        24
    24.130    11.203     0.060        24
    24.291    11.171     0.060        24
    24.442    11.133     0.060        24
    24.600    11.082     0.060        24
    24.761    11.033     0.060        24
    24.923    10.988     0.060        24
    25.073    10.949     0.060        24
    25.232    10.912     0.060        24
    25.393    10.872     0.060        24
    25.544    10.836     0.060        24
    25.705    10.803     0.060        24
    25.856    10.772     0.060        24
    26.017    10.747     0.060        24
    26.168    10.659     0.060        24
    26.329    10.611     0.060        24
    26.480    10.559     0.060        24
    26.641    10.518     0.060        24
    26.795    10.487     0.060        24
    26.956    10.445     0.060        24
    27.117    10.419     0.060        24
    27.268    10.330     0.060        24
    27.432    10.288     0.060        24
    27.594    10.246     0.060        24
    27.745    10.210     0.060        24
    27.906    10.164     0.060        24
    28.067    10.094     0.060        24
    28.218    10.057     0.060        24
    28.379    10.014     0.060        24
    28.544     9.975     0.060        24
    28.694     9.933     0.060        24
    28.859     9.878     0.060        24
    29.020     9.823     0.060        24
    29.184     9.779     0.060        24
    29.335     9.746     0.060        24
    29.496     9.695     0.060        24
    29.661     9.647     0.060        24
    29.822     9.617     0.060        24
    29.973     9.576     0.060        24
    30.131     9.538     0.060        24
    30.285     9.508     0.060        24
    30.446     9.458     0.060        24
    30.610     9.371     0.060        24
    30.761     9.338     0.060        24
    30.922     9.297     0.060        24
    31.076     9.264     0.060        24
    31.237     9.234     0.060        24
    31.388     9.198     0.060        24
    31.552     9.052     0.060        24
    31.714     9.019     0.060        24
    31.878     9.001     0.060        24
    32.032     8.973     0.060        24
    32.196     8.941     0.060        24
    32.358     8.897     0.060        24
    32.522     8.848     0.060        24
    32.683     8.808     0.060        24
    32.845     8.763     0.060        24
    33.006     8.703     0.060        24
    33.157     8.651     0.060        24
    33.318     8.605     0.060        24
    33.482     8.551     0.060        24
    33.644     8.508     0.060        24
    33.808     8.436     0.060        24
    33.969     8.385     0.060        24
    34.131     8.345     0.060        24
    34.292     8.298     0.060        24
    34.456     8.258     0.060        24
    34.618     8.209     0.060        24
    34.782     8.173     0.060        24
    34.943     8.124     0.060        24
    35.108     8.080     0.060        24
    35.280     8.034     0.060        24
    35.444     7.990     0.060        24
    35.605     7.941     0.060        24
    35.767     7.885     0.060        24
    35.931     7.831     0.060        24
    36.092     7.790     0.060        24
    36.254     7.737     0.060        24
    36.415     7.679     0.060        24
    36.584     7.641     0.060        24
    36.745     7.595     0.060        24
    36.907     7.546     0.060        24
    37.057     7.479     0.060        24
    37.222     7.422     0.060        24
    37.383     7.386     0.060        24
    37.544     7.354     0.060        24
    37.706     7.314     0.060        24
    48.860     1.000     0.000         0
    49.000     1.577     0.060         1
    49.160     1.579     0.060         1
    49.321     1.620     0.060         1
    49.472     1.647     0.060         1
    49.633     1.678     0.060         1
    49.794     1.722     0.060         1
    49.945     1.769     0.060         1
    50.098     1.820     0.060         1
    50.260     1.877     0.060         1
    50.413     1.952     0.060         1
    50.574     1.992     0.060         1
    50.739     2.062     0.060         1
    50.886     2.136     0.060         1
    51.048     2.208     0.060         1
    51.206     2.284     0.060         1
    51.357     2.356     0.060         1
    51.518     2.436     0.060         1
    51.672     2.508     0.060         1
    51.833     2.584     0.060         1
    51.984     2.664     0.060         1
    52.145     2.754     0.060         1
    52.444     2.918     0.060         1
    52.605     2.998     0.060         1
    52.756     3.098     0.060         1
    52.906     3.186     0.060         1
    53.068     3.278     0.060         1
    53.218     3.358     0.060         1
    53.369     3.444     0.060         1
    49.000     1.825     0.060         2
    49.160     1.832     0.060         2
    49.321     1.855     0.060         2
    49.472     1.882     0.060         2
    49.633     1.913     0.060         2
    49.794     1.943     0.060         2
    49.945     1.989     0.060         2
    50.098     2.038     0.060         2
    50.260     2.087     0.060         2
    50.413     2.138     0.060         2
    50.574     2.200     0.060         2
    50.739     2.266     0.060         2
    50.886     2.330     0.060         2
    51.048     2.393     0.060         2
    51.206     2.457     0.060         2
    51.357     2.523     0.060         2
    49.000     2.050     0.060         3
    49.160     2.054     0.060         3
    49.321     2.077     0.060         3
    49.472     2.104     0.060         3
    49.633     2.129     0.060         3
    49.794     2.161     0.060         3
    49.945     2.198     0.060         3
    50.098     2.234     0.060         3
    50.260     2.270     0.060         3
    50.413     2.311     0.060         3
    54.734     3.925     0.060         5
    54.884     3.973     0.060         5
    55.035     4.007     0.060         5
    55.186     4.039     0.060         5
    55.339     4.073     0.060         5
    55.500     4.113     0.060         5
    55.651     4.148     0.060         5
    55.805     4.187     0.060         5
    55.955     4.222     0.060         5
    56.106     4.261     0.060         5
    56.260     4.297     0.060         5
    56.421     4.328     0.060         5
    56.572     4.365     0.060         5
    56.722     4.401     0.060         5
    56.881     4.433     0.060         5
    57.031     4.474     0.060         5
    57.182     4.518     0.060         5
    57.343     4.547     0.060         5
    57.494     4.579     0.060         5
    57.655     4.612     0.060         5
    57.806     4.640     0.060         5
    57.957     4.669     0.060         5
    58.107     4.701     0.060         5
    58.258     4.733     0.060         5
    58.409     4.764     0.060         5
    58.567     4.780     0.060         5
    58.718     4.812     0.060         5
    58.868     4.840     0.060         5
    59.016     4.876     0.060         5
    59.178     4.912     0.060         5
    59.331     4.940     0.060         5
    59.482     4.971     0.060         5
    59.643     4.999     0.060         5
    59.794     5.023     0.060         5
    59.944     5.055     0.060         5
    60.106     5.085     0.060         5
    60.256     5.118     0.060         5
    60.407     5.142     0.060         5
    60.566     5.174     0.060         5
    60.716     5.212     0.060         5
    60.867     5.225     0.060         5
    61.020     5.267     0.060         5
    61.171     5.284     0.060         5
    61.314     5.313     0.060         5
    61.468     5.343     0.060         5
    61.618     5.380     0.060         5
    61.772     5.417     0.060         5
    61.923     5.443     0.060         5
    62.076     5.480     0.060         5
    62.227     5.508     0.060         5
    62.381     5.540     0.060         5
    62.531     5.572     0.060         5
    62.685     5.604     0.060         5
    62.839     5.636     0.060         5
    62.989     5.660     0.060         5
    63.143     5.688     0.060         5
    63.286     5.723     0.060         5
    63.440     5.747     0.060         5
    63.590     5.780     0.060         5
    63.733     5.803     0.060         5
    63.887     5.826     0.060         5
    64.041     5.857     0.060         5
    64.181     5.883     0.060         5
    64.334     5.913     0.060         5
    64.485     5.935     0.060         5
    64.636     5.976     0.060         5
    64.794     6.006     0.060         5
    64.942     6.029     0.060         5
    65.089     6.049     0.060         5
    65.251     6.084     0.060         5
    65.398     6.110     0.060         5
    65.546     6.126     0.060         5
    65.707     6.156     0.060         5
    65.858     6.194     0.060         5
    66.008     6.228     0.060         5
    66.167     6.251     0.060         5
    66.314     6.269     0.060         5
    66.473     6.287     0.060         5
    66.620     6.321     0.060         5
    66.782     6.342     0.060         5
    66.929     6.382     0.060         5
    67.077     6.411     0.060         5
    67.228     6.440     0.060         5
    67.381     6.467     0.060         5
    67.532     6.495     0.060         5
    67.693     6.508     0.060         5
    67.844     6.535     0.060         5
    67.995     6.566     0.060         5
    68.148     6.597     0.060         5
    68.310     6.619     0.060         5
    68.460     6.647     0.060         5
    68.619     6.670     0.060         5
    68.769     6.698     0.060         5
    68.920     6.727     0.060         5
    69.081     6.751     0.060         5
    69.232     6.776     0.060         5
    69.393     6.799     0.060         5
    69.544     6.831     0.060         5
    69.697     6.859     0.060         5
    70.171     6.944     0.060         5
    70.321     6.972     0.060         5
    70.483     7.005     0.060         5
    70.636     7.026     0.060         5
    70.798     7.047     0.060         5
    70.948     7.075     0.060         5
    71.260     7.126     0.060         5
    71.422     7.153     0.060         5
    71.572     7.189     0.060         5
    71.731     7.221     0.060         5
    71.892     7.233     0.060         5
    72.043     7.265     0.060         5
    72.207     7.281     0.060         5
    72.358     7.317     0.060         5
    72.511     7.345     0.060         5
    72.673     7.373     0.060         5
    72.826     7.403     0.060         5
    72.988     7.421     0.060         5
    73.138     7.435     0.060         5
    73.300     7.468     0.060         5
    73.450     7.474     0.060         5
    73.614     7.501     0.060         5
    73.768     7.529     0.060         5
    74.091     7.587     0.060         5
    74.241     7.611     0.060         5
    74.392     7.635     0.060         5
    74.543     7.663     0.060         5
    74.693     7.682     0.060         5
    74.844     7.715     0.060         5
    74.992     7.735     0.060         5
    75.142     7.763     0.060         5
    75.293     7.797     0.060         5
    75.441     7.795     0.060         5
    75.602     7.844     0.060         5
    75.753     7.846     0.060         5
    75.906     7.864     0.060         5
    76.057     7.898     0.060         5
    76.221     7.924     0.060         5
    76.372     7.949     0.060         5
    76.526     7.984     0.060         5
    76.676     8.011     0.060         5
    76.830     8.017     0.060         5
    76.991     8.052     0.060         5
    77.142     8.074     0.060         5
    77.295     8.097     0.060         5
    77.457     8.120     0.060         5
    77.607     8.152     0.060         5
    77.761     8.168     0.060         5
    77.912     8.175     0.060         5
    78.073     8.211     0.060         5
    78.224     8.222     0.060         5
    78.374     8.250     0.060         5
    78.536     8.284     0.060         5
    78.697     8.308     0.060         5
    78.848     8.313     0.060         5
    79.009     8.331     0.060         5
    79.318     8.384     0.060         5
    79.469     8.393     0.060         5
    79.619     8.410     0.060         5
    79.770     8.427     0.060         5
    79.931     8.447     0.060         5
    80.082     8.471     0.060         5
    80.232     8.507     0.060         5
    80.394     8.538     0.060         5
    80.541     8.553     0.060         5
    80.703     8.571     0.060         5
    80.853     8.594     0.060         5
    81.015     8.620     0.060         5
    81.165     8.654     0.060         5
    81.316     8.673     0.060         5
    81.477     8.702     0.060         5
    81.628     8.726     0.060         5
    81.789     8.754     0.060         5
    82.101     8.802     0.060         5
    82.260     8.832     0.060         5
    82.410     8.856     0.060         5
    82.561     8.878     0.060         5
    82.722     8.900     0.060         5
    82.884     8.932     0.060         5
    83.045     8.965     0.060         5
    83.196     8.982     0.060         5
    83.669     9.053     0.060         5
    83.820     9.074     0.060         5
    83.984     9.100     0.060         5
    84.134     9.135     0.060         5
    84.285     9.153     0.060         5
    84.449     9.174     0.060         5
    84.611     9.198     0.060         5
    84.761     9.222     0.060         5
    85.073     9.263     0.060         5
    85.238     9.284     0.060         5
    85.399     9.312     0.060         5
    85.550     9.336     0.060         5
    85.714     9.358     0.060         5
    85.865     9.373     0.060         5
    86.026     9.405     0.060         5
    86.176     9.429     0.060         5
    86.341     9.462     0.060         5
    86.491     9.488     0.060         5
    86.656     9.512     0.060         5
    86.806     9.529     0.060         5
    86.968     9.543     0.060         5
    87.132     9.578     0.060         5
    87.283     9.602     0.060         5
    87.444     9.624     0.060         5
    87.595     9.652     0.060         5
    87.756     9.676     0.060         5
    87.920     9.697     0.060         5
    88.232     9.745     0.060         5
    88.536     9.799     0.060         5
    88.698     9.819     0.060         5
    88.851     9.844     0.060         5
    89.013     9.875     0.060         5
    89.163     9.896     0.060         5
    89.317     9.918     0.060         5
    89.478     9.948     0.060         5
    89.632     9.968     0.060         5
    89.793     9.992     0.060         5
    90.097    10.041     0.060         5
    90.259    10.061     0.060         5
    90.409    10.080     0.060         5
    90.563    10.109     0.060         5
    90.724    10.137     0.060         5
   105.258    13.801     0.060        12
   106.991    14.031     0.060        12
   107.922    14.162     0.060        12
   109.167    14.321     0.060        12
   110.579    14.503     0.060        12
   111.977    14.682     0.060        12
   112.900    14.809     0.060        12
   113.832    14.949     0.060        12
   114.795    15.098     0.060        12
   115.441    15.184     0.060        12
   116.244    15.291     0.060        12
   116.876    15.358     0.060        12
   117.808    15.502     0.060        12
   118.604    15.604     0.060        12
   119.406    15.704     0.060        12
   119.890    15.742     0.060        12
   121.183    15.933     0.060        12
   122.146    16.068     0.060        12
   123.109    16.204     0.060        12
   123.733    16.291     0.060        12
   124.368    16.358     0.060        12
   125.474    16.493     0.060        12
   126.098    16.558     0.060        12
   126.872    16.634     0.060        12
   127.493    16.705     0.060        12
   128.120    16.779     0.060        12
   129.086    16.928     0.060        12
   129.887    17.036     0.060        12
   130.528    17.114     0.060        12
   131.491    17.235     0.060        12
   132.131    17.312     0.060        12
   132.947    17.413     0.060        12
   133.587    17.498     0.060        12
   134.238    17.598     0.060        12
   135.530    17.791     0.060        12
   136.157    17.901     0.060        12
   136.786    17.992     0.060        12
   137.575    18.113     0.060        12
   138.215    18.201     0.060        12
   138.852    18.292     0.060        12
   140.127    18.471     0.060        12
   140.775    18.566     0.060        12
    54.884     4.481     0.060        14
    55.035     4.531     0.060        14
    55.186     4.560     0.060        14
    55.339     4.606     0.060        14
    55.500     4.640     0.060        14
    55.651     4.678     0.060        14
    55.805     4.719     0.060        14
    55.955     4.756     0.060        14
    56.106     4.794     0.060        14
    56.260     4.827     0.060        14
    56.421     4.861     0.060        14
    56.572     4.887     0.060        14
    56.722     4.920     0.060        14
    56.881     4.949     0.060        14
    57.031     4.982     0.060        14
    57.182     5.019     0.060        14
    57.343     5.060     0.060        14
    57.494     5.103     0.060        14
    57.655     5.139     0.060        14
    57.806     5.178     0.060        14
    57.957     5.201     0.060        14
    58.107     5.224     0.060        14
    58.258     5.251     0.060        14
    58.409     5.286     0.060        14
    58.567     5.321     0.060        14
    58.718     5.350     0.060        14
    58.868     5.379     0.060        14
    59.016     5.416     0.060        14
    59.178     5.449     0.060        14
    59.331     5.482     0.060        14
    59.482     5.506     0.060        14
    59.794     5.559     0.060        14
    60.106     5.626     0.060        14
    60.407     5.686     0.060        14
    60.716     5.749     0.060        14
    61.020     5.820     0.060        14
    61.314     5.868     0.060        14
    61.618     5.928     0.060        14
    61.923     5.980     0.060        14
    62.227     6.036     0.060        14
    62.685     6.116     0.060        14
    62.839     6.148     0.060        14
    63.143     6.203     0.060        14
    63.590     6.287     0.060        14
    63.733     6.310     0.060        14
    63.887     6.346     0.060        14
    64.041     6.378     0.060        14
    64.181     6.406     0.060        14
    64.334     6.434     0.060        14
    64.485     6.460     0.060        14
    64.636     6.482     0.060        14
    64.794     6.517     0.060        14
    64.942     6.539     0.060        14
    65.089     6.569     0.060        14
    65.251     6.579     0.060        14
    65.398     6.608     0.060        14
    65.546     6.630     0.060        14
    65.707     6.656     0.060        14
    65.858     6.689     0.060        14
    66.008     6.715     0.060        14
    66.167     6.761     0.060        14
    66.314     6.785     0.060        14
    66.473     6.805     0.060        14
    66.620     6.825     0.060        14
    67.228     6.933     0.060        14
    67.532     6.985     0.060        14
    67.844     7.041     0.060        14
    68.148     7.093     0.060        14
    68.310     7.121     0.060        14
    68.619     7.169     0.060        14
    68.920     7.221     0.060        14
    69.232     7.273     0.060        14
    69.544     7.325     0.060        14
    69.859     7.377     0.060        14
    70.321     7.457     0.060        14
    70.483     7.493     0.060        14
    70.948     7.569     0.060        14
    71.422     7.649     0.060        14
    71.731     7.708     0.060        14
    72.043     7.760     0.060        14
    72.358     7.809     0.060        14
    72.673     7.861     0.060        14
    73.138     7.941     0.060        14
    73.614     8.021     0.060        14
    73.929     8.073     0.060        14
    74.241     8.121     0.060        14
    74.543     8.169     0.060        14
    74.992     8.245     0.060        14
    75.441     8.317     0.060        14
    75.753     8.369     0.060        14
    76.372     8.461     0.060        14
    76.830     8.530     0.060        14
    77.295     8.602     0.060        14
    77.912     8.702     0.060        14
    78.374     8.766     0.060        14
    78.697     8.815     0.060        14
    78.848     8.831     0.060        14
    79.009     8.855     0.060        14
    79.157     8.877     0.060        14
    79.318     8.895     0.060        14
    79.619     8.940     0.060        14
    79.931     8.999     0.060        14
    80.082     9.018     0.060        14
    80.232     9.036     0.060        14
    80.394     9.058     0.060        14
    80.541     9.077     0.060        14
    80.703     9.105     0.060        14
    80.853     9.125     0.060        14
    81.015     9.153     0.060        14
    81.165     9.177     0.060        14
    81.316     9.197     0.060        14
    81.477     9.233     0.060        14
    81.628     9.257     0.060        14
    81.789     9.265     0.060        14
    81.940     9.297     0.060        14
    82.101     9.317     0.060        14
    82.410     9.369     0.060        14
    82.884     9.449     0.060        14
    83.196     9.500     0.060        14
    83.354     9.530     0.060        14
    83.508     9.544     0.060        14
    83.669     9.574     0.060        14
    83.820     9.596     0.060        14
    83.984     9.620     0.060        14
    84.134     9.654     0.060        14
    84.285     9.681     0.060        14
    84.449     9.700     0.060        14
    84.611     9.730     0.060        14
    84.761     9.749     0.060        14
    84.923     9.780     0.060        14
    85.073     9.807     0.060        14
    85.238     9.842     0.060        14
    85.399     9.869     0.060        14
    85.550     9.882     0.060        14
    85.714     9.907     0.060        14
    85.865     9.930     0.060        14
    86.026     9.960     0.060        14
    86.176     9.965     0.060        14
    86.341    10.010     0.060        14
    86.491    10.023     0.060        14
    86.656    10.052     0.060        14
    86.806    10.069     0.060        14
    86.968    10.089     0.060        14
    87.132    10.116     0.060        14
    87.283    10.140     0.060        14
    87.444    10.167     0.060        14
    87.595    10.179     0.060        14
    87.756    10.221     0.060        14
    87.920    10.235     0.060        14
    88.071    10.253     0.060        14
    88.232    10.290     0.060        14
    88.386    10.300     0.060        14
    88.536    10.330     0.060        14
    88.698    10.352     0.060        14
    88.851    10.369     0.060        14
    89.013    10.387     0.060        14
    89.163    10.418     0.060        14
    89.317    10.432     0.060        14
    89.478    10.466     0.060        14
    89.632    10.484     0.060        14
    89.793    10.518     0.060        14
    89.944    10.538     0.060        14
    90.097    10.555     0.060        14
    90.259    10.583     0.060        14
    90.409    10.591     0.060        14
    90.563    10.616     0.060        14
    90.724    10.636     0.060        14
     0.000     0.000     0.000        -1
