   132.785    -1.000     0.000         0
   129.250     2.824     0.060         1
   129.411     2.746     0.060         1
   129.575     2.673     0.060         1
   129.737     2.608     0.060         1
   129.887     2.518     0.060         1
   130.051     2.448     0.060         1
   130.212     2.379     0.060         1
   130.376     2.314     0.060         1
   130.527     2.236     0.060         1
   130.691     2.175     0.060         1
   130.852     2.129     0.060         1
   131.016     2.077     0.060         1
   131.166     2.024     0.060         1
   131.327     1.989     0.060         1
   131.488     1.955     0.060         1
   131.651     1.923     0.060         1
   131.801     1.895     0.060         1
   131.963     1.863     0.060         1
   132.123     1.851     0.060         1
   132.283     1.848     0.060         1
   132.439     1.831     0.060         1
   132.584     1.821     0.060         1
   132.670     1.822     0.060         1
   129.411     3.043     0.060         2
   129.575     2.990     0.060         2
   129.737     2.942     0.060         2
   129.887     2.885     0.060         2
   130.051     2.838     0.060         2
   130.212     2.796     0.060         2
   130.376     2.754     0.060         2
   130.527     2.713     0.060         2
   130.691     2.674     0.060         2
   130.852     2.636     0.060         2
   131.016     2.598     0.060         2
   131.166     2.557     0.060         2
   131.327     2.523     0.060         2
   131.488     2.509     0.060         2
   131.651     2.481     0.060         2
   131.801     2.463     0.060         2
   131.963     2.442     0.060         2
   132.123     2.430     0.060         2
   132.283     2.409     0.060         2
   132.439     2.391     0.060         2
   132.584     2.396     0.060         2
   132.670     2.398     0.060         2
   129.575     3.329     0.060         3
   129.737     3.288     0.060         3
   129.887     3.273     0.060         3
   130.051     3.240     0.060         3
   130.212     3.204     0.060         3
   130.376     3.164     0.060         3
   130.527     3.148     0.060         3
   130.691     3.124     0.060         3
   130.852     3.092     0.060         3
   131.016     3.052     0.060         3
   131.166     3.028     0.060         3
   131.327     3.020     0.060         3
   131.488     2.989     0.060         3
   131.651     2.985     0.060         3
   131.801     2.977     0.060         3
   131.963     2.966     0.060         3
   132.123     2.971     0.060         3
   132.283     2.992     0.060         3
   132.439     2.954     0.060         3
   132.584     2.944     0.060         3
   132.670     2.957     0.060         3
    65.858    13.789     0.060         5
    66.315    13.713     0.060         5
    66.782    13.637     0.060         5
    67.382    13.561     0.060         5
    67.845    13.490     0.060         5
    68.310    13.438     0.060         5
    68.770    13.371     0.060         5
    69.545    13.263     0.060         5
    70.007    13.196     0.060         5
    70.484    13.132     0.060         5
    70.949    13.073     0.060         5
    71.422    12.993     0.060         5
    72.043    12.905     0.060         5
    72.673    12.809     0.060         5
    73.139    12.766     0.060         5
    73.769    12.658     0.060         5
    74.694    12.531     0.060         5
    74.992    12.500     0.060         5
    75.753    12.396     0.060         5
    76.222    12.341     0.060         5
    76.831    12.249     0.060         5
    77.457    12.162     0.060         5
    78.074    12.066     0.060         5
    78.698    11.970     0.060         5
    79.157    11.903     0.060         5
    79.771    11.807     0.060         5
    80.542    11.704     0.060         5
    81.166    11.608     0.060         5
    81.941    11.513     0.060         5
    82.562    11.425     0.060         5
    83.508    11.294     0.060         5
    84.135    11.198     0.060         5
    85.074    11.047     0.060         5
    85.865    10.931     0.060         5
    86.656    10.811     0.060         5
    86.807    10.767     0.060         5
    87.445    10.670     0.060         5
    87.757    10.628     0.060         5
    88.387    10.520     0.060         5
    88.537    10.496     0.060         5
    89.318    10.387     0.060         5
    89.945    10.303     0.060         5
    90.410    10.243     0.060         5
    90.879    10.187     0.060         5
    91.355    10.107     0.060         5
    91.974    10.033     0.060         5
    92.289     9.981     0.060         5
    92.916     9.886     0.060         5
    93.077     9.878     0.060         5
    93.550     9.875     0.060         5
    93.876     9.800     0.060         5
    94.188     9.705     0.060         5
    95.140     9.478     0.060         5
    95.617     9.355     0.060         5
    95.778     9.311     0.060         5
    96.881     9.027     0.060         5
    97.828     8.819     0.060         5
    98.459     8.695     0.060         5
    99.540     8.491     0.060         5
   100.314     8.363     0.060         5
   100.777     8.283     0.060         5
   101.536     8.169     0.060         5
   102.298     8.046     0.060         5
   102.764     7.975     0.060         5
   103.837     7.799     0.060         5
   104.467     7.695     0.060         5
   105.422     7.550     0.060         5
   106.367     7.404     0.060         5
   106.991     7.319     0.060         5
   107.607     7.239     0.060         5
   108.395     7.121     0.060         5
   109.167     7.003     0.060         5
   109.791     6.903     0.060         5
   110.579     6.786     0.060         5
   111.192     6.691     0.060         5
   111.816     6.597     0.060         5
   112.128     6.559     0.060         5
   112.749     6.488     0.060         5
   113.050     6.460     0.060         5
   113.510     6.413     0.060         5
   113.832     6.386     0.060         5
   114.470     6.310     0.060         5
   115.118     6.212     0.060         5
   115.279     6.164     0.060         5
   115.441     6.164     0.060         5
   115.602     6.128     0.060         5
   115.763     6.096     0.060         5
   115.925     6.076     0.060         5
   116.086     6.053     0.060         5
   116.244     6.022     0.060         5
   116.395     5.998     0.060         5
   116.556     5.967     0.060         5
   116.715     5.952     0.060         5
   116.876     5.925     0.060         5
   117.027     5.899     0.060         5
   117.188     5.860     0.060         5
   117.346     5.830     0.060         5
   117.497     5.799     0.060         5
   117.658     5.765     0.060         5
   117.809     5.754     0.060         5
   117.970     5.722     0.060         5
   118.132     5.703     0.060         5
   118.293     5.665     0.060         5
   118.444     5.613     0.060         5
   118.605     5.568     0.060         5
   118.766     5.571     0.060         5
   118.930     5.542     0.060         5
   119.081     5.505     0.060         5
   119.242     5.476     0.060         5
   119.407     5.455     0.060         5
   119.568     5.435     0.060         5
   119.729     5.406     0.060         5
   119.890     5.397     0.060         5
   120.052     5.368     0.060         5
   120.213     5.355     0.060         5
   120.374     5.334     0.060         5
   120.536     5.318     0.060         5
   120.697     5.301     0.060         5
   120.858     5.280     0.060         5
   121.023     5.259     0.060         5
   121.184     5.238     0.060         5
   121.345     5.222     0.060         5
   121.509     5.202     0.060         5
   121.671     5.193     0.060         5
   121.832     5.173     0.060         5
   121.986     5.144     0.060         5
   122.147     5.124     0.060         5
   122.311     5.103     0.060         5
     3.720    22.464     0.060         8
     3.881    22.451     0.060         8
     4.056    22.447     0.060         8
     4.217    22.427     0.060         8
     4.379    22.390     0.060         8
     4.543    22.384     0.060         8
     4.704    22.369     0.060         8
     4.879    22.343     0.060         8
     5.041    22.335     0.060         8
     5.205    22.328     0.060         8
     5.369    22.289     0.060         8
     5.541    22.273     0.060         8
     5.706    22.255     0.060         8
     5.867    22.240     0.060         8
     6.029    22.225     0.060         8
     6.190    22.202     0.060         8
     6.341    22.182     0.060         8
     6.505    22.168     0.060         8
     6.663    22.153     0.060         8
     6.825    22.137     0.060         8
     6.986    22.109     0.060         8
     7.147    22.109     0.060         8
     7.309    22.077     0.060         8
     7.467    22.063     0.060         8
     7.629    22.041     0.060         8
     7.790    22.000     0.060         8
     7.951    21.976     0.060         8
     8.116    21.976     0.060         8
     8.277    21.941     0.060         8
     8.441    21.931     0.060         8
     8.603    21.918     0.060         8
     8.778    21.885     0.060         8
     8.939    21.873     0.060         8
     9.103    21.837     0.060         8
     9.268    21.822     0.060         8
     9.429    21.794     0.060         8
     9.590    21.782     0.060         8
     9.752    21.758     0.060         8
     9.913    21.745     0.060         8
    10.075    21.720     0.060         8
    10.236    21.699     0.060         8
    10.387    21.664     0.060         8
    10.715    21.619     0.060         8
    10.880    21.595     0.060         8
    11.044    21.568     0.060         8
    11.208    21.560     0.060         8
    11.380    21.551     0.060         8
    11.545    21.531     0.060         8
    11.881    21.492     0.060         8
    12.042    21.466     0.060         8
    12.207    21.445     0.060         8
    12.379    21.418     0.060         8
    12.543    21.402     0.060         8
    12.705    21.365     0.060         8
    12.866    21.362     0.060         8
    13.027    21.331     0.060         8
    13.186    21.328     0.060         8
    13.347    21.311     0.060         8
    13.505    21.301     0.060         8
    13.656    21.256     0.060         8
    13.817    21.250     0.060         8
    13.979    21.245     0.060         8
    14.143    21.214     0.060         8
    14.304    21.185     0.060         8
    14.458    21.159     0.060         8
    14.620    21.150     0.060         8
    14.784    21.137     0.060         8
    14.945    21.111     0.060         8
    15.110    21.075     0.060         8
    15.271    21.066     0.060         8
    15.435    21.041     0.060         8
    15.600    21.026     0.060         8
    15.750    21.021     0.060         8
    15.922    21.005     0.060         8
    16.087    20.970     0.060         8
    16.248    20.959     0.060         8
    16.412    20.949     0.060         8
    16.574    20.915     0.060         8
    16.738    20.888     0.060         8
    16.910    20.880     0.060         8
    17.074    20.859     0.060         8
    17.236    20.829     0.060         8
    17.397    20.803     0.060         8
    17.558    20.784     0.060         8
    17.709    20.758     0.060         8
    17.871    20.747     0.060         8
    18.032    20.719     0.060         8
    18.183    20.700     0.060         8
    18.341    20.685     0.060         8
    18.502    20.662     0.060         8
    18.656    20.657     0.060         8
    18.817    20.623     0.060         8
    18.979    20.594     0.060         8
    19.129    20.567     0.060         8
    19.291    20.558     0.060         8
    19.441    20.538     0.060         8
    19.603    20.502     0.060         8
    19.753    20.482     0.060         8
    19.915    20.458     0.060         8
    20.065    20.447     0.060         8
    20.216    20.419     0.060         8
    20.378    20.395     0.060         8
    20.531    20.367     0.060         8
    20.693    20.363     0.060         8
    20.843    20.339     0.060         8
    21.008    20.303     0.060         8
    21.158    20.289     0.060         8
    21.320    20.272     0.060         8
    21.473    20.241     0.060         8
    21.635    20.224     0.060         8
    21.785    20.204     0.060         8
    21.947    20.166     0.060         8
    22.100    20.159     0.060         8
    22.251    20.119     0.060         8
    22.402    20.115     0.060         8
    22.566    20.088     0.060         8
    22.717    20.077     0.060         8
    22.878    20.048     0.060         8
    23.032    20.033     0.060         8
    23.193    20.005     0.060         8
    23.344    19.975     0.060         8
    23.505    19.970     0.060         8
    23.656    19.931     0.060         8
    23.820    19.898     0.060         8
    23.981    19.892     0.060         8
    24.129    19.878     0.060         8
    24.291    19.853     0.060         8
    24.441    19.830     0.060         8
    24.600    19.795     0.060         8
    24.761    19.789     0.060         8
    24.922    19.776     0.060         8
    25.073    19.743     0.060         8
    25.231    19.730     0.060         8
    25.393    19.706     0.060         8
    25.543    19.679     0.060         8
    25.705    19.668     0.060         8
    25.855    19.647     0.060         8
    26.017    19.625     0.060         8
    26.167    19.596     0.060         8
    26.329    19.579     0.060         8
    26.479    19.561     0.060         8
    26.641    19.540     0.060         8
    26.794    19.542     0.060         8
    26.956    19.514     0.060         8
    27.117    19.481     0.060         8
    27.268    19.465     0.060         8
    27.432    19.461     0.060         8
    27.594    19.434     0.060         8
    27.744    19.393     0.060         8
    27.906    19.394     0.060         8
    28.067    19.359     0.060         8
    28.218    19.342     0.060         8
    28.379    19.306     0.060         8
    28.543    19.306     0.060         8
    51.357    16.354     0.060         8
    51.519    16.330     0.060         8
    51.672    16.323     0.060         8
    51.834    16.291     0.060         8
    51.984    16.279     0.060         8
    52.293    16.235     0.060         8
    52.605    16.200     0.060         8
    52.756    16.195     0.060         8
    52.907    16.177     0.060         8
    53.068    16.158     0.060         8
    53.219    16.137     0.060         8
    53.369    16.117     0.060         8
    53.520    16.109     0.060         8
    53.671    16.092     0.060         8
    53.821    16.082     0.060         8
    53.975    16.067     0.060         8
    54.126    16.055     0.060         8
    54.276    16.042     0.060         8
    54.430    16.036     0.060         8
    54.581    16.035     0.060         8
    54.734    16.001     0.060         8
    54.885    16.001     0.060         8
    55.036    15.973     0.060         8
    55.186    15.966     0.060         8
    55.340    15.956     0.060         8
    55.501    15.935     0.060         8
    55.652    15.911     0.060         8
    55.806    15.903     0.060         8
    55.956    15.887     0.060         8
    56.107    15.868     0.060         8
    56.261    15.852     0.060         8
    56.422    15.832     0.060         8
    56.573    15.816     0.060         8
    56.723    15.805     0.060         8
    56.882    15.785     0.060         8
    57.032    15.765     0.060         8
    57.183    15.762     0.060         8
    57.344    15.732     0.060         8
    57.495    15.718     0.060         8
    57.656    15.709     0.060         8
    57.807    15.691     0.060         8
    58.108    15.663     0.060         8
    58.259    15.654     0.060         8
    58.410    15.630     0.060         8
    58.568    15.616     0.060         8
    58.719    15.597     0.060         8
    58.869    15.578     0.060         8
    59.017    15.557     0.060         8
    59.178    15.562     0.060         8
    59.332    15.556     0.060         8
    59.483    15.520     0.060         8
    59.644    15.524     0.060         8
    59.795    15.520     0.060         8
    59.945    15.507     0.060         8
    60.107    15.484     0.060         8
    60.257    15.476     0.060         8
    60.408    15.464     0.060         8
    60.566    15.416     0.060         8
    60.717    15.401     0.060         8
    60.868    15.401     0.060         8
    61.021    15.386     0.060         8
    61.172    15.368     0.060         8
    61.315    15.354     0.060         8
    61.468    15.351     0.060         8
    61.619    15.350     0.060         8
    61.773    15.315     0.060         8
    61.923    15.327     0.060         8
    62.077    15.301     0.060         8
    62.228    15.281     0.060         8
    62.381    15.285     0.060         8
    62.532    15.265     0.060         8
    62.686    15.250     0.060         8
    62.839    15.247     0.060         8
    62.990    15.209     0.060         8
    63.143    15.212     0.060         8
    63.440    15.178     0.060         8
    63.591    15.164     0.060         8
    63.734    15.152     0.060         8
    63.887    15.144     0.060         8
    64.041    15.135     0.060         8
    64.181    15.135     0.060         8
    64.334    15.106     0.060         8
    64.485    15.094     0.060         8
    64.636    15.074     0.060         8
    64.942    15.043     0.060         8
    65.251    15.016     0.060         8
   122.634     5.102     0.060        10
   122.798     5.067     0.060        10
   122.959     5.010     0.060        10
   123.110     4.975     0.060        10
   123.271     4.940     0.060        10
   123.422     4.901     0.060        10
   123.583     4.859     0.060        10
   123.734     4.822     0.060        10
   123.895     4.780     0.060        10
   124.046     4.740     0.060        10
   124.207     4.703     0.060        10
   124.368     4.663     0.060        10
   124.522     4.627     0.060        10
   124.686     4.586     0.060        10
   124.837     4.548     0.060        10
   124.998     4.508     0.060        10
   125.162     4.473     0.060        10
   125.313     4.424     0.060        10
   125.474     4.378     0.060        10
   125.635     4.335     0.060        10
   125.786     4.302     0.060        10
   125.947     4.260     0.060        10
   126.098     4.219     0.060        10
   126.249     4.178     0.060        10
   126.410     4.119     0.060        10
   126.561     4.060     0.060        10
     9.913    37.710     0.060        28
    11.545    37.348     0.060        28
    12.207    37.195     0.060        28
    13.347    36.911     0.060        28
    14.620    36.591     0.060        28
    15.750    36.296     0.060        28
    16.248    36.183     0.060        28
    17.074    36.025     0.060        28
    18.817    35.589     0.060        28
    19.753    35.364     0.060        28
    20.693    35.166     0.060        28
    22.402    34.772     0.060        28
    23.344    34.559     0.060        28
    24.441    34.306     0.060        28
    25.073    34.161     0.060        28
    26.017    33.948     0.060        28
    27.117    33.684     0.060        28
   132.785     1.000     0.000         0
   132.988     1.808     0.060         1
   133.127     1.827     0.060         1
   133.279     1.854     0.060         1
   133.440     1.887     0.060         1
   133.598     1.924     0.060         1
   133.761     1.965     0.060         1
   133.921     2.014     0.060         1
   134.085     2.066     0.060         1
   134.245     2.121     0.060         1
   134.405     2.185     0.060         1
   134.570     2.250     0.060         1
   134.730     2.303     0.060         1
   134.894     2.361     0.060         1
   135.048     2.424     0.060         1
   135.209     2.483     0.060         1
   135.370     2.572     0.060         1
   135.534     2.661     0.060         1
   135.685     2.709     0.060         1
   135.846     2.763     0.060         1
   132.988     2.404     0.060         2
   133.127     2.415     0.060         2
   133.279     2.431     0.060         2
   133.598     2.467     0.060         2
   133.761     2.484     0.060         2
   133.921     2.506     0.060         2
   134.085     2.542     0.060         2
   134.245     2.570     0.060         2
   134.405     2.607     0.060         2
   134.570     2.656     0.060         2
   134.730     2.704     0.060         2
   134.894     2.753     0.060         2
   135.048     2.789     0.060         2
   135.209     2.821     0.060         2
   135.370     2.874     0.060         2
   132.988     2.965     0.060         3
   133.127     2.969     0.060         3
   133.279     2.980     0.060         3
   133.598     3.007     0.060         3
   133.761     3.027     0.060         3
   133.921     3.051     0.060         3
   134.085     3.077     0.060         3
   134.245     3.103     0.060         3
   134.405     3.133     0.060         3
   134.570     3.150     0.060         3
   134.730     3.199     0.060         3
   134.894     3.223     0.060         3
   135.048     3.247     0.060         3
   135.209     3.291     0.060         3
   135.370     3.320     0.060         3
   135.534     3.368     0.060         3
   139.492     4.466     0.060         5
   139.657     4.512     0.060         5
   139.807     4.553     0.060         5
   139.968     4.598     0.060         5
   140.130     4.647     0.060         5
   140.294     4.696     0.060         5
   140.455     4.732     0.060         5
   140.616     4.749     0.060         5
   140.777     4.778     0.060         5
   140.931     4.812     0.060         5
   141.092     4.851     0.060         5
   141.253     4.890     0.060         5
   141.418     4.925     0.060         5
   141.579     4.957     0.060         5
   141.740     4.993     0.060         5
   141.901     5.030     0.060         5
   142.066     5.066     0.060         5
   142.227     5.103     0.060         5
   142.381     5.139     0.060         5
   142.542     5.176     0.060         5
   142.703     5.213     0.060         5
   142.867     5.245     0.060         5
   143.018     5.274     0.060         5
   143.179     5.307     0.060         5
   143.340     5.340     0.060         5
   143.505     5.369     0.060         5
   143.666     5.401     0.060         5
   143.827     5.426     0.060         5
   143.988     5.446     0.060         5
   144.150     5.470     0.060         5
   144.311     5.490     0.060         5
   144.475     5.518     0.060         5
   144.626     5.548     0.060         5
   144.787     5.578     0.060         5
   144.948     5.608     0.060         5
   145.113     5.638     0.060         5
   145.274     5.660     0.060         5
   145.435     5.689     0.060         5
   145.596     5.717     0.060         5
   145.757     5.742     0.060         5
   145.919     5.771     0.060         5
   146.083     5.804     0.060         5
   146.244     5.829     0.060         5
   146.405     5.853     0.060         5
   146.567     5.885     0.060         5
   146.717     5.913     0.060         5
   146.882     5.937     0.060         5
   147.043     5.965     0.060         5
   147.204     5.989     0.060         5
   147.355     6.017     0.060         5
   147.516     6.041     0.060         5
   147.680     6.065     0.060         5
   147.841     6.089     0.060         5
   148.003     6.113     0.060         5
   148.153     6.145     0.060         5
   148.318     6.173     0.060         5
   148.479     6.197     0.060         5
   148.643     6.225     0.060         5
   148.794     6.253     0.060         5
   148.955     6.277     0.060         5
   149.116     6.309     0.060         5
   149.267     6.329     0.060         5
   149.431     6.357     0.060         5
   149.582     6.379     0.060         5
   149.746     6.409     0.060         5
   149.907     6.431     0.060         5
   150.061     6.461     0.060         5
   150.225     6.479     0.060         5
   150.376     6.506     0.060         5
   150.537     6.533     0.060         5
   150.691     6.557     0.060         5
   150.852     6.560     0.060         5
   151.006     6.583     0.060         5
   151.156     6.606     0.060         5
   151.310     6.644     0.060         5
   151.471     6.663     0.060         5
   151.625     6.679     0.060         5
   151.779     6.707     0.060         5
   151.932     6.719     0.060         5
   152.094     6.732     0.060         5
   152.247     6.746     0.060         5
   152.401     6.756     0.060         5
   152.555     6.761     0.060         5
   152.719     6.794     0.060         5
   152.873     6.801     0.060         5
   153.023     6.817     0.060         5
   153.177     6.860     0.060         5
   153.331     6.875     0.060         5
   153.481     6.898     0.060         5
   153.635     6.918     0.060         5
   153.789     6.938     0.060         5
   153.939     6.942     0.060         5
   154.093     6.954     0.060         5
   154.247     6.972     0.060         5
   154.390     6.972     0.060         5
   154.544     6.978     0.060         5
   154.697     6.968     0.060         5
   154.851     6.958     0.060         5
   155.005     6.953     0.060         5
   155.159     6.946     0.060         5
   155.312     6.955     0.060         5
   155.466     6.971     0.060         5
   155.620     6.988     0.060         5
   155.770     7.013     0.060         5
   155.932     7.014     0.060         5
   156.085     7.037     0.060         5
   156.236     7.048     0.060         5
   156.386     7.075     0.060         5
   156.548     7.105     0.060         5
   156.698     7.115     0.060         5
   156.849     7.141     0.060         5
   157.003     7.155     0.060         5
   157.149     7.178     0.060         5
   157.303     7.188     0.060         5
   157.452     7.203     0.060         5
   157.598     7.212     0.060         5
   157.748     7.225     0.060         5
   157.901     7.242     0.060         5
   158.043     7.255     0.060         5
   158.186     7.252     0.060         5
   158.339     7.275     0.060         5
   158.474     7.256     0.060         5
   158.620     7.303     0.060         5
   158.766     7.297     0.060         5
   158.902     7.328     0.060         5
   159.041     7.347     0.060         5
   159.169     7.372     0.060         5
   159.302     7.380     0.060         5
   159.434     7.401     0.060         5
   274.912    24.655     0.060         5
   275.902    24.740     0.060         5
   276.557    24.796     0.060         5
   277.367    24.847     0.060         5
   278.163    24.914     0.060         5
   278.811    25.005     0.060         5
   279.612    25.064     0.060         5
   280.413    25.161     0.060         5
   281.381    25.276     0.060         5
   281.696    25.305     0.060         5
   282.497    25.383     0.060         5
   282.973    25.432     0.060         5
   283.603    25.486     0.060         5
   284.089    25.506     0.060         5
   285.044    25.593     0.060         5
   285.848    25.693     0.060         5
   286.814    25.766     0.060         5
   287.464    25.847     0.060         5
   288.582    26.003     0.060         5
   289.227    26.117     0.060         5
   290.040    26.220     0.060         5
   290.527    26.310     0.060         5
   291.182    26.401     0.060         5
   291.669    26.487     0.060         5
   292.309    26.594     0.060         5
   292.785    26.683     0.060         5
   293.414    26.780     0.060         5
   294.347    26.955     0.060         5
   295.278    27.137     0.060         5
   296.044    27.233     0.060         5
   296.964    27.398     0.060         5
   298.194    27.583     0.060         5
   254.567    23.946     0.060         8
   257.047    24.073     0.060         8
   258.966    24.197     0.060         8
   260.391    24.295     0.060         8
   261.977    24.408     0.060         8
   264.892    24.657     0.060         8
   266.537    24.749     0.060         8
   268.158    24.850     0.060         8
   269.429    24.961     0.060         8
   271.041    25.062     0.060         8
   273.133    25.194     0.060         8
   275.737    25.386     0.060         8
   277.206    25.454     0.060         8
   279.448    25.586     0.060         8
   281.056    25.720     0.060         8
   282.497    25.817     0.060         8
   300.332    27.899     0.060        13
   304.221    28.451     0.060        13
   306.420    28.727     0.060        13
   308.291    28.955     0.060        13
   308.445    28.968     0.060        13
   310.321    29.151     0.060        13
   310.794    29.271     0.060        13
   311.256    29.260     0.060        13
   311.882    29.431     0.060        13
   312.667    29.439     0.060        13
   313.444    29.655     0.060        13
   314.220    29.643     0.060        13
   316.878    30.009     0.060        13
   318.482    30.231     0.060        13
   320.524    30.513     0.060        13
   322.671    30.826     0.060        13
   325.599    31.265     0.060        13
   327.165    31.510     0.060        13
   328.424    31.707     0.060        13
   330.285    31.996     0.060        13
   332.297    32.296     0.060        13
   334.284    32.582     0.060        13
   336.807    32.917     0.060        13
   338.558    33.137     0.060        13
   141.092     5.619     0.060        14
   141.253     5.639     0.060        14
   141.418     5.712     0.060        14
   141.579     5.744     0.060        14
   141.740     5.793     0.060        14
   141.901     5.829     0.060        14
   142.066     5.873     0.060        14
   142.227     5.905     0.060        14
   142.381     5.933     0.060        14
   142.542     5.961     0.060        14
   142.703     5.989     0.060        14
   142.867     6.014     0.060        14
   143.018     6.038     0.060        14
   143.179     6.072     0.060        14
   143.340     6.110     0.060        14
   143.505     6.140     0.060        14
   143.666     6.170     0.060        14
   143.827     6.201     0.060        14
   143.988     6.225     0.060        14
   144.150     6.252     0.060        14
   144.311     6.279     0.060        14
   144.475     6.314     0.060        14
   144.626     6.345     0.060        14
   144.787     6.380     0.060        14
   144.948     6.411     0.060        14
   145.113     6.439     0.060        14
   145.274     6.467     0.060        14
   145.435     6.495     0.060        14
   145.596     6.523     0.060        14
   145.757     6.547     0.060        14
   145.919     6.575     0.060        14
   146.083     6.599     0.060        14
   146.244     6.627     0.060        14
   146.405     6.651     0.060        14
   146.567     6.679     0.060        14
   146.717     6.715     0.060        14
   146.882     6.743     0.060        14
   147.043     6.775     0.060        14
   147.204     6.803     0.060        14
   147.355     6.827     0.060        14
   147.516     6.847     0.060        14
   147.680     6.867     0.060        14
   147.841     6.889     0.060        14
   148.003     6.916     0.060        14
   148.153     6.930     0.060        14
   148.318     6.968     0.060        14
   148.479     6.991     0.060        14
   148.643     7.013     0.060        14
   148.794     7.031     0.060        14
   148.955     7.062     0.060        14
   149.116     7.088     0.060        14
   149.267     7.115     0.060        14
   149.431     7.136     0.060        14
   149.582     7.151     0.060        14
   149.746     7.177     0.060        14
   149.907     7.199     0.060        14
   150.061     7.221     0.060        14
   150.225     7.235     0.060        14
   150.376     7.257     0.060        14
   150.537     7.285     0.060        14
   150.691     7.309     0.060        14
   150.852     7.313     0.060        14
   151.006     7.341     0.060        14
   151.156     7.369     0.060        14
   151.310     7.385     0.060        14
   151.471     7.404     0.060        14
   151.625     7.432     0.060        14
   151.779     7.444     0.060        14
   151.932     7.463     0.060        14
   152.094     7.482     0.060        14
   152.247     7.502     0.060        14
   152.401     7.517     0.060        14
   152.555     7.529     0.060        14
   152.719     7.536     0.060        14
   152.873     7.595     0.060        14
   153.023     7.623     0.060        14
   153.177     7.622     0.060        14
   153.331     7.640     0.060        14
   153.481     7.659     0.060        14
   153.635     7.686     0.060        14
   153.789     7.709     0.060        14
   153.939     7.743     0.060        14
   154.093     7.742     0.060        14
   154.247     7.753     0.060        14
   154.390     7.761     0.060        14
   154.544     7.753     0.060        14
   154.697     7.840     0.060        14
   154.851     7.848     0.060        14
   155.005     7.847     0.060        14
   155.159     7.831     0.060        14
   155.312     7.838     0.060        14
   155.466     7.842     0.060        14
   155.620     7.857     0.060        14
   155.770     7.885     0.060        14
   228.167    22.048     0.060        16
   229.318    22.126     0.060        16
   230.856    22.236     0.060        16
   231.850    22.294     0.060        16
   232.846    22.352     0.060        16
   233.832    22.393     0.060        16
   235.239    22.503     0.060        16
   236.383    22.594     0.060        16
   237.692    22.692     0.060        16
   238.886    22.827     0.060        16
   239.658    22.890     0.060        16
   241.206    23.049     0.060        16
   242.120    23.149     0.060        16
   244.163    23.339     0.060        16
   245.688    23.445     0.060        16
   246.584    23.524     0.060        16
   247.671    23.594     0.060        16
   247.835    23.597     0.060        16
   248.459    23.644     0.060        16
   249.236    23.724     0.060        16
   250.163    23.790     0.060        16
   251.257    23.893     0.060        16
   252.528    23.987     0.060        16
     0.000     0.000     0.000        -1
