   324.769    -1.000     0.000         0
   321.905     2.134     0.060         1
   322.056     2.054     0.060         1
   322.206     1.956     0.060         1
   322.370     1.870     0.060         1
   322.521     1.793     0.060         1
   322.671     1.715     0.060         1
   322.836     1.642     0.060         1
   322.986     1.568     0.060         1
   323.150     1.499     0.060         1
   323.301     1.446     0.060         1
   323.451     1.389     0.060         1
   323.604     1.336     0.060         1
   323.755     1.292     0.060         1
   323.905     1.247     0.060         1
   324.055     1.215     0.060         1
   324.208     1.195     0.060         1
   324.358     1.172     0.060         1
   324.507     1.151     0.060         1
   324.665     1.135     0.060         1
   324.696     1.141     0.060         1
   322.986     1.841     0.060         2
   323.150     1.793     0.060         2
   323.301     1.740     0.060         2
   323.451     1.695     0.060         2
   323.604     1.659     0.060         2
   323.755     1.635     0.060         2
   323.905     1.594     0.060         2
   324.055     1.579     0.060         2
   324.208     1.567     0.060         2
   324.358     1.555     0.060         2
   324.507     1.533     0.060         2
   324.665     1.529     0.060         2
   324.696     1.537     0.060         2
   323.150     2.024     0.060         3
   323.301     1.991     0.060         3
   323.451     1.980     0.060         3
   323.604     1.941     0.060         3
   323.755     1.942     0.060         3
   323.905     1.927     0.060         3
   324.055     1.920     0.060         3
   324.208     1.934     0.060         3
   324.358     1.939     0.060         3
   324.507     1.932     0.060         3
   324.665     1.933     0.060         3
   324.696     1.949     0.060         3
   249.548    15.294     0.060         5
   250.785    15.041     0.060         5
   251.728    14.858     0.060         5
   252.681    14.675     0.060         5
   253.634    14.466     0.060         5
   254.727    14.234     0.060         5
   255.810    14.023     0.060         5
   256.584    13.885     0.060         5
   257.047    13.809     0.060         5
   257.681    13.676     0.060         5
   258.167    13.581     0.060         5
   259.116    13.405     0.060         5
   259.753    13.274     0.060         5
   260.863    13.093     0.060         5
   261.812    12.904     0.060         5
   263.272    12.612     0.060         5
   263.906    12.496     0.060         5
   264.734    12.376     0.060         5
   265.552    12.220     0.060         5
   276.227     9.936     0.060         5
   277.048     9.774     0.060         5
   277.679     9.654     0.060         5
   278.163     9.546     0.060         5
   278.649     9.445     0.060         5
   279.773     9.186     0.060         5
   280.262     9.085     0.060         5
   281.217     8.918     0.060         5
   282.648     8.629     0.060         5
   283.764     8.418     0.060         5
   284.890     8.175     0.060         5
   286.173     7.926     0.060         5
   287.303     7.727     0.060         5
   287.789     7.631     0.060         5
   288.743     7.440     0.060         5
   289.065     7.403     0.060         5
   289.388     7.347     0.060         5
   289.718     7.299     0.060         5
   290.040     7.263     0.060         5
   290.366     7.237     0.060         5
   291.021     7.160     0.060         5
   291.182     7.140     0.060         5
   291.830     7.039     0.060         5
   292.309     7.006     0.060         5
   292.623     6.969     0.060         5
   293.253     6.903     0.060         5
   293.567     6.867     0.060         5
   293.882     6.846     0.060         5
   294.347     6.785     0.060         5
   294.813     6.728     0.060         5
   295.114     6.703     0.060         5
   295.579     6.646     0.060         5
   295.883     6.614     0.060         5
   296.498     6.525     0.060         5
   296.964     6.457     0.060         5
   297.432     6.392     0.060         5
   297.889     6.324     0.060         5
   298.500     6.239     0.060         5
   299.114     6.151     0.060         5
   299.421     6.122     0.060         5
   299.873     6.061     0.060         5
   300.177     6.028     0.060         5
   300.330     6.025     0.060         5
   300.481     5.992     0.060         5
   300.632     5.977     0.060         5
   300.782     5.949     0.060         5
   300.933     5.931     0.060         5
   301.083     5.923     0.060         5
   301.381     5.875     0.060         5
   301.542     5.862     0.060         5
   301.701     5.846     0.060         5
   301.862     5.821     0.060         5
   302.171     5.781     0.060         5
   302.332     5.770     0.060         5
   302.493     5.748     0.060         5
   302.816     5.711     0.060         5
   302.966     5.684     0.060         5
   303.127     5.675     0.060         5
   303.436     5.624     0.060         5
   303.597     5.590     0.060         5
   303.748     5.594     0.060         5
   303.909     5.577     0.060         5
   304.060     5.536     0.060         5
   304.221     5.530     0.060         5
   304.371     5.495     0.060         5
   304.532     5.470     0.060         5
   304.844     5.438     0.060         5
   304.998     5.409     0.060         5
   305.159     5.376     0.060         5
   305.320     5.353     0.060         5
   305.471     5.326     0.060         5
   305.782     5.263     0.060         5
   305.943     5.224     0.060         5
   306.094     5.203     0.060         5
   306.258     5.175     0.060         5
   306.419     5.158     0.060         5
   306.570     5.137     0.060         5
   306.731     5.098     0.060         5
   306.884     5.085     0.060         5
   307.046     5.057     0.060         5
   307.196     5.041     0.060         5
   307.350     5.021     0.060         5
   307.511     4.981     0.060         5
   307.661     4.953     0.060         5
   307.815     4.933     0.060         5
   307.976     4.913     0.060         5
   308.129     4.881     0.060         5
   308.290     4.845     0.060         5
   308.444     4.833     0.060         5
   308.597     4.809     0.060         5
   308.758     4.773     0.060         5
   308.912     4.753     0.060         5
   309.073     4.729     0.060         5
   309.224     4.701     0.060         5
   309.385     4.665     0.060         5
   309.535     4.649     0.060         5
   309.697     4.625     0.060         5
   309.847     4.600     0.060         5
   310.008     4.573     0.060         5
   310.159     4.536     0.060         5
   310.320     4.507     0.060         5
   310.481     4.478     0.060         5
   310.632     4.460     0.060         5
   310.793     4.423     0.060         5
   310.943     4.402     0.060         5
   311.105     4.381     0.060         5
   311.255     4.353     0.060         5
   311.416     4.310     0.060         5
   311.567     4.286     0.060         5
   311.731     4.262     0.060         5
   311.881     4.222     0.060         5
   312.043     4.189     0.060         5
   312.204     4.164     0.060         5
   312.354     4.127     0.060         5
   312.505     4.111     0.060         5
   312.666     4.083     0.060         5
   312.817     4.061     0.060         5
   312.978     4.040     0.060         5
   313.131     4.026     0.060         5
   313.292     4.004     0.060         5
   313.443     3.978     0.060         5
   313.604     3.958     0.060         5
   313.755     3.930     0.060         5
   313.905     3.890     0.060         5
   314.069     3.866     0.060         5
   314.220     3.838     0.060         5
   314.381     3.807     0.060         5
   314.531     3.781     0.060         5
   314.693     3.741     0.060         5
   314.843     3.713     0.060         5
   315.004     3.686     0.060         5
   315.155     3.656     0.060         5
   315.316     3.625     0.060         5
   315.467     3.599     0.060         5
   315.628     3.577     0.060         5
   315.778     3.553     0.060         5
   315.929     3.529     0.060         5
   316.090     3.501     0.060         5
   316.240     3.473     0.060         5
   316.405     3.436     0.060         5
   316.555     3.404     0.060         5
   316.716     3.372     0.060         5
   316.877     3.347     0.060         5
   317.039     3.321     0.060         5
   317.200     3.284     0.060         5
   317.350     3.252     0.060         5
   317.512     3.223     0.060         5
   317.673     3.194     0.060         5
   317.834     3.161     0.060         5
   317.995     3.129     0.060         5
   318.159     3.101     0.060         5
   318.320     3.065     0.060         5
   318.482     3.038     0.060         5
   318.632     3.010     0.060         5
   318.793     2.980     0.060         5
   318.954     2.959     0.060         5
   319.116     2.934     0.060         5
   319.277     2.898     0.060         5
   230.300    18.581     0.060         8
   231.560    18.383     0.060         8
   232.698    18.201     0.060         8
   233.416    18.107     0.060         8
   234.389    17.971     0.060         8
   234.949    17.901     0.060         8
   235.379    17.836     0.060         8
   236.240    17.685     0.060         8
   236.813    17.606     0.060         8
   237.692    17.458     0.060         8
   238.273    17.352     0.060         8
   239.970    17.088     0.060         8
   240.593    17.034     0.060         8
   241.668    16.868     0.060         8
   242.274    16.772     0.060         8
   242.704    16.691     0.060         8
   243.717    16.553     0.060         8
   244.461    16.432     0.060         8
   245.078    16.345     0.060         8
   246.129    16.173     0.060         8
   247.367    15.981     0.060         8
   247.986    15.861     0.060         8
   248.609    15.740     0.060         8
   249.085    15.677     0.060         8
   249.859    15.524     0.060         8
   250.470    15.419     0.060         8
   251.410    15.256     0.060         8
   252.045    15.126     0.060         8
   253.327    14.886     0.060         8
   253.795    14.794     0.060         8
   254.727    14.608     0.060         8
   255.810    14.392     0.060         8
   256.272    14.323     0.060         8
   257.208    14.127     0.060         8
   258.167    13.959     0.060         8
   258.801    13.814     0.060         8
   259.753    13.637     0.060         8
   260.702    13.474     0.060         8
   319.589     2.853     0.060        10
   319.908     2.774     0.060        10
   320.220     2.705     0.060        10
   320.524     2.634     0.060        10
   320.685     2.576     0.060        10
   320.835     2.523     0.060        10
   320.989     2.465     0.060        10
   321.300     2.360     0.060        10
   321.451     2.300     0.060        10
   224.227    20.246     0.060        14
   225.389    20.129     0.060        14
   227.145    19.912     0.060        14
   228.748    19.662     0.060        14
   230.160    19.464     0.060        14
   230.716    19.390     0.060        14
   232.845    19.072     0.060        14
   235.239    18.709     0.060        14
   236.963    18.425     0.060        14
   238.574    18.116     0.060        14
   239.819    17.874     0.060        14
   241.970    17.514     0.060        14
   242.844    17.333     0.060        14
   244.313    17.066     0.060        14
   245.240    16.896     0.060        14
   249.397    16.162     0.060        14
   250.163    16.066     0.060        14
   251.256    15.848     0.060        14
   252.363    15.662     0.060        14
   253.634    15.420     0.060        14
   254.257    15.274     0.060        14
   255.498    15.023     0.060        14
   256.272    14.861     0.060        14
   257.519    14.606     0.060        14
   258.479    14.370     0.060        14
   259.439    14.184     0.060        14
   260.552    13.962     0.060        14
   261.651    13.789     0.060        14
   262.624    13.553     0.060        14
   263.584    13.351     0.060        14
   264.734    13.108     0.060        14
   265.383    12.945     0.060        14
   266.699    12.699     0.060        14
   268.802    12.336     0.060        14
   270.238    12.057     0.060        14
   276.729    10.535     0.060        14
   278.975    10.123     0.060        14
   279.773     9.957     0.060        14
   280.577     9.775     0.060        14
   282.021     9.479     0.060        14
   283.288     9.286     0.060        14
   284.565     9.044     0.060        14
   285.848     8.834     0.060        14
   287.303     8.539     0.060        14
   288.421     8.333     0.060        14
   289.879     8.066     0.060        14
   291.505     7.912     0.060        14
   292.623     7.710     0.060        14
   293.567     7.606     0.060        14
   294.498     7.507     0.060        14
   295.428     7.358     0.060        14
   296.044     7.249     0.060        14
   297.278     7.159     0.060        14
   298.193     7.059     0.060        14
   299.267     6.993     0.060        14
   300.177     6.828     0.060        14
   301.231     6.716     0.060        14
   302.332     6.626     0.060        14
   303.597     6.420     0.060        14
   304.371     6.353     0.060        14
   305.159     6.175     0.060        14
   306.258     6.018     0.060        14
   307.661     5.780     0.060        14
   308.758     5.624     0.060        14
   310.632     5.326     0.060        14
   311.881     5.087     0.060        14
   313.131     4.849     0.060        14
   314.531     4.541     0.060        14
   315.467     4.342     0.060        14
   316.716     4.087     0.060        14
   318.482     3.764     0.060        14
   324.769     1.000     0.000         0
   324.980     1.160     0.060         1
   325.128     1.187     0.060         1
   325.288     1.219     0.060         1
   325.449     1.263     0.060         1
   325.599     1.310     0.060         1
   325.760     1.362     0.060         1
   325.921     1.418     0.060         1
   326.071     1.484     0.060         1
   326.232     1.552     0.060         1
   326.383     1.624     0.060         1
   326.544     1.704     0.060         1
   326.691     1.780     0.060         1
   326.853     1.864     0.060         1
   327.003     1.959     0.060         1
   327.164     2.042     0.060         1
   327.325     2.115     0.060         1
   327.476     2.219     0.060         1
   327.637     2.314     0.060         1
   324.980     1.549     0.060         2
   325.128     1.586     0.060         2
   325.288     1.604     0.060         2
   325.449     1.623     0.060         2
   325.599     1.665     0.060         2
   325.760     1.717     0.060         2
   325.921     1.773     0.060         2
   326.071     1.825     0.060         2
   324.980     1.961     0.060         3
   325.128     1.963     0.060         3
   325.288     1.981     0.060         3
   325.449     2.007     0.060         3
   325.599     2.030     0.060         3
   325.760     2.040     0.060         3
   325.921     2.077     0.060         3
   326.071     2.101     0.060         3
   326.232     2.119     0.060         3
   326.383     2.158     0.060         3
   326.544     2.193     0.060         3
   326.691     2.244     0.060         3
   330.751     3.380     0.060         5
   330.904     3.420     0.060         5
   331.054     3.455     0.060         5
   331.208     3.499     0.060         5
   331.372     3.506     0.060         5
   331.675     3.575     0.060         5
   331.829     3.632     0.060         5
   331.993     3.656     0.060         5
   332.146     3.676     0.060         5
   332.297     3.725     0.060         5
   332.450     3.753     0.060         5
   332.921     3.855     0.060         5
   333.072     3.895     0.060         5
   333.225     3.944     0.060         5
   333.368     3.985     0.060         5
   333.521     4.022     0.060         5
   333.675     4.071     0.060         5
   333.825     4.095     0.060         5
   333.979     4.136     0.060         5
   334.132     4.181     0.060         5
   334.283     4.230     0.060         5
   334.436     4.263     0.060         5
   334.590     4.319     0.060         5
   334.740     4.330     0.060         5
   334.904     4.397     0.060         5
   335.058     4.442     0.060         5
   335.222     4.458     0.060         5
   335.373     4.494     0.060         5
   335.534     4.535     0.060         5
   335.687     4.584     0.060         5
   335.851     4.608     0.060         5
   336.002     4.636     0.060         5
   336.166     4.686     0.060         5
   336.327     4.760     0.060         5
   336.491     4.788     0.060         5
   336.645     4.820     0.060         5
   336.806     4.868     0.060         5
   336.970     4.908     0.060         5
   337.134     4.949     0.060         5
   337.288     4.987     0.060         5
   337.452     5.032     0.060         5
   337.606     5.056     0.060         5
   337.770     5.072     0.060         5
   337.931     5.128     0.060         5
   338.095     5.154     0.060         5
   338.246     5.186     0.060         5
   338.407     5.223     0.060         5
   338.557     5.247     0.060         5
   338.718     5.282     0.060         5
   338.879     5.308     0.060         5
   339.041     5.335     0.060         5
   339.202     5.365     0.060         5
   339.352     5.387     0.060         5
   339.513     5.421     0.060         5
   339.674     5.451     0.060         5
   339.832     5.500     0.060         5
   339.983     5.524     0.060         5
   340.144     5.552     0.060         5
   340.305     5.589     0.060         5
   340.453     5.594     0.060         5
   340.614     5.616     0.060         5
   340.772     5.643     0.060         5
   340.933     5.664     0.060         5
   341.091     5.684     0.060         5
   341.252     5.713     0.060         5
   341.403     5.749     0.060         5
   341.567     5.770     0.060         5
   341.717     5.791     0.060         5
   341.882     5.807     0.060         5
   342.046     5.829     0.060         5
   342.196     5.848     0.060         5
   342.360     5.870     0.060         5
   342.521     5.892     0.060         5
   342.686     5.914     0.060         5
   342.839     5.940     0.060         5
   343.000     5.966     0.060         5
   343.164     5.997     0.060         5
   343.329     6.013     0.060         5
   343.490     6.049     0.060         5
   343.654     6.081     0.060         5
   343.818     6.105     0.060         5
   343.979     6.133     0.060         5
   344.133     6.161     0.060         5
   344.294     6.177     0.060         5
   344.458     6.205     0.060         5
   344.611     6.233     0.060         5
   344.772     6.261     0.060         5
   344.926     6.293     0.060         5
   345.090     6.317     0.060         5
   345.251     6.345     0.060         5
   345.402     6.382     0.060         5
   345.563     6.406     0.060         5
   345.727     6.438     0.060         5
   345.878     6.437     0.060         5
   346.039     6.469     0.060         5
   346.203     6.493     0.060         5
   346.353     6.517     0.060         5
   346.514     6.545     0.060         5
   346.679     6.581     0.060         5
   346.840     6.618     0.060         5
   346.990     6.641     0.060         5
   347.154     6.670     0.060         5
   347.308     6.702     0.060         5
   347.469     6.730     0.060         5
   347.622     6.762     0.060         5
   347.787     6.795     0.060         5
   347.937     6.814     0.060         5
   348.091     6.843     0.060         5
   348.255     6.875     0.060         5
   348.408     6.899     0.060         5
   348.572     6.916     0.060         5
   348.726     6.956     0.060         5
   348.890     7.008     0.060         5
   349.044     6.984     0.060         5
   349.208     7.026     0.060         5
   349.358     7.084     0.060         5
   349.519     7.091     0.060         5
   349.680     7.107     0.060         5
   349.842     7.152     0.060         5
   350.003     7.177     0.060         5
   350.164     7.205     0.060         5
   350.322     7.242     0.060         5
   350.483     7.268     0.060         5
   350.644     7.309     0.060         5
   350.792     7.334     0.060         5
   350.953     7.362     0.060         5
   351.114     7.399     0.060         5
   351.272     7.424     0.060         5
   351.433     7.458     0.060         5
   351.583     7.483     0.060         5
   351.745     7.518     0.060         5
   351.906     7.529     0.060         5
   352.067     7.569     0.060         5
   352.228     7.595     0.060         5
   352.392     7.618     0.060         5
   352.553     7.650     0.060         5
   352.704     7.673     0.060         5
   352.865     7.689     0.060         5
   353.015     7.709     0.060         5
   353.176     7.727     0.060         5
   353.330     7.757     0.060         5
   353.491     7.795     0.060         5
   353.642     7.805     0.060         5
   353.806     7.814     0.060         5
   353.956     7.863     0.060         5
   354.110     7.872     0.060         5
   354.271     7.888     0.060         5
   354.424     7.915     0.060         5
   354.585     7.948     0.060         5
   354.739     7.976     0.060         5
   354.900     8.015     0.060         5
   355.054     8.026     0.060         5
   355.215     8.064     0.060         5
   355.368     8.065     0.060         5
   355.529     8.095     0.060         5
   355.683     8.127     0.060         5
   355.833     8.160     0.060         5
   355.997     8.163     0.060         5
   356.148     8.167     0.060         5
   356.312     8.205     0.060         5
   356.462     8.251     0.060         5
   356.624     8.288     0.060         5
   356.788     8.311     0.060         5
   356.938     8.321     0.060         5
   357.102     8.376     0.060         5
   357.263     8.396     0.060         5
   357.417     8.424     0.060         5
   357.578     8.467     0.060         5
   357.742     8.493     0.060         5
   357.896     8.528     0.060         5
   358.057     8.557     0.060         5
   358.210     8.569     0.060         5
   358.374     8.605     0.060         5
   358.536     8.637     0.060         5
   358.700     8.687     0.060         5
   358.861     8.693     0.060         5
   359.014     8.738     0.060         5
   359.178     8.745     0.060         5
   359.340     8.811     0.060         5
   359.504     8.835     0.060         5
   359.665     8.867     0.060         5
   359.818     8.895     0.060         5
   359.979     8.936     0.060         5
   360.130     8.980     0.060         5
   360.444     9.012     0.060         5
   360.609     9.066     0.060         5
   360.770     9.089     0.060         5
   360.934     9.134     0.060         5
   361.095     9.150     0.060         5
   361.259     9.195     0.060         5
   361.420     9.241     0.060         5
   361.581     9.268     0.060         5
   361.732     9.300     0.060         5
   361.893     9.345     0.060         5
   362.043     9.377     0.060         5
   362.208     9.405     0.060         5
   362.358     9.484     0.060         5
   362.519     9.437     0.060         5
   362.680     9.507     0.060         5
   362.841     9.517     0.060         5
   363.005     9.588     0.060         5
   363.167     9.633     0.060         5
   363.338     9.661     0.060         5
   363.499     9.702     0.060         5
   363.664     9.730     0.060         5
   363.825     9.770     0.060         5
   363.986     9.811     0.060         5
   364.308     9.899     0.060         5
   364.945    10.032     0.060         5
   365.109    10.084     0.060         5
   365.424    10.165     0.060         5
   365.749    10.283     0.060         5
   365.910    10.351     0.060         5
   366.225    10.403     0.060         5
   366.539    10.459     0.060         5
   367.015    10.535     0.060         5
   367.655    10.719     0.060         5
   328.107     2.586     0.060        10
   328.265     2.648     0.060        10
   328.424     2.692     0.060        10
   328.585     2.737     0.060        10
   328.733     2.776     0.060        10
   328.891     2.821     0.060        10
   329.050     2.884     0.060        10
   329.197     2.939     0.060        10
   329.358     2.980     0.060        10
   329.506     3.020     0.060        10
   329.670     3.080     0.060        10
   329.821     3.125     0.060        10
   329.971     3.165     0.060        10
   330.124     3.233     0.060        10
   330.751     4.223     0.060        14
   331.829     4.491     0.060        14
   333.072     4.726     0.060        14
   333.825     5.020     0.060        14
   334.740     5.202     0.060        14
   335.222     5.328     0.060        14
   336.002     5.506     0.060        14
   336.806     5.672     0.060        14
   337.606     5.789     0.060        14
   338.246     5.918     0.060        14
   339.202     6.071     0.060        14
   339.983     6.184     0.060        14
   341.091     6.390     0.060        14
   341.882     6.506     0.060        14
   343.000     6.696     0.060        14
   343.818     6.829     0.060        14
   344.926     7.084     0.060        14
   345.727     7.184     0.060        14
   346.679     7.370     0.060        14
   348.091     7.612     0.060        14
   349.208     7.835     0.060        14
   349.842     7.964     0.060        14
   350.953     8.183     0.060        14
   351.906     8.369     0.060        14
   352.865     8.505     0.060        14
   354.271     8.747     0.060        14
   354.900     8.877     0.060        14
   355.997     9.046     0.060        14
   357.578     9.341     0.060        14
   358.536     9.527     0.060        14
   359.340     9.693     0.060        14
   359.818     9.819     0.060        14
   360.770    10.021     0.060        14
   361.420    10.151     0.060        14
   362.043    10.297     0.060        14
   362.841    10.463     0.060        14
   363.167    10.569     0.060        14
   363.499    10.658     0.060        14
   363.825    10.715     0.060        14
   364.794    10.987     0.060        14
     0.000     0.000     0.000        -1
