   246.787    -1.000     0.000         0
   243.282     3.221     0.060         1
   243.419     3.159     0.060         1
   243.569     3.102     0.060         1
   243.717     3.025     0.060         1
   243.857     2.952     0.060         1
   244.015     2.891     0.060         1
   244.163     2.841     0.060         1
   244.313     2.763     0.060         1
   244.461     2.712     0.060         1
   244.622     2.671     0.060         1
   244.770     2.610     0.060         1
   244.931     2.575     0.060         1
   245.079     2.540     0.060         1
   245.240     2.498     0.060         1
   245.387     2.469     0.060         1
   245.538     2.430     0.060         1
   245.688     2.402     0.060         1
   245.825     2.382     0.060         1
   245.975     2.361     0.060         1
   246.129     2.334     0.060         1
   246.269     2.315     0.060         1
   246.430     2.301     0.060         1
   246.584     2.302     0.060         1
   246.732     2.293     0.060         1
   100.465    26.020     0.060         5
   101.081    25.930     0.060         5
   101.843    25.810     0.060         5
   102.462    25.723     0.060         5
   102.917    25.649     0.060         5
   103.838    25.511     0.060         5
   104.314    25.465     0.060         5
   104.947    25.377     0.060         5
   105.727    25.276     0.060         5
   106.680    25.151     0.060         5
   107.145    25.084     0.060         5
   107.923    24.963     0.060         5
   108.084    24.960     0.060         5
   108.694    24.867     0.060         5
   109.315    24.789     0.060         5
   109.791    24.726     0.060         5
   110.418    24.638     0.060         5
   111.042    24.559     0.060         5
   111.817    24.443     0.060         5
   112.440    24.361     0.060         5
   113.201    24.257     0.060         5
   113.833    24.160     0.060         5
   114.635    24.058     0.060         5
   115.441    23.935     0.060         5
   116.245    23.823     0.060         5
   116.557    23.779     0.060         5
   117.188    23.678     0.060         5
   117.970    23.593     0.060         5
   118.443    23.522     0.060         5
   118.930    23.457     0.060         5
   119.407    23.410     0.060         5
   119.890    23.342     0.060         5
   120.213    23.320     0.060         5
   120.697    23.277     0.060         5
   121.345    23.187     0.060         5
   121.986    23.106     0.060         5
   122.634    23.023     0.060         5
   123.271    22.940     0.060         5
   123.895    22.869     0.060         5
   124.522    22.798     0.060         5
   125.162    22.723     0.060         5
   125.947    22.636     0.060         5
   126.872    22.513     0.060         5
   127.181    22.480     0.060         5
   127.969    22.362     0.060         5
   128.120    22.364     0.060         5
   129.250    22.208     0.060         5
   129.576    22.192     0.060         5
   130.378    22.102     0.060         5
   131.018    22.012     0.060         5
   131.806    21.928     0.060         5
   132.457    21.845     0.060         5
   132.783    21.805     0.060         5
   133.752    21.662     0.060         5
   134.564    21.554     0.060         5
   135.205    21.476     0.060         5
   135.996    21.380     0.060         5
   136.948    21.245     0.060         5
   137.575    21.166     0.060         5
   138.215    21.062     0.060         5
   139.003    20.979     0.060         5
   139.805    20.866     0.060         5
   140.453    20.801     0.060         5
   141.252    20.695     0.060         5
   142.866    20.445     0.060         5
   144.625    20.175     0.060         5
   145.918    20.002     0.060         5
   147.355    19.760     0.060         5
   148.794    19.517     0.060         5
   150.376    19.255     0.060         5
   151.625    19.036     0.060         5
   224.658     7.775     0.060         5
   224.948     7.727     0.060         5
   225.389     7.662     0.060         5
   225.529     7.634     0.060         5
   225.973     7.562     0.060         5
   226.124     7.537     0.060         5
   226.414     7.493     0.060         5
   226.855     7.412     0.060         5
   227.006     7.384     0.060         5
   227.296     7.332     0.060         5
   227.737     7.276     0.060         5
   228.028     7.223     0.060         5
   228.461     7.163     0.060         5
   228.749     7.115     0.060         5
   229.179     7.038     0.060         5
   229.596     6.965     0.060         5
   229.883     6.925     0.060         5
   230.160     6.865     0.060         5
   230.440     6.812     0.060         5
   230.717     6.768     0.060         5
   230.993     6.711     0.060         5
   231.424     6.634     0.060         5
   231.701     6.586     0.060         5
   231.851     6.545     0.060         5
   232.408     6.444     0.060         5
   232.698     6.379     0.060         5
   232.846     6.347     0.060         5
   232.986     6.306     0.060         5
   233.265     6.246     0.060         5
   233.416     6.213     0.060         5
   233.693     6.152     0.060         5
   234.112     6.080     0.060         5
   234.389     6.023     0.060         5
   234.529     5.978     0.060         5
   234.669     5.950     0.060         5
   234.949     5.897     0.060         5
   235.099     5.861     0.060         5
   235.239     5.820     0.060         5
   235.379     5.779     0.060         5
   235.670     5.723     0.060         5
   235.809     5.670     0.060         5
   236.100     5.621     0.060         5
   236.383     5.548     0.060         5
   236.673     5.471     0.060         5
   236.813     5.434     0.060         5
   237.100     5.374     0.060         5
   237.251     5.325     0.060         5
   237.391     5.272     0.060         5
   237.541     5.243     0.060         5
   237.832     5.183     0.060         5
    59.794    32.467     0.060         8
    61.021    32.290     0.060         8
    62.685    32.082     0.060         8
    63.733    31.962     0.060         8
    65.251    31.770     0.060         8
    66.782    31.582     0.060         8
    67.995    31.430     0.060         8
    69.232    31.274     0.060         8
    70.798    31.053     0.060         8
    72.673    30.796     0.060         8
    73.615    30.676     0.060         8
    74.393    30.568     0.060         8
    75.293    30.443     0.060         8
    76.057    30.335     0.060         8
    76.830    30.226     0.060         8
    78.375    30.018     0.060         8
    78.848    29.974     0.060         8
    80.394    29.716     0.060         8
    81.790    29.531     0.060         8
    83.508    29.290     0.060         8
    84.762    29.134     0.060         8
    85.714    28.964     0.060         8
    86.656    28.823     0.060         8
    88.071    28.631     0.060         8
    89.013    28.465     0.060         8
    89.632    28.376     0.060         8
    91.029    28.138     0.060         8
    91.974    28.005     0.060         8
    93.077    27.819     0.060         8
    95.452    27.448     0.060         8
    96.251    27.298     0.060         8
    97.354    27.146     0.060         8
    98.298    27.017     0.060         8
    99.069    26.908     0.060         8
   100.314    26.727     0.060         8
   101.536    26.538     0.060         8
   102.917    26.312     0.060         8
   104.947    26.072     0.060         8
   106.368    25.896     0.060         8
   108.235    25.660     0.060         8
   109.167    25.557     0.060         8
   109.953    25.473     0.060         8
   111.666    25.270     0.060         8
   112.128    25.214     0.060         8
   113.051    25.098     0.060         8
   113.672    25.043     0.060         8
   115.119    24.900     0.060         8
   115.925    24.838     0.060         8
   116.715    24.776     0.060         8
   117.497    24.705     0.060         8
   118.766    24.570     0.060         8
   119.568    24.482     0.060         8
   121.345    24.362     0.060         8
   122.472    24.231     0.060         8
   124.207    23.965     0.060         8
   124.998    23.927     0.060         8
   126.249    23.784     0.060         8
   127.655    23.620     0.060         8
   128.771    23.480     0.060         8
   129.250    23.512     0.060         8
   130.693    23.390     0.060         8
   131.330    23.352     0.060         8
   133.101    23.165     0.060         8
   134.564    23.006     0.060         8
   136.308    22.865     0.060         8
   137.263    22.783     0.060         8
   138.215    22.688     0.060         8
   139.168    22.597     0.060         8
   140.615    22.413     0.060         8
     6.029    37.811     0.060        13
     6.986    37.681     0.060        13
     8.441    37.501     0.060        13
     9.590    37.357     0.060        13
    10.715    37.212     0.060        13
    12.042    37.054     0.060        13
    13.347    36.915     0.060        13
    14.945    36.726     0.060        13
    16.248    36.586     0.060        13
    22.402    35.864     0.060        13
    23.505    35.688     0.060        13
    25.073    35.477     0.060        13
    26.479    35.296     0.060        13
    30.446    34.760     0.060        13
    32.357    34.511     0.060        13
    33.482    34.345     0.060        13
    34.456    34.212     0.060        13
    35.444    34.088     0.060        13
    36.253    34.001     0.060        13
    36.906    33.908     0.060        13
    38.192    33.783     0.060        13
    39.657    33.626     0.060        13
    40.469    33.522     0.060        13
    42.419    33.251     0.060        13
    43.812    33.062     0.060        13
    54.580    32.022     0.060        13
    57.656    31.700     0.060        13
    59.332    31.529     0.060        13
    61.619    31.299     0.060        13
    63.143    31.133     0.060        13
    64.942    30.938     0.060        13
    65.858    30.834     0.060        13
    66.930    30.738     0.060        13
    67.995    30.625     0.060        13
    68.920    30.524     0.060        13
    70.007    30.383     0.060        13
    71.573    30.213     0.060        13
    78.536    29.416     0.060        13
    81.166    29.130     0.060        13
    82.102    28.993     0.060        13
    83.045    28.866     0.060        13
    84.135    28.764     0.060        13
   101.081    27.060     0.060        14
   101.994    26.925     0.060        14
   102.298    26.897     0.060        14
   103.219    26.770     0.060        14
   103.988    26.659     0.060        14
   104.629    26.584     0.060        14
   105.574    26.448     0.060        14
   106.203    26.377     0.060        14
   106.830    26.290     0.060        14
   107.296    26.239     0.060        14
   108.084    26.115     0.060        14
   108.694    26.027     0.060        14
   109.315    25.952     0.060        14
   109.791    25.897     0.060        14
   110.418    25.818     0.060        14
   111.042    25.738     0.060        14
   111.978    25.607     0.060        14
   112.440    25.544     0.060        14
   113.051    25.468     0.060        14
   113.672    25.381     0.060        14
   114.309    25.310     0.060        14
   114.635    25.287     0.060        14
   115.119    25.248     0.060        14
   115.441    25.200     0.060        14
   116.245    25.101     0.060        14
   116.395    25.102     0.060        14
   117.346    24.998     0.060        14
   118.293    24.885     0.060        14
   118.930    24.816     0.060        14
   119.729    24.719     0.060        14
   120.213    24.670     0.060        14
   121.022    24.561     0.060        14
   121.986    24.434     0.060        14
   122.959    24.295     0.060        14
   123.422    24.252     0.060        14
   124.207    24.128     0.060        14
   124.686    24.065     0.060        14
   125.313    23.969     0.060        14
   125.635    23.942     0.060        14
   126.098    23.878     0.060        14
   126.561    23.802     0.060        14
   127.181    23.723     0.060        14
   127.805    23.644     0.060        14
   128.281    23.588     0.060        14
   128.771    23.550     0.060        14
   129.412    23.450     0.060        14
   129.888    23.395     0.060        14
   130.213    23.359     0.060        14
   131.018    23.256     0.060        14
   131.971    23.141     0.060        14
   132.622    23.062     0.060        14
   133.426    22.955     0.060        14
   133.913    22.900     0.060        14
   134.564    22.817     0.060        14
   135.366    22.740     0.060        14
   136.472    22.569     0.060        14
   137.424    22.444     0.060        14
   137.739    22.394     0.060        14
   139.003    22.198     0.060        14
   139.655    22.074     0.060        14
   140.615    21.945     0.060        14
   141.091    21.867     0.060        14
   141.578    21.803     0.060        14
   222.635     8.850     0.060        14
   223.496     8.772     0.060        14
   224.228     8.692     0.060        14
   224.948     8.585     0.060        14
   225.239     8.537     0.060        14
   225.830     8.450     0.060        14
   226.855     8.291     0.060        14
   227.436     8.195     0.060        14
   229.883     7.787     0.060        14
   231.284     7.503     0.060        14
   232.986     7.166     0.060        14
   233.833     6.986     0.060        14
   234.669     6.793     0.060        14
   235.670     6.573     0.060        14
   236.240     6.411     0.060        14
   111.817    26.047     0.060        16
   113.833    25.806     0.060        16
   115.441    25.606     0.060        16
   117.188    25.407     0.060        16
   118.443    25.262     0.060        16
   119.890    25.164     0.060        16
   121.022    25.002     0.060        16
   122.147    24.873     0.060        16
   124.207    24.681     0.060        16
   125.474    24.596     0.060        16
   126.249    24.533     0.060        16
   128.446    24.353     0.060        16
   129.888    24.270     0.060        16
   131.491    24.166     0.060        16
   133.101    24.127     0.060        16
   134.077    24.078     0.060        16
   134.564    24.072     0.060        16
   135.205    24.078     0.060        16
   136.308    24.023     0.060        16
   137.424    23.952     0.060        16
   138.527    23.887     0.060        16
   140.128    23.730     0.060        16
   141.091    23.663     0.060        16
   142.226    23.594     0.060        16
   143.826    23.480     0.060        16
   133.752    37.487     0.060        24
   134.077    37.369     0.060        24
   134.239    37.356     0.060        24
   134.400    37.297     0.060        24
   134.564    37.269     0.060        24
   134.726    37.254     0.060        24
   134.890    37.213     0.060        24
   135.205    37.157     0.060        24
   135.366    37.137     0.060        24
   135.530    37.109     0.060        24
   135.681    37.060     0.060        24
   135.842    36.998     0.060        24
   135.996    36.991     0.060        24
   136.308    36.878     0.060        24
   136.472    36.859     0.060        24
   136.633    36.866     0.060        24
   136.787    36.818     0.060        24
   137.263    36.731     0.060        24
   137.575    36.646     0.060        24
   137.901    36.555     0.060        24
   138.051    36.491     0.060        24
   138.215    36.463     0.060        24
   138.366    36.444     0.060        24
   138.527    36.352     0.060        24
   138.689    36.304     0.060        24
   138.853    36.276     0.060        24
   139.003    36.250     0.060        24
   139.168    36.165     0.060        24
   139.329    36.137     0.060        24
   139.490    36.073     0.060        24
   139.655    36.045     0.060        24
   139.805    36.033     0.060        24
   139.966    36.006     0.060        24
   140.128    35.932     0.060        24
   140.292    35.904     0.060        24
   140.615    35.790     0.060        24
   140.776    35.732     0.060        24
   140.929    35.723     0.060        24
   141.091    35.664     0.060        24
   141.416    35.577     0.060        24
   141.578    35.553     0.060        24
   141.739    35.479     0.060        24
   142.064    35.377     0.060        24
   142.226    35.338     0.060        24
   142.379    35.263     0.060        24
   142.541    35.255     0.060        24
   142.702    35.196     0.060        24
   143.665    34.851     0.060        24
   143.826    34.808     0.060        24
   143.987    34.780     0.060        24
   144.149    34.710     0.060        24
   144.310    34.635     0.060        24
   144.474    34.623     0.060        24
   144.625    34.568     0.060        24
   144.947    34.466     0.060        24
   246.787     1.000     0.000         0
   246.888     2.291     0.060         1
   247.052     2.313     0.060         1
   247.202     2.338     0.060         1
   247.366     2.355     0.060         1
   247.520     2.379     0.060         1
   247.670     2.410     0.060         1
   247.835     2.436     0.060         1
   247.985     2.480     0.060         1
   248.146     2.513     0.060         1
   248.297     2.550     0.060         1
   248.458     2.587     0.060         1
   248.609     2.646     0.060         1
   248.770     2.694     0.060         1
   248.920     2.747     0.060         1
   249.085     2.798     0.060         1
   249.235     2.856     0.060         1
   249.396     2.915     0.060         1
   249.547     2.976     0.060         1
   249.708     3.040     0.060         1
   249.859     3.125     0.060         1
   250.012     3.216     0.060         1
   250.163     3.285     0.060         1
   250.316     3.338     0.060         1
   250.470     3.404     0.060         1
   255.499     4.911     0.060         5
   255.660     4.937     0.060         5
   255.811     4.955     0.060         5
   255.972     4.977     0.060         5
   256.122     4.999     0.060         5
   256.273     5.020     0.060         5
   256.434     5.038     0.060         5
   256.584     5.064     0.060         5
   256.735     5.082     0.060         5
   256.896     5.104     0.060         5
   257.047     5.130     0.060         5
   257.208     5.144     0.060         5
   257.369     5.174     0.060         5
   257.520     5.196     0.060         5
   257.681     5.222     0.060         5
   257.842     5.236     0.060         5
   258.006     5.258     0.060         5
   258.167     5.273     0.060         5
   258.328     5.288     0.060         5
   258.479     5.304     0.060         5
   258.640     5.323     0.060         5
   258.801     5.338     0.060         5
   258.966     5.349     0.060         5
   259.116     5.365     0.060         5
   259.277     5.384     0.060         5
   259.438     5.403     0.060         5
   259.592     5.423     0.060         5
   259.753     5.449     0.060         5
   259.914     5.468     0.060         5
   260.068     5.487     0.060         5
   260.229     5.489     0.060         5
   260.390     5.512     0.060         5
   260.551     5.534     0.060         5
   260.702     5.553     0.060         5
   260.863     5.567     0.060         5
   261.014     5.586     0.060         5
   261.178     5.608     0.060         5
   261.339     5.623     0.060         5
   261.490     5.642     0.060         5
   261.651     5.665     0.060         5
   261.812     5.684     0.060         5
   261.976     5.704     0.060         5
   262.137     5.728     0.060         5
   262.299     5.760     0.060         5
   262.460     5.780     0.060         5
   262.624     5.800     0.060         5
   262.785     5.827     0.060         5
   262.946     5.847     0.060         5
   263.111     5.871     0.060         5
   263.272     5.895     0.060         5
   263.433     5.918     0.060         5
   263.583     5.948     0.060         5
   263.745     5.978     0.060         5
   263.906     5.995     0.060         5
   264.081     6.025     0.060         5
   264.242     6.057     0.060         5
   264.400     6.086     0.060         5
   264.561     6.122     0.060         5
   264.733     6.147     0.060         5
   264.891     6.180     0.060         5
   265.053     6.209     0.060         5
   265.221     6.231     0.060         5
   265.383     6.268     0.060         5
   265.551     6.298     0.060         5
   265.713     6.328     0.060         5
   265.882     6.362     0.060         5
   266.043     6.390     0.060         5
   266.204     6.411     0.060         5
   266.376     6.439     0.060         5
   266.537     6.468     0.060         5
   266.698     6.488     0.060         5
   266.862     6.514     0.060         5
   267.024     6.544     0.060         5
   267.185     6.574     0.060         5
   267.346     6.617     0.060         5
   267.833     6.670     0.060         5
   268.158     6.693     0.060         5
   268.473     6.741     0.060         5
   268.801     6.792     0.060         5
   269.275     6.833     0.060         5
   269.596     6.872     0.060         5
   270.073     6.917     0.060         5
   270.394     6.957     0.060         5
   270.876     6.986     0.060         5
   271.355     7.068     0.060         5
   271.683     7.079     0.060         5
   272.323     7.155     0.060         5
   272.649     7.187     0.060         5
   272.971     7.212     0.060         5
   273.777     7.294     0.060         5
   274.422     7.350     0.060         5
   275.072     7.417     0.060         5
   275.411     7.432     0.060         5
   275.737     7.460     0.060         5
   276.226     7.503     0.060         5
   276.728     7.555     0.060         5
   276.886     7.564     0.060         5
   277.367     7.610     0.060         5
   277.679     7.642     0.060         5
   278.162     7.688     0.060         5
   278.488     7.701     0.060         5
   278.974     7.734     0.060         5
   279.611     7.799     0.060         5
   280.098     7.847     0.060         5
   280.738     7.927     0.060         5
   281.542     8.044     0.060         5
   282.172     8.098     0.060         5
   282.812     8.167     0.060         5
   283.126     8.206     0.060         5
   283.602     8.249     0.060         5
   284.089     8.306     0.060         5
   284.403     8.312     0.060         5
   284.729     8.338     0.060         5
   285.530     8.411     0.060         5
   285.684     8.428     0.060         5
   286.173     8.475     0.060         5
   286.327     8.483     0.060         5
   286.977     8.578     0.060         5
   287.139     8.580     0.060         5
   287.789     8.631     0.060         5
   288.101     8.670     0.060         5
   288.262     8.689     0.060         5
   288.581     8.711     0.060         5
   289.065     8.751     0.060         5
   289.717     8.835     0.060         5
   289.879     8.858     0.060         5
   290.526     8.942     0.060         5
   290.849     8.992     0.060         5
   291.668     9.108     0.060         5
   292.469     9.199     0.060         5
   292.948     9.266     0.060         5
   293.567     9.369     0.060         5
   293.882     9.446     0.060         5
   294.497     9.548     0.060         5
   294.648     9.593     0.060         5
   295.428     9.702     0.060         5
   296.194     9.860     0.060         5
   296.813     9.986     0.060         5
   297.431    10.098     0.060         5
   298.040    10.215     0.060         5
   298.654    10.331     0.060         5
   299.114    10.387     0.060         5
   299.421    10.467     0.060         5
   299.874    10.555     0.060         5
   300.332    10.639     0.060         5
   300.633    10.690     0.060         5
   300.934    10.764     0.060         5
   301.382    10.831     0.060         5
   301.702    10.893     0.060         5
   302.171    10.965     0.060         5
   302.655    11.046     0.060         5
   303.436    11.167     0.060         5
   303.748    11.239     0.060         5
   304.371    11.349     0.060         5
   304.844    11.426     0.060         5
   305.320    11.525     0.060         5
   305.944    11.635     0.060         5
   306.419    11.706     0.060         5
   307.046    11.777     0.060         5
   307.976    11.936     0.060         5
   308.444    12.008     0.060         5
   309.074    12.117     0.060         5
   309.697    12.197     0.060         5
   310.320    12.284     0.060         5
   310.793    12.389     0.060         5
   311.105    12.407     0.060         5
   311.882    12.535     0.060         5
   312.354    12.589     0.060         5
   312.666    12.648     0.060         5
   313.292    12.769     0.060         5
   314.069    12.876     0.060         5
   314.531    12.947     0.060         5
   315.155    13.061     0.060         5
   315.466    13.131     0.060         5
   316.240    13.250     0.060         5
   316.877    13.352     0.060         5
   317.511    13.488     0.060         5
   318.320    13.637     0.060         5
   318.954    13.759     0.060         5
   319.276    13.833     0.060         5
   320.058    13.993     0.060         5
   320.523    14.069     0.060         5
   321.300    14.229     0.060         5
   322.055    14.361     0.060         5
   322.671    14.462     0.060         5
   322.986    14.509     0.060         5
   323.755    14.631     0.060         5
   324.056    14.682     0.060         5
   324.671    14.780     0.060         5
   325.126    14.854     0.060         5
   326.072    15.015     0.060         5
   327.004    15.145     0.060         5
   327.326    15.226     0.060         5
   328.107    15.353     0.060         5
   328.585    15.423     0.060         5
   329.505    15.580     0.060         5
   330.435    15.696     0.060         5
   331.207    15.833     0.060         5
   331.829    15.940     0.060         5
   332.604    16.050     0.060         5
   333.072    16.123     0.060         5
   333.826    16.229     0.060         5
   334.437    16.373     0.060         5
   335.534    16.595     0.060         5
   336.970    16.830     0.060         5
   337.931    16.990     0.060         5
   315.004    13.581     0.060         8
   315.466    13.637     0.060         8
   315.929    13.693     0.060         8
   316.716    13.782     0.060         8
   317.834    13.919     0.060         8
   318.159    13.976     0.060         8
   318.793    14.066     0.060         8
   319.588    14.166     0.060         8
   320.684    14.322     0.060         8
   321.754    14.498     0.060         8
   322.835    14.660     0.060         8
   323.300    14.763     0.060         8
   324.209    14.891     0.060         8
   324.975    14.995     0.060         8
   325.599    15.107     0.060         8
   326.233    15.211     0.060         8
   326.853    15.312     0.060         8
   327.637    15.412     0.060         8
   328.266    15.528     0.060         8
   329.505    15.700     0.060         8
   330.124    15.776     0.060         8
   330.903    15.924     0.060         8
   331.525    16.033     0.060         8
   332.450    16.197     0.060         8
   333.225    16.317     0.060         8
   333.826    16.417     0.060         8
   334.905    16.586     0.060         8
   335.687    16.730     0.060         8
   336.492    16.871     0.060         8
   337.288    16.984     0.060         8
   337.931    17.098     0.060         8
   339.202    17.269     0.060         8
   339.983    17.388     0.060         8
   340.933    17.530     0.060         8
   341.718    17.637     0.060         8
   342.686    17.773     0.060         8
   343.329    17.864     0.060         8
   343.818    17.935     0.060         8
   344.612    18.046     0.060         8
   345.251    18.134     0.060         8
   345.878    18.236     0.060         8
   346.515    18.342     0.060         8
   347.155    18.432     0.060         8
   348.091    18.580     0.060         8
   348.409    18.620     0.060         8
   348.890    18.701     0.060         8
   349.520    18.802     0.060         8
   350.003    18.883     0.060         8
   350.953    19.035     0.060         8
   352.393    19.246     0.060         8
   341.253    17.361     0.060        13
   341.718    17.431     0.060        13
   342.361    17.511     0.060        13
   343.001    17.591     0.060        13
   343.979    17.735     0.060        13
   344.773    17.845     0.060        13
   345.251    17.930     0.060        13
   346.203    18.084     0.060        13
   346.840    18.169     0.060        13
   347.470    18.265     0.060        13
   348.409    18.419     0.060        13
   349.208    18.539     0.060        13
   350.003    18.654     0.060        13
   350.484    18.739     0.060        13
   350.953    18.808     0.060        13
   351.584    18.903     0.060        13
   352.554    19.023     0.060        13
   352.866    19.063     0.060        13
   373.814    22.526     0.060        13
   374.454    22.583     0.060        13
   374.779    22.573     0.060        13
   375.419    22.630     0.060        13
   375.744    22.640     0.060        13
   376.220    22.677     0.060        13
   376.706    22.691     0.060        13
   377.031    22.700     0.060        13
   377.518    22.714     0.060        13
   255.499     5.941     0.060        14
   256.273     6.039     0.060        14
   256.896     6.104     0.060        14
   257.520     6.158     0.060        14
   258.801     6.321     0.060        14
   260.229     6.511     0.060        14
   261.178     6.637     0.060        14
   262.299     6.785     0.060        14
   263.111     6.922     0.060        14
   263.745     7.029     0.060        14
   263.906     7.051     0.060        14
   264.081     7.077     0.060        14
   264.242     7.098     0.060        14
   264.400     7.120     0.060        14
   264.561     7.142     0.060        14
   264.733     7.166     0.060        14
   264.891     7.206     0.060        14
   265.053     7.229     0.060        14
   265.221     7.265     0.060        14
   265.383     7.301     0.060        14
   265.551     7.325     0.060        14
   265.713     7.349     0.060        14
   265.882     7.372     0.060        14
   266.043     7.392     0.060        14
   266.204     7.404     0.060        14
   266.376     7.436     0.060        14
   266.537     7.467     0.060        14
   266.698     7.506     0.060        14
   266.862     7.541     0.060        14
   267.024     7.564     0.060        14
   267.185     7.599     0.060        14
   267.346     7.634     0.060        14
   267.510     7.649     0.060        14
   267.672     7.680     0.060        14
   267.833     7.711     0.060        14
   267.994     7.738     0.060        14
   268.158     7.753     0.060        14
   268.319     7.780     0.060        14
   268.473     7.801     0.060        14
   268.637     7.814     0.060        14
   268.801     7.839     0.060        14
   268.955     7.864     0.060        14
   269.119     7.891     0.060        14
   269.275     7.899     0.060        14
   269.749     7.989     0.060        14
   270.073     8.029     0.060        14
   270.558     8.115     0.060        14
   270.712     8.079     0.060        14
   270.876     8.115     0.060        14
   271.040     8.143     0.060        14
   271.204     8.174     0.060        14
   271.355     8.197     0.060        14
   271.519     8.232     0.060        14
   272.162     8.289     0.060        14
   272.649     8.346     0.060        14
   272.971     8.373     0.060        14
   273.455     8.406     0.060        14
   273.777     8.418     0.060        14
   274.099     8.438     0.060        14
   274.586     8.477     0.060        14
   274.911     8.504     0.060        14
   275.573     8.588     0.060        14
   275.737     8.608     0.060        14
   276.062     8.648     0.060        14
   276.556     8.712     0.060        14
   276.728     8.706     0.060        14
   276.886     8.746     0.060        14
   277.048     8.767     0.060        14
   277.206     8.790     0.060        14
   277.367     8.813     0.060        14
   277.528     8.824     0.060        14
   277.679     8.858     0.060        14
   277.840     8.862     0.060        14
   278.001     8.890     0.060        14
   278.162     8.910     0.060        14
   278.323     8.917     0.060        14
   278.488     8.937     0.060        14
   278.649     8.918     0.060        14
   278.810     8.944     0.060        14
   278.974     8.985     0.060        14
   279.125     8.979     0.060        14
   279.286     9.013     0.060        14
   279.447     9.018     0.060        14
   279.611     9.044     0.060        14
   279.772     9.087     0.060        14
   279.934     9.061     0.060        14
   280.098     9.118     0.060        14
   280.262     9.062     0.060        14
   280.412     9.092     0.060        14
   280.577     9.126     0.060        14
   280.738     9.137     0.060        14
   280.891     9.183     0.060        14
   281.056     9.183     0.060        14
   281.217     9.215     0.060        14
   281.381     9.243     0.060        14
   281.542     9.270     0.060        14
   281.696     9.268     0.060        14
   281.857     9.299     0.060        14
   282.021     9.317     0.060        14
   282.172     9.316     0.060        14
   282.333     9.328     0.060        14
   282.497     9.348     0.060        14
   282.647     9.348     0.060        14
   282.812     9.364     0.060        14
   282.973     9.384     0.060        14
   283.126     9.389     0.060        14
   283.287     9.443     0.060        14
   283.452     9.424     0.060        14
   283.602     9.448     0.060        14
   283.763     9.468     0.060        14
   283.928     9.468     0.060        14
   284.089     9.489     0.060        14
   284.239     9.485     0.060        14
   284.403     9.520     0.060        14
   284.565     9.528     0.060        14
   284.890     9.602     0.060        14
   285.369     9.648     0.060        14
   285.848     9.708     0.060        14
   286.327     9.741     0.060        14
   286.652     9.781     0.060        14
   286.977     9.777     0.060        14
   287.139     9.798     0.060        14
   287.303     9.826     0.060        14
   287.464     9.859     0.060        14
   287.625     9.860     0.060        14
   287.789     9.881     0.060        14
   287.940     9.894     0.060        14
   288.101     9.907     0.060        14
   288.262     9.916     0.060        14
   288.420     9.931     0.060        14
   288.581     9.945     0.060        14
   288.743     9.964     0.060        14
   288.904     9.990     0.060        14
   289.065    10.003     0.060        14
   289.226    10.015     0.060        14
   289.387    10.036     0.060        14
   289.556    10.052     0.060        14
   289.717    10.077     0.060        14
   289.879    10.087     0.060        14
   290.040    10.121     0.060        14
   290.201    10.131     0.060        14
   290.365    10.150     0.060        14
   290.526    10.172     0.060        14
   290.687    10.195     0.060        14
   290.849    10.234     0.060        14
   291.020    10.256     0.060        14
   291.182    10.271     0.060        14
   291.343    10.298     0.060        14
   291.504    10.326     0.060        14
   291.668    10.353     0.060        14
   291.829    10.373     0.060        14
   291.994    10.388     0.060        14
   292.144    10.403     0.060        14
   292.308    10.426     0.060        14
   292.469    10.438     0.060        14
   292.623    10.469     0.060        14
   292.784    10.476     0.060        14
   292.948    10.500     0.060        14
   293.099    10.539     0.060        14
   293.252    10.570     0.060        14
   293.413    10.617     0.060        14
   293.567    10.651     0.060        14
   293.717    10.685     0.060        14
   293.882    10.715     0.060        14
   294.032    10.748     0.060        14
   294.183    10.781     0.060        14
   294.347    10.807     0.060        14
   294.497    10.836     0.060        14
   294.648    10.857     0.060        14
   294.812    10.891     0.060        14
   294.963    10.920     0.060        14
   295.113    10.940     0.060        14
   295.277    10.970     0.060        14
   295.428    10.999     0.060        14
   295.578    11.023     0.060        14
   295.732    11.052     0.060        14
   295.882    11.080     0.060        14
   296.044    11.113     0.060        14
   296.194    11.148     0.060        14
   296.348    11.163     0.060        14
   296.498    11.189     0.060        14
   296.662    11.224     0.060        14
   296.813    11.245     0.060        14
   296.963    11.271     0.060        14
   297.117    11.305     0.060        14
   297.278    11.339     0.060        14
   297.431    11.365     0.060        14
   297.582    11.400     0.060        14
   297.736    11.438     0.060        14
   297.889    11.451     0.060        14
   298.040    11.484     0.060        14
   298.193    11.476     0.060        14
   298.357    11.541     0.060        14
   298.500    11.534     0.060        14
   298.654    11.592     0.060        14
   298.807    11.593     0.060        14
   298.961    11.621     0.060        14
   299.114    11.638     0.060        14
   299.268    11.690     0.060        14
   299.421    11.694     0.060        14
   299.575    11.731     0.060        14
   299.728    11.735     0.060        14
   299.874    11.770     0.060        14
   300.025    11.789     0.060        14
   300.178    11.816     0.060        14
   300.332    11.839     0.060        14
   300.482    11.845     0.060        14
   300.633    11.876     0.060        14
   300.783    11.939     0.060        14
   300.934    11.938     0.060        14
   301.084    11.934     0.060        14
   301.232    11.963     0.060        14
   301.382    11.999     0.060        14
   301.544    12.036     0.060        14
   301.702    12.057     0.060        14
   301.863    12.066     0.060        14
   302.021    12.139     0.060        14
   302.171    12.128     0.060        14
   302.333    12.165     0.060        14
   302.494    12.182     0.060        14
   302.655    12.187     0.060        14
   302.816    12.228     0.060        14
   302.967    12.252     0.060        14
   303.128    12.273     0.060        14
   303.286    12.286     0.060        14
   303.436    12.354     0.060        14
   303.598    12.368     0.060        14
   303.748    12.394     0.060        14
   303.909    12.417     0.060        14
   304.060    12.439     0.060        14
   304.221    12.466     0.060        14
   304.371    12.505     0.060        14
   304.533    12.508     0.060        14
   304.683    12.522     0.060        14
   304.844    12.561     0.060        14
   304.998    12.608     0.060        14
   305.159    12.623     0.060        14
   305.320    12.676     0.060        14
   305.471    12.717     0.060        14
   305.632    12.735     0.060        14
   305.782    12.748     0.060        14
   305.944    12.769     0.060        14
   306.094    12.798     0.060        14
   306.258    12.833     0.060        14
   306.419    12.881     0.060        14
   306.570    12.900     0.060        14
   306.731    12.931     0.060        14
   306.885    12.930     0.060        14
   307.046    12.965     0.060        14
   307.196    12.988     0.060        14
   307.350    13.015     0.060        14
   307.511    13.033     0.060        14
   307.661    13.060     0.060        14
   307.815    13.063     0.060        14
   307.976    13.072     0.060        14
   308.130    13.129     0.060        14
   308.291    13.151     0.060        14
   308.444    13.180     0.060        14
   308.598    13.197     0.060        14
   308.759    13.218     0.060        14
   308.912    13.240     0.060        14
   309.074    13.265     0.060        14
   309.224    13.287     0.060        14
   309.385    13.292     0.060        14
   309.536    13.314     0.060        14
   309.697    13.336     0.060        14
   309.847    13.369     0.060        14
   310.009    13.433     0.060        14
   310.159    13.433     0.060        14
   310.320    13.441     0.060        14
   310.481    13.481     0.060        14
   310.632    13.508     0.060        14
   310.793    13.519     0.060        14
   310.944    13.566     0.060        14
   311.105    13.585     0.060        14
   311.255    13.601     0.060        14
   311.416    13.622     0.060        14
   311.567    13.650     0.060        14
   311.731    13.674     0.060        14
   311.882    13.695     0.060        14
   312.043    13.723     0.060        14
   312.204    13.740     0.060        14
   312.354    13.768     0.060        14
   312.505    13.800     0.060        14
   312.666    13.831     0.060        14
   312.817    13.864     0.060        14
   312.978    13.911     0.060        14
   313.131    13.921     0.060        14
   313.292    13.957     0.060        14
   313.443    13.980     0.060        14
   313.604    13.987     0.060        14
   313.755    14.011     0.060        14
   313.905    14.022     0.060        14
   314.069    14.026     0.060        14
   314.220    14.081     0.060        14
   314.381    14.066     0.060        14
   314.531    14.123     0.060        14
   314.693    14.128     0.060        14
   314.843    14.209     0.060        14
   315.004    14.235     0.060        14
   315.155    14.261     0.060        14
   315.316    14.283     0.060        14
   315.466    14.309     0.060        14
   315.628    14.327     0.060        14
   315.778    14.361     0.060        14
   315.929    14.372     0.060        14
   316.090    14.392     0.060        14
   316.240    14.429     0.060        14
   316.404    14.456     0.060        14
   316.555    14.496     0.060        14
   316.716    14.559     0.060        14
   316.877    14.555     0.060        14
   317.038    14.586     0.060        14
   317.200    14.637     0.060        14
   317.350    14.631     0.060        14
   317.511    14.665     0.060        14
   317.672    14.684     0.060        14
   317.834    14.715     0.060        14
   317.995    14.733     0.060        14
   318.159    14.751     0.060        14
   318.320    14.773     0.060        14
   318.481    14.806     0.060        14
   318.632    14.820     0.060        14
   318.793    14.878     0.060        14
   318.954    14.919     0.060        14
   319.115    14.937     0.060        14
   319.276    14.967     0.060        14
   319.427    15.000     0.060        14
   319.588    15.009     0.060        14
   319.746    15.043     0.060        14
   319.907    15.052     0.060        14
   320.058    15.133     0.060        14
   320.219    15.111     0.060        14
   320.370    15.116     0.060        14
   320.523    15.170     0.060        14
   320.684    15.220     0.060        14
   320.835    15.225     0.060        14
   320.988    15.246     0.060        14
   321.139    15.318     0.060        14
   321.300    15.327     0.060        14
   321.450    15.316     0.060        14
   321.604    15.356     0.060        14
   321.754    15.417     0.060        14
   321.905    15.391     0.060        14
   322.055    15.453     0.060        14
   322.206    15.511     0.060        14
   322.370    15.501     0.060        14
   322.520    15.538     0.060        14
   322.671    15.553     0.060        14
   322.835    15.569     0.060        14
   322.986    15.579     0.060        14
   323.150    15.644     0.060        14
   323.300    15.650     0.060        14
   323.451    15.653     0.060        14
   323.604    15.700     0.060        14
   323.755    15.723     0.060        14
   323.905    15.739     0.060        14
   324.056    15.781     0.060        14
   324.209    15.827     0.060        14
   324.360    15.826     0.060        14
   324.510    15.864     0.060        14
   324.671    15.887     0.060        14
   324.825    15.929     0.060        14
   324.975    15.949     0.060        14
   325.126    15.965     0.060        14
   325.287    15.990     0.060        14
   325.448    16.035     0.060        14
   325.599    16.067     0.060        14
   325.760    16.101     0.060        14
   325.921    16.127     0.060        14
   326.072    16.168     0.060        14
   326.233    16.195     0.060        14
   326.383    16.220     0.060        14
   326.544    16.253     0.060        14
   326.692    16.277     0.060        14
   326.853    16.299     0.060        14
   327.004    16.331     0.060        14
   327.165    16.373     0.060        14
   327.326    16.394     0.060        14
   327.476    16.420     0.060        14
   327.637    16.447     0.060        14
   327.799    16.466     0.060        14
   327.946    16.500     0.060        14
   328.107    16.535     0.060        14
   328.266    16.554     0.060        14
   328.424    16.585     0.060        14
   328.585    16.612     0.060        14
   328.732    16.650     0.060        14
   328.891    16.673     0.060        14
   329.049    16.683     0.060        14
   329.196    16.722     0.060        14
   329.357    16.737     0.060        14
   329.505    16.767     0.060        14
   329.669    16.787     0.060        14
   329.820    16.808     0.060        14
   329.970    16.834     0.060        14
   330.124    16.860     0.060        14
   330.285    16.890     0.060        14
   330.435    16.910     0.060        14
   330.589    16.930     0.060        14
   330.750    16.975     0.060        14
   330.903    16.991     0.060        14
   331.054    17.011     0.060        14
   331.207    17.028     0.060        14
   331.371    17.084     0.060        14
   331.525    17.094     0.060        14
   331.675    17.151     0.060        14
   331.829    17.172     0.060        14
   331.993    17.210     0.060        14
   332.146    17.271     0.060        14
   332.297    17.276     0.060        14
   332.450    17.326     0.060        14
   332.604    17.325     0.060        14
   332.768    17.342     0.060        14
   332.921    17.380     0.060        14
   333.072    17.394     0.060        14
   333.225    17.428     0.060        14
   333.368    17.466     0.060        14
   333.522    17.484     0.060        14
   333.675    17.494     0.060        14
   333.826    17.521     0.060        14
   333.979    17.551     0.060        14
   334.133    17.565     0.060        14
   334.283    17.599     0.060        14
   334.437    17.626     0.060        14
   334.590    17.656     0.060        14
   334.741    17.671     0.060        14
   334.905    17.718     0.060        14
   335.058    17.736     0.060        14
   335.222    17.760     0.060        14
   335.373    17.794     0.060        14
   335.534    17.833     0.060        14
   335.687    17.840     0.060        14
   335.852    17.883     0.060        14
   336.002    17.925     0.060        14
   336.166    17.932     0.060        14
   336.327    17.959     0.060        14
   336.492    17.974     0.060        14
   336.645    18.000     0.060        14
   336.806    18.003     0.060        14
   336.970    18.070     0.060        14
   337.134    18.056     0.060        14
   337.288    18.091     0.060        14
   337.452    18.130     0.060        14
   337.606    18.160     0.060        14
   337.770    18.184     0.060        14
   337.931    18.204     0.060        14
   338.095    18.228     0.060        14
   338.245    18.241     0.060        14
   338.407    18.281     0.060        14
   338.557    18.300     0.060        14
   338.718    18.316     0.060        14
   338.879    18.356     0.060        14
   339.041    18.360     0.060        14
   339.202    18.393     0.060        14
   339.352    18.418     0.060        14
   339.513    18.439     0.060        14
   339.674    18.472     0.060        14
   339.833    18.489     0.060        14
   339.983    18.509     0.060        14
   340.144    18.535     0.060        14
   340.305    18.549     0.060        14
   340.453    18.578     0.060        14
   340.614    18.605     0.060        14
   340.772    18.598     0.060        14
   340.933    18.645     0.060        14
   341.092    18.661     0.060        14
   341.253    18.678     0.060        14
   341.403    18.691     0.060        14
   341.567    18.739     0.060        14
   341.718    18.777     0.060        14
   341.882    18.783     0.060        14
   342.046    18.812     0.060        14
   342.197    18.828     0.060        14
   342.361    18.867     0.060        14
   342.522    18.871     0.060        14
   342.686    18.903     0.060        14
   342.839    18.932     0.060        14
   343.001    18.936     0.060        14
   343.165    18.977     0.060        14
   343.329    18.973     0.060        14
   343.490    19.020     0.060        14
   343.654    19.024     0.060        14
   343.818    19.051     0.060        14
   343.979    19.071     0.060        14
   344.133    19.094     0.060        14
   344.294    19.117     0.060        14
   344.458    19.129     0.060        14
   344.612    19.160     0.060        14
   344.773    19.179     0.060        14
   344.926    19.203     0.060        14
   345.090    19.206     0.060        14
   345.251    19.242     0.060        14
   345.402    19.266     0.060        14
   345.563    19.291     0.060        14
   345.727    19.316     0.060        14
   345.878    19.348     0.060        14
   346.039    19.363     0.060        14
   346.203    19.394     0.060        14
   346.353    19.425     0.060        14
   346.515    19.440     0.060        14
   346.679    19.463     0.060        14
   346.840    19.486     0.060        14
   346.991    19.521     0.060        14
   347.155    19.540     0.060        14
   347.308    19.570     0.060        14
   347.470    19.593     0.060        14
   347.623    19.620     0.060        14
   347.787    19.640     0.060        14
   347.938    19.656     0.060        14
   348.091    19.704     0.060        14
   348.255    19.708     0.060        14
   348.409    19.740     0.060        14
   348.573    19.764     0.060        14
   348.726    19.802     0.060        14
   348.890    19.828     0.060        14
   349.044    19.850     0.060        14
   349.208    19.884     0.060        14
   349.359    19.917     0.060        14
   349.520    19.938     0.060        14
   349.681    19.955     0.060        14
   349.842    19.988     0.060        14
   350.003    20.025     0.060        14
   350.164    20.034     0.060        14
   350.322    20.056     0.060        14
   350.484    20.083     0.060        14
   350.645    20.129     0.060        14
   350.792    20.151     0.060        14
   350.953    20.192     0.060        14
   351.114    20.184     0.060        14
   351.273    20.241     0.060        14
   351.434    20.241     0.060        14
   351.584    20.269     0.060        14
   351.745    20.298     0.060        14
   351.906    20.333     0.060        14
   352.068    20.368     0.060        14
   352.229    20.382     0.060        14
   352.393    20.409     0.060        14
   352.554    20.476     0.060        14
   292.308    16.599     0.060        24
   292.784    16.726     0.060        24
   293.099    16.811     0.060        24
   293.567    16.942     0.060        24
   293.717    17.006     0.060        24
   294.183    17.166     0.060        24
   294.648    17.271     0.060        24
   295.277    17.434     0.060        24
   295.732    17.539     0.060        24
   296.498    17.730     0.060        24
   300.025    18.652     0.060        24
   300.482    18.791     0.060        24
   301.084    18.982     0.060        24
   301.382    19.105     0.060        24
   302.021    19.280     0.060        24
   302.494    19.445     0.060        24
   302.967    19.586     0.060        24
   303.128    19.639     0.060        24
   303.748    19.809     0.060        24
   304.533    20.009     0.060        24
   304.844    20.116     0.060        24
   306.094    20.504     0.060        24
   306.570    20.595     0.060        24
   306.731    20.682     0.060        24
   307.196    20.823     0.060        24
   307.661    20.920     0.060        24
   308.130    21.088     0.060        24
   308.444    21.142     0.060        24
   308.912    21.272     0.060        24
   313.443    22.597     0.060        24
   314.069    22.752     0.060        24
   314.531    22.929     0.060        24
   315.155    23.069     0.060        24
   315.466    23.165     0.060        24
   315.929    23.252     0.060        24
   316.240    23.371     0.060        24
   316.716    23.506     0.060        24
   317.200    23.655     0.060        24
   330.750    27.808     0.060        24
   331.054    27.907     0.060        24
   331.525    27.993     0.060        24
   331.829    28.103     0.060        24
   332.297    28.230     0.060        24
   332.921    28.397     0.060        24
   333.522    28.564     0.060        24
   334.133    28.702     0.060        24
   334.590    28.824     0.060        24
   334.741    28.888     0.060        24
   335.373    29.058     0.060        24
   336.002    29.270     0.060        24
   336.645    29.481     0.060        24
   337.606    29.738     0.060        24
   338.407    29.948     0.060        24
   339.202    30.163     0.060        24
   339.983    30.419     0.060        24
   340.614    30.627     0.060        24
   341.092    30.779     0.060        24
   341.882    30.931     0.060        24
   342.361    31.096     0.060        24
   342.839    31.239     0.060        24
   343.329    31.385     0.060        24
   343.818    31.483     0.060        24
   344.133    31.619     0.060        24
   344.458    31.710     0.060        24
   344.926    31.826     0.060        24
   345.251    31.899     0.060        24
   345.402    31.946     0.060        24
   346.203    32.180     0.060        24
   346.991    32.380     0.060        24
   347.308    32.445     0.060        24
   347.787    32.565     0.060        24
   318.159    24.987     0.060        28
   318.954    25.172     0.060        28
   319.746    25.371     0.060        28
   320.219    25.469     0.060        28
   320.835    25.606     0.060        28
   321.139    25.664     0.060        28
   322.055    25.868     0.060        28
   322.671    26.032     0.060        28
   323.300    26.200     0.060        28
   323.905    26.347     0.060        28
   324.510    26.507     0.060        28
   325.448    26.746     0.060        28
   326.233    26.928     0.060        28
   326.853    27.065     0.060        28
   327.946    27.304     0.060        28
   328.732    27.516     0.060        28
     0.000     0.000     0.000        -1
