   288.735    -1.000     0.000         0
   286.652     1.300     0.060         1
   286.814     1.221     0.060         1
   286.978     1.110     0.060         1
   287.139     1.027     0.060         1
   287.303     0.929     0.060         1
   287.464     0.809     0.060         1
   287.625     0.730     0.060         1
   287.789     0.643     0.060         1
   287.940     0.554     0.060         1
   288.101     0.508     0.060         1
   288.262     0.456     0.060         1
   288.421     0.405     0.060         1
   288.582     0.377     0.060         1
   288.726     0.381     0.060         1
   286.814     1.649     0.060         3
   286.978     1.571     0.060         3
   287.139     1.481     0.060         3
   287.303     1.424     0.060         3
   287.464     1.375     0.060         3
   287.625     1.322     0.060         3
   287.789     1.268     0.060         3
   287.940     1.224     0.060         3
   288.101     1.154     0.060         3
   288.262     1.110     0.060         3
   288.421     1.075     0.060         3
   288.582     1.048     0.060         3
   288.726     1.042     0.060         3
   100.002    31.851     0.060         5
   100.927    31.728     0.060         5
   101.993    31.574     0.060         5
   103.218    31.414     0.060         5
   103.988    31.319     0.060         5
   104.946    31.181     0.060         5
   106.042    31.030     0.060         5
   106.679    30.937     0.060         5
   107.769    30.786     0.060         5
   108.084    30.745     0.060         5
   109.006    30.615     0.060         5
   109.315    30.574     0.060         5
   109.791    30.527     0.060         5
   110.418    30.445     0.060         5
   111.042    30.374     0.060         5
   112.289    30.232     0.060         5
   113.050    30.148     0.060         5
   113.997    30.036     0.060         5
   114.957    29.953     0.060         5
   115.763    29.850     0.060         5
   117.188    29.724     0.060         5
   118.292    29.584     0.060         5
   119.890    29.338     0.060         5
   121.183    29.155     0.060         5
   122.146    29.006     0.060         5
   123.583    28.788     0.060         5
   125.312    28.544     0.060         5
   126.721    28.356     0.060         5
   127.654    28.222     0.060         5
   129.411    27.970     0.060         5
   130.213    27.838     0.060         5
   225.099    14.154     0.060         5
   225.973    14.025     0.060         5
   227.436    13.845     0.060         5
   228.318    13.733     0.060         5
   229.319    13.576     0.060         5
   231.133    13.266     0.060         5
   232.128    13.125     0.060         5
   232.845    12.938     0.060         5
   234.112    12.712     0.060         5
   235.529    12.437     0.060         5
   236.673    12.227     0.060         5
   237.832    12.001     0.060         5
   238.724    11.829     0.060         5
   239.343    11.733     0.060         5
   239.658    11.690     0.060         5
   239.970    11.647     0.060         5
   240.295    11.591     0.060         5
   240.894    11.504     0.060         5
   241.206    11.461     0.060         5
   241.819    11.370     0.060         5
   242.120    11.322     0.060         5
   242.844    11.220     0.060         5
   243.419    11.138     0.060         5
   243.569    11.131     0.060         5
   243.717    11.096     0.060         5
   243.857    11.085     0.060         5
   244.015    11.054     0.060         5
   244.163    11.027     0.060         5
   244.313    10.992     0.060         5
   244.461    10.964     0.060         5
   244.622    10.936     0.060         5
   244.769    10.900     0.060         5
   244.931    10.876     0.060         5
   245.078    10.848     0.060         5
   245.239    10.828     0.060         5
   245.387    10.796     0.060         5
   245.538    10.792     0.060         5
   245.688    10.760     0.060         5
   245.825    10.736     0.060         5
   245.976    10.718     0.060         5
   246.129    10.699     0.060         5
   246.269    10.673     0.060         5
   246.430    10.654     0.060         5
   246.584    10.627     0.060         5
   246.734    10.593     0.060         5
   246.888    10.574     0.060         5
   247.052    10.531     0.060         5
   247.203    10.512     0.060         5
   247.367    10.465     0.060         5
   247.520    10.431     0.060         5
   248.147    10.314     0.060         5
   248.297    10.277     0.060         5
   248.459    10.249     0.060         5
   248.609    10.216     0.060         5
   248.770    10.179     0.060         5
   248.921    10.146     0.060         5
   249.085    10.116     0.060         5
   249.236    10.099     0.060         5
   249.397    10.074     0.060         5
   249.547    10.033     0.060         5
   249.709     9.992     0.060         5
   250.163     9.902     0.060         5
   250.317     9.892     0.060         5
   250.470     9.842     0.060         5
   250.632     9.847     0.060         5
   250.785     9.781     0.060         5
   250.939     9.767     0.060         5
   251.103     9.721     0.060         5
   251.256     9.695     0.060         5
   251.410     9.653     0.060         5
   251.574     9.611     0.060         5
   251.728     9.577     0.060         5
   251.881     9.549     0.060         5
   252.045     9.516     0.060         5
   252.199     9.472     0.060         5
   252.363     9.428     0.060         5
   252.527     9.412     0.060         5
   252.681     9.364     0.060         5
   252.845     9.339     0.060         5
   253.009     9.291     0.060         5
   253.173     9.255     0.060         5
   253.327     9.231     0.060         5
   253.480     9.195     0.060         5
   253.634     9.163     0.060         5
   253.795     9.127     0.060         5
   253.946     9.097     0.060         5
   254.096     9.059     0.060         5
   254.257     9.028     0.060         5
   254.416     8.993     0.060         5
   254.566     8.967     0.060         5
   254.727     8.920     0.060         5
   254.878     8.882     0.060         5
   255.036     8.839     0.060         5
   255.187     8.797     0.060         5
   255.348     8.754     0.060         5
   255.498     8.728     0.060         5
   255.660     8.685     0.060         5
   255.810     8.643     0.060         5
   255.971     8.620     0.060         5
   256.122     8.574     0.060         5
   256.273     8.548     0.060         5
   256.434     8.523     0.060         5
   256.584     8.476     0.060         5
   256.735     8.448     0.060         5
   256.896     8.411     0.060         5
   257.047     8.372     0.060         5
   257.208     8.343     0.060         5
   257.369     8.307     0.060         5
   257.520     8.275     0.060         5
   257.681     8.239     0.060         5
   257.842     8.202     0.060         5
   258.006     8.182     0.060         5
   258.167     8.142     0.060         5
   258.329     8.101     0.060         5
   258.479     8.065     0.060         5
   258.640     8.029     0.060         5
   258.802     7.988     0.060         5
   258.966     7.947     0.060         5
   259.116     7.899     0.060         5
   259.277     7.862     0.060         5
   259.439     7.821     0.060         5
   259.592     7.789     0.060         5
   259.753     7.753     0.060         5
   259.915     7.737     0.060         5
   260.391     7.640     0.060         5
   260.702     7.606     0.060         5
   261.014     7.550     0.060         5
   261.178     7.545     0.060         5
   261.339     7.501     0.060         5
   261.490     7.484     0.060         5
   261.651     7.462     0.060         5
   261.812     7.424     0.060         5
   261.977     7.402     0.060         5
   262.138     7.368     0.060         5
   262.299     7.334     0.060         5
   262.460     7.300     0.060         5
   262.624     7.270     0.060         5
   262.786     7.240     0.060         5
   262.947     7.208     0.060         5
   263.111     7.176     0.060         5
   263.272     7.152     0.060         5
   263.433     7.128     0.060         5
   263.584     7.100     0.060         5
   263.745     7.076     0.060         5
   263.906     7.048     0.060         5
   264.081     7.020     0.060         5
   264.242     6.996     0.060         5
   264.401     6.964     0.060         5
   264.562     6.944     0.060         5
   264.734     6.915     0.060         5
   264.892     6.894     0.060         5
   265.053     6.860     0.060         5
   265.222     6.839     0.060         5
   265.383     6.790     0.060         5
   265.552     6.773     0.060         5
   265.713     6.744     0.060         5
   265.882     6.715     0.060         5
   266.043     6.683     0.060         5
   266.204     6.663     0.060         5
   266.376     6.623     0.060         5
   266.537     6.583     0.060         5
   266.698     6.555     0.060         5
   266.862     6.511     0.060         5
   267.024     6.475     0.060         5
   267.185     6.440     0.060         5
   267.346     6.400     0.060         5
   267.510     6.364     0.060         5
   267.671     6.332     0.060         5
   267.832     6.293     0.060         5
   267.994     6.257     0.060         5
   268.158     6.210     0.060         5
   268.319     6.166     0.060         5
   268.473     6.131     0.060         5
   268.637     6.088     0.060         5
   268.801     6.056     0.060         5
   268.955     6.017     0.060         5
   269.119     5.981     0.060         5
   269.275     5.942     0.060         5
   269.429     5.903     0.060         5
   269.596     5.843     0.060         5
   269.750     5.816     0.060         5
   269.917     5.779     0.060         5
   270.074     5.728     0.060         5
   270.238     5.684     0.060         5
   270.394     5.641     0.060         5
   270.558     5.601     0.060         5
   270.712     5.563     0.060         5
   270.876     5.525     0.060         5
   271.040     5.487     0.060         5
   271.205     5.453     0.060         5
   271.355     5.420     0.060         5
   271.519     5.382     0.060         5
   271.683     5.344     0.060         5
   271.837     5.310     0.060         5
   271.998     5.273     0.060         5
   272.162     5.238     0.060         5
   272.649     5.120     0.060         5
   272.810     5.086     0.060         5
   272.971     5.040     0.060         5
   273.132     4.998     0.060         5
   273.294     4.952     0.060         5
   273.455     4.902     0.060         5
   273.616     4.864     0.060         5
   273.777     4.824     0.060         5
   273.938     4.780     0.060         5
   274.100     4.740     0.060         5
   274.261     4.697     0.060         5
   274.422     4.649     0.060         5
   274.586     4.601     0.060         5
   274.747     4.553     0.060         5
   274.912     4.509     0.060         5
   275.073     4.469     0.060         5
   275.237     4.429     0.060         5
   275.412     4.388     0.060         5
   275.573     4.351     0.060         5
   275.737     4.314     0.060         5
   275.901     4.281     0.060         5
   276.063     4.241     0.060         5
   276.227     4.204     0.060         5
   276.399     4.167     0.060         5
   276.557     4.134     0.060         5
   276.729     4.101     0.060         5
   276.887     4.064     0.060         5
   277.048     4.028     0.060         5
   277.206     3.991     0.060         5
   277.367     3.956     0.060         5
   277.529     3.912     0.060         5
   277.679     3.870     0.060         5
   277.840     3.827     0.060         5
   278.001     3.784     0.060         5
   278.163     3.753     0.060         5
   278.324     3.701     0.060         5
   278.488     3.657     0.060         5
   278.649     3.609     0.060         5
   278.810     3.572     0.060         5
   278.975     3.532     0.060         5
   279.125     3.488     0.060         5
   279.286     3.456     0.060         5
   279.447     3.415     0.060         5
   279.612     3.379     0.060         5
   279.773     3.343     0.060         5
   279.934     3.310     0.060         5
   280.098     3.278     0.060         5
   280.262     3.242     0.060         5
   280.413     3.207     0.060         5
   280.577     3.167     0.060         5
   280.738     3.124     0.060         5
   280.892     3.080     0.060         5
   281.056     3.040     0.060         5
   281.217     3.001     0.060         5
   281.381     2.961     0.060         5
   281.543     2.921     0.060         5
   281.696     2.882     0.060         5
   281.857     2.838     0.060         5
   282.021     2.794     0.060         5
   282.172     2.747     0.060         5
   282.333     2.711     0.060         5
   282.497     2.667     0.060         5
   282.648     2.624     0.060         5
   282.812     2.584     0.060         5
   282.973     2.529     0.060         5
   283.127     2.462     0.060         5
   283.288     2.419     0.060         5
   283.452     2.375     0.060         5
   283.603     2.337     0.060         5
   283.764     2.291     0.060         5
   283.928     2.252     0.060         5
   284.089     2.209     0.060         5
   284.240     2.163     0.060         5
   284.404     2.124     0.060         5
   284.565     2.089     0.060         5
   288.735     1.000     0.000         0
   288.904     0.450     0.060         1
   289.065     0.510     0.060         1
   289.226     0.576     0.060         1
   289.387     0.645     0.060         1
   289.557     0.729     0.060         1
   289.718     0.821     0.060         1
   289.879     0.900     0.060         1
   290.040     0.961     0.060         1
   290.201     1.035     0.060         1
   290.365     1.109     0.060         1
   290.527     1.183     0.060         1
   290.688     1.239     0.060         1
   288.904     1.117     0.060         3
   289.065     1.158     0.060         3
   289.226     1.208     0.060         3
   289.387     1.255     0.060         3
   289.557     1.312     0.060         3
   289.718     1.352     0.060         3
   289.879     1.421     0.060         3
   290.040     1.491     0.060         3
   291.669     1.654     0.060         5
   291.830     1.697     0.060         5
   291.994     1.736     0.060         5
   292.144     1.766     0.060         5
   292.308     1.798     0.060         5
   292.470     1.838     0.060         5
   292.623     1.890     0.060         5
   292.784     1.938     0.060         5
   292.948     1.971     0.060         5
   293.099     2.007     0.060         5
   293.252     2.051     0.060         5
   293.413     2.097     0.060         5
   293.567     2.134     0.060         5
   293.717     2.163     0.060         5
   293.881     2.193     0.060         5
   294.032     2.234     0.060         5
   294.182     2.271     0.060         5
   294.347     2.313     0.060         5
   294.497     2.350     0.060         5
   294.648     2.383     0.060         5
   294.812     2.443     0.060         5
   294.962     2.474     0.060         5
   295.113     2.507     0.060         5
   295.277     2.550     0.060         5
   295.427     2.614     0.060         5
   295.578     2.658     0.060         5
   295.731     2.707     0.060         5
   295.882     2.755     0.060         5
   296.043     2.809     0.060         5
   296.194     2.846     0.060         5
   296.347     2.887     0.060         5
   296.498     2.928     0.060         5
   296.662     2.966     0.060         5
   296.812     3.004     0.060         5
   296.963     3.041     0.060         5
   297.116     3.078     0.060         5
   297.277     3.108     0.060         5
   297.431     3.160     0.060         5
   297.581     3.208     0.060         5
   297.735     3.245     0.060         5
   297.889     3.281     0.060         5
   298.039     3.314     0.060         5
   298.193     3.347     0.060         5
   298.357     3.384     0.060         5
   298.500     3.420     0.060         5
   298.653     3.449     0.060         5
   298.807     3.481     0.060         5
   298.960     3.521     0.060         5
   299.114     3.553     0.060         5
   299.267     3.588     0.060         5
   299.421     3.632     0.060         5
   299.575     3.668     0.060         5
   299.728     3.701     0.060         5
   299.874     3.758     0.060         5
   300.025     3.783     0.060         5
   300.178     3.812     0.060         5
   300.332     3.841     0.060         5
   300.482     3.869     0.060         5
   300.633     3.898     0.060         5
   300.783     3.930     0.060         5
   300.934     3.962     0.060         5
   301.084     3.991     0.060         5
   301.232     4.019     0.060         5
   301.382     4.062     0.060         5
   301.543     4.098     0.060         5
   301.701     4.122     0.060         5
   301.863     4.144     0.060         5
   302.021     4.161     0.060         5
   302.171     4.175     0.060         5
   302.332     4.210     0.060         5
   302.493     4.254     0.060         5
   302.655     4.278     0.060         5
   302.816     4.311     0.060         5
   302.966     4.347     0.060         5
   303.127     4.367     0.060         5
   303.286     4.396     0.060         5
   303.436     4.428     0.060         5
   303.597     4.470     0.060         5
   303.748     4.521     0.060         5
   303.909     4.551     0.060         5
   304.059     4.584     0.060         5
   304.221     4.618     0.060         5
   304.371     4.651     0.060         5
   304.532     4.692     0.060         5
   304.683     4.698     0.060         5
   304.844     4.731     0.060         5
   304.997     4.765     0.060         5
   305.159     4.797     0.060         5
   305.320     4.832     0.060         5
   305.470     4.908     0.060         5
   305.631     4.906     0.060         5
   305.782     4.930     0.060         5
   305.943     4.958     0.060         5
   306.094     4.978     0.060         5
   306.258     5.042     0.060         5
   306.419     5.058     0.060         5
   306.569     5.090     0.060         5
   306.731     5.110     0.060         5
   306.884     5.114     0.060         5
   307.045     5.137     0.060         5
   307.196     5.164     0.060         5
   307.349     5.171     0.060         5
   307.510     5.210     0.060         5
   307.661     5.241     0.060         5
   307.814     5.264     0.060         5
   307.976     5.297     0.060         5
   308.129     5.320     0.060         5
   308.290     5.357     0.060         5
   308.444     5.392     0.060         5
   308.597     5.424     0.060         5
   308.758     5.452     0.060         5
   308.912     5.484     0.060         5
   309.073     5.536     0.060         5
   309.224     5.562     0.060         5
   309.385     5.584     0.060         5
   309.535     5.614     0.060         5
   309.696     5.636     0.060         5
   309.847     5.680     0.060         5
   310.008     5.699     0.060         5
   310.159     5.732     0.060         5
   310.320     5.756     0.060         5
   310.481     5.788     0.060         5
   310.631     5.800     0.060         5
   310.793     5.844     0.060         5
   310.943     5.862     0.060         5
   311.104     5.880     0.060         5
   311.255     5.917     0.060         5
   311.416     5.944     0.060         5
   311.566     5.968     0.060         5
   311.731     5.990     0.060         5
   311.881     6.026     0.060         5
   312.042     6.054     0.060         5
   312.203     6.087     0.060         5
   312.354     6.117     0.060         5
   312.504     6.118     0.060         5
   312.666     6.163     0.060         5
   312.816     6.196     0.060         5
   312.977     6.226     0.060         5
   313.131     6.243     0.060         5
   313.292     6.272     0.060         5
   313.905     6.383     0.060         5
   314.380     6.468     0.060         5
   315.004     6.578     0.060         5
   315.627     6.681     0.060         5
   315.928     6.760     0.060         5
   316.404     6.835     0.060         5
   317.038     6.940     0.060         5
   317.672     7.058     0.060         5
   317.994     7.101     0.060         5
   318.631     7.214     0.060         5
   319.276     7.324     0.060         5
   319.907     7.440     0.060         5
   320.219     7.510     0.060         5
   320.684     7.610     0.060         5
   321.138     7.675     0.060         5
   321.450     7.739     0.060         5
   322.055     7.854     0.060         5
   322.671     7.949     0.060         5
   323.149     8.034     0.060         5
   323.450     8.112     0.060         5
   323.905     8.196     0.060         5
   324.359     8.277     0.060         5
   324.975     8.383     0.060         5
   325.598     8.478     0.060         5
   325.921     8.547     0.060         5
   326.383     8.619     0.060         5
   326.853     8.718     0.060         5
   327.476     8.838     0.060         5
   327.946     8.914     0.060         5
   328.424     8.996     0.060         5
   328.732     9.035     0.060         5
   329.196     9.125     0.060         5
   329.669     9.205     0.060         5
   330.124     9.302     0.060         5
   330.750     9.404     0.060         5
   331.207     9.479     0.060         5
   331.525     9.544     0.060         5
   331.829     9.596     0.060         5
   332.146     9.645     0.060         5
   332.450     9.715     0.060         5
   333.072     9.835     0.060         5
   333.368     9.904     0.060         5
   333.825     9.976     0.060         5
   334.436    10.098     0.060         5
   334.590    10.118     0.060         5
   335.058    10.212     0.060         5
   335.687    10.321     0.060         5
   336.327    10.424     0.060         5
   336.645    10.495     0.060         5
   337.288    10.602     0.060         5
   337.605    10.664     0.060         5
   338.406    10.792     0.060         5
   338.718    10.852     0.060         5
   339.352    10.941     0.060         5
   339.832    11.004     0.060         5
   340.453    11.056     0.060         5
   340.772    11.095     0.060         5
   341.403    11.155     0.060         5
   341.882    11.238     0.060         5
   342.521    11.323     0.060         5
   343.000    11.388     0.060         5
   343.490    11.465     0.060         5
   344.132    11.564     0.060         5
   344.611    11.639     0.060         5
   345.251    11.738     0.060         5
   346.038    11.861     0.060         5
   347.308    12.055     0.060         5
   347.937    12.163     0.060         5
   348.725    12.286     0.060         5
   349.519    12.418     0.060         5
   350.483    12.573     0.060         5
   351.272    12.705     0.060         5
   351.433    13.555     0.060         8
   351.906    13.607     0.060         8
   352.704    13.732     0.060         8
   353.015    13.772     0.060         8
   353.806    13.872     0.060         8
   354.110    13.908     0.060         8
   354.739    13.979     0.060         8
   355.529    14.051     0.060         8
   355.833    14.082     0.060         8
   356.312    14.142     0.060         8
   356.788    14.211     0.060         8
   357.417    14.320     0.060         8
   357.578    14.302     0.060         8
   358.374    14.440     0.060         8
   358.699    14.525     0.060         8
   359.339    14.646     0.060         8
   359.818    14.698     0.060         8
   360.444    14.832     0.060         8
   361.095    14.936     0.060         8
   361.581    15.050     0.060         8
   361.893    15.144     0.060         8
   362.043    15.188     0.060         8
   362.519    15.356     0.060         8
   362.841    15.437     0.060         8
   363.663    15.640     0.060         8
   364.469    15.820     0.060         8
   364.945    15.922     0.060         8
   365.423    16.033     0.060         8
   365.910    16.135     0.060         8
   366.386    16.237     0.060         8
   366.864    16.347     0.060         8
   367.340    16.441     0.060         8
   368.130    16.574     0.060         8
   368.445    16.623     0.060         8
   369.071    16.716     0.060         8
   369.711    16.829     0.060         8
   370.022    16.903     0.060         8
   370.498    16.963     0.060         8
   371.282    17.059     0.060         8
   371.755    17.119     0.060         8
   372.217    17.162     0.060         8
   373.012    17.216     0.060         8
   373.488    17.234     0.060         8
   373.813    17.266     0.060         8
   374.453    17.337     0.060         8
   375.103    17.413     0.060         8
   292.308     2.045     0.060        30
   292.470     2.110     0.060        30
   292.623     2.177     0.060        30
   292.784     2.245     0.060        30
   292.948     2.312     0.060        30
   293.099     2.375     0.060        30
   293.252     2.435     0.060        30
   293.413     2.496     0.060        30
   293.567     2.550     0.060        30
   293.717     2.582     0.060        30
   293.881     2.637     0.060        30
     0.000     0.000     0.000        -1
