   351.584    -1.000     0.000         0
   347.938     2.608     0.060         1
   348.092     2.525     0.060         1
   348.256     2.443     0.060         1
   348.409     2.360     0.060         1
   348.573     2.274     0.060         1
   348.726     2.167     0.060         1
   348.890     2.090     0.060         1
   349.044     2.016     0.060         1
   349.208     1.953     0.060         1
   349.358     1.872     0.060         1
   349.519     1.787     0.060         1
   349.680     1.735     0.060         1
   349.842     1.659     0.060         1
   350.003     1.595     0.060         1
   350.164     1.539     0.060         1
   350.323     1.479     0.060         1
   350.484     1.430     0.060         1
   350.645     1.387     0.060         1
   350.793     1.349     0.060         1
   350.954     1.319     0.060         1
   351.115     1.297     0.060         1
   351.273     1.271     0.060         1
   351.433     1.257     0.060         1
   351.566     1.262     0.060         1
   348.256     2.923     0.060         3
   348.573     2.867     0.060         3
   348.890     2.818     0.060         3
   349.044     2.796     0.060         3
   349.208     2.779     0.060         3
   349.358     2.756     0.060         3
   349.519     2.730     0.060         3
   349.680     2.721     0.060         3
   349.842     2.709     0.060         3
   350.003     2.704     0.060         3
   350.164     2.693     0.060         3
   350.323     2.680     0.060         3
   350.484     2.682     0.060         3
   350.645     2.693     0.060         3
   350.793     2.681     0.060         3
   350.954     2.674     0.060         3
   351.115     2.679     0.060         3
   351.273     2.666     0.060         3
   351.433     2.662     0.060         3
   351.566     2.660     0.060         3
   278.975    13.739     0.060         5
   279.287    13.686     0.060         5
   279.773    13.594     0.060         5
   279.935    13.549     0.060         5
   280.413    13.476     0.060         5
   280.578    13.428     0.060         5
   281.056    13.359     0.060         5
   281.858    13.210     0.060         5
   282.334    13.121     0.060         5
   282.812    13.024     0.060         5
   283.288    12.931     0.060         5
   283.928    12.805     0.060         5
   284.404    12.712     0.060         5
   284.891    12.611     0.060         5
   285.370    12.489     0.060         5
   286.013    12.368     0.060         5
   286.327    12.312     0.060         5
   286.814    12.215     0.060         5
   287.139    12.150     0.060         5
   287.790    12.029     0.060         5
   288.263    11.956     0.060         5
   288.582    11.904     0.060         5
   289.227    11.824     0.060         5
   289.557    11.771     0.060         5
   290.041    11.707     0.060         5
   290.527    11.635     0.060         5
   291.183    11.543     0.060         5
   291.830    11.450     0.060         5
   292.309    11.382     0.060         5
   292.624    11.342     0.060         5
   293.253    11.266     0.060         5
   293.718    11.210     0.060         5
   294.033    11.170     0.060         5
   294.649    11.111     0.060         5
   295.278    11.039     0.060         5
   295.579    11.024     0.060         5
   296.044    10.980     0.060         5
   296.195    10.962     0.060         5
   296.348    10.955     0.060         5
   296.499    10.920     0.060         5
   296.663    10.889     0.060         5
   296.814    10.881     0.060         5
   296.964    10.847     0.060         5
   297.279    10.832     0.060         5
   297.432    10.803     0.060         5
   297.583    10.786     0.060         5
   297.736    10.782     0.060         5
   297.890    10.751     0.060         5
   298.040    10.737     0.060         5
   298.194    10.729     0.060         5
   298.501    10.680     0.060         5
   298.654    10.662     0.060         5
   298.808    10.648     0.060         5
   298.961    10.631     0.060         5
   299.115    10.616     0.060         5
   299.268    10.592     0.060         5
   299.422    10.581     0.060         5
   299.575    10.570     0.060         5
   299.729    10.552     0.060         5
   299.875    10.532     0.060         5
   300.025    10.517     0.060         5
   300.179    10.483     0.060         5
   300.332    10.472     0.060         5
   300.633    10.440     0.060         5
   300.784    10.429     0.060         5
   300.934    10.424     0.060         5
   301.085    10.402     0.060         5
   301.232    10.373     0.060         5
   301.383    10.370     0.060         5
   301.544    10.347     0.060         5
   301.702    10.333     0.060         5
   301.863    10.301     0.060         5
   302.021    10.297     0.060         5
   302.172    10.287     0.060         5
   302.333    10.265     0.060         5
   302.494    10.250     0.060         5
   302.656    10.233     0.060         5
   302.817    10.207     0.060         5
   302.967    10.194     0.060         5
   303.128    10.169     0.060         5
   303.287    10.151     0.060         5
   303.437    10.120     0.060         5
   303.598    10.099     0.060         5
   303.749    10.078     0.060         5
   303.910    10.077     0.060         5
   304.061    10.063     0.060         5
   304.222    10.045     0.060         5
   304.372    10.014     0.060         5
   304.533    10.001     0.060         5
   304.684     9.982     0.060         5
   304.845     9.964     0.060         5
   304.999     9.943     0.060         5
   305.160     9.921     0.060         5
   305.321     9.894     0.060         5
   305.471     9.870     0.060         5
   305.633     9.852     0.060         5
   305.783     9.821     0.060         5
   305.944     9.807     0.060         5
   306.095     9.775     0.060         5
   306.259     9.763     0.060         5
   306.420     9.737     0.060         5
   306.732     9.691     0.060         5
   306.885     9.676     0.060         5
   307.047     9.662     0.060         5
   307.197     9.632     0.060         5
   307.351     9.598     0.060         5
   307.512     9.572     0.060         5
   307.662     9.545     0.060         5
   307.816     9.533     0.060         5
   307.977     9.510     0.060         5
   308.130     9.508     0.060         5
   308.292     9.491     0.060         5
   308.445     9.465     0.060         5
   308.598     9.440     0.060         5
   308.760     9.411     0.060         5
   308.913     9.380     0.060         5
   309.074     9.355     0.060         5
   309.225     9.331     0.060         5
   309.386     9.313     0.060         5
   309.537     9.284     0.060         5
   309.698     9.283     0.060         5
   309.848     9.274     0.060         5
   310.009     9.248     0.060         5
   310.160     9.230     0.060         5
   310.321     9.207     0.060         5
   310.482     9.195     0.060         5
   310.633     9.165     0.060         5
   310.794     9.151     0.060         5
   310.944     9.129     0.060         5
   311.106     9.118     0.060         5
   311.256     9.087     0.060         5
   311.417     9.080     0.060         5
   311.568     9.052     0.060         5
   311.732     9.032     0.060         5
   311.882     9.015     0.060         5
   312.044     8.999     0.060         5
   312.205     8.967     0.060         5
   312.355     8.943     0.060         5
   312.506     8.929     0.060         5
   312.667     8.895     0.060         5
   312.817     8.885     0.060         5
   312.979     8.867     0.060         5
   313.132     8.848     0.060         5
   313.293     8.833     0.060         5
   313.444     8.815     0.060         5
   313.605     8.790     0.060         5
   313.756     8.780     0.060         5
   313.906     8.753     0.060         5
   314.070     8.728     0.060         5
   314.221     8.715     0.060         5
   314.382     8.692     0.060         5
   314.532     8.665     0.060         5
   314.694     8.648     0.060         5
   314.844     8.633     0.060         5
   315.005     8.595     0.060         5
   315.156     8.581     0.060         5
   315.317     8.550     0.060         5
   315.467     8.535     0.060         5
   315.629     8.504     0.060         5
   315.779     8.487     0.060         5
   315.930     8.463     0.060         5
   316.091     8.445     0.060         5
   316.241     8.431     0.060         5
   316.405     8.409     0.060         5
   316.556     8.402     0.060         5
   316.717     8.357     0.060         5
   316.878     8.346     0.060         5
   317.039     8.328     0.060         5
   317.201     8.310     0.060         5
   317.351     8.279     0.060         5
   317.512     8.271     0.060         5
   317.673     8.243     0.060         5
   317.835     8.218     0.060         5
   317.996     8.208     0.060         5
   318.160     8.190     0.060         5
   318.321     8.162     0.060         5
   318.482     8.140     0.060         5
   318.633     8.130     0.060         5
   318.794     8.105     0.060         5
   318.955     8.087     0.060         5
   319.116     8.076     0.060         5
   319.277     8.051     0.060         5
   319.428     8.034     0.060         5
   319.589     8.006     0.060         5
   319.747     7.995     0.060         5
   319.908     7.977     0.060         5
   320.059     7.956     0.060         5
   320.220     7.941     0.060         5
   320.370     7.927     0.060         5
   320.524     7.906     0.060         5
   320.685     7.881     0.060         5
   320.836     7.864     0.060         5
   320.989     7.853     0.060         5
   321.140     7.829     0.060         5
   321.301     7.808     0.060         5
   321.451     7.797     0.060         5
   321.605     7.779     0.060         5
   321.755     7.755     0.060         5
   321.906     7.741     0.060         5
   322.056     7.719     0.060         5
   322.207     7.704     0.060         5
   322.371     7.685     0.060         5
   322.521     7.663     0.060         5
   322.672     7.651     0.060         5
   322.836     7.628     0.060         5
   322.987     7.620     0.060         5
   323.151     7.589     0.060         5
   323.301     7.574     0.060         5
   323.452     7.560     0.060         5
   323.605     7.542     0.060         5
   323.756     7.525     0.060         5
   323.906     7.500     0.060         5
   324.057     7.480     0.060         5
   324.210     7.456     0.060         5
   324.361     7.444     0.060         5
   324.511     7.437     0.060         5
   324.672     7.419     0.060         5
   324.826     7.397     0.060         5
   324.976     7.384     0.060         5
   325.127     7.361     0.060         5
   325.288     7.342     0.060         5
   325.449     7.320     0.060         5
   325.600     7.302     0.060         5
   325.761     7.272     0.060         5
   325.922     7.253     0.060         5
   326.072     7.230     0.060         5
   326.234     7.206     0.060         5
   326.384     7.182     0.060         5
   326.545     7.152     0.060         5
   326.693     7.136     0.060         5
   326.854     7.112     0.060         5
   327.004     7.090     0.060         5
   327.165     7.069     0.060         5
   327.327     7.042     0.060         5
   327.477     7.020     0.060         5
   327.638     6.996     0.060         5
   327.799     6.974     0.060         5
   327.947     6.943     0.060         5
   328.108     6.920     0.060         5
   328.266     6.892     0.060         5
   328.424     6.884     0.060         5
   328.585     6.853     0.060         5
   328.733     6.835     0.060         5
   328.891     6.805     0.060         5
   329.049     6.773     0.060         5
   329.196     6.757     0.060         5
   329.357     6.732     0.060         5
   329.505     6.707     0.060         5
   329.669     6.692     0.060         5
   329.819     6.658     0.060         5
   329.970     6.638     0.060         5
   330.123     6.614     0.060         5
   330.435     6.566     0.060         5
   330.589     6.536     0.060         5
   330.903     6.484     0.060         5
   331.371     6.414     0.060         5
   331.675     6.370     0.060         5
   332.147     6.300     0.060         5
   332.604     6.237     0.060         5
   333.226     6.137     0.060         5
   333.522     6.091     0.060         5
   333.826     6.051     0.060         5
   334.133     6.001     0.060         5
   334.437     5.947     0.060         5
   334.906     5.873     0.060         5
   335.535     5.771     0.060         5
   336.003     5.694     0.060         5
   231.700    22.505     0.060         8
   232.267    22.396     0.060         8
   232.698    22.320     0.060         8
   232.985    22.274     0.060         8
   233.553    22.182     0.060         8
   234.112    22.074     0.060         8
   234.809    21.956     0.060         8
   235.529    21.837     0.060         8
   236.100    21.725     0.060         8
   236.963    21.567     0.060         8
   237.832    21.419     0.060         8
   238.574    21.296     0.060         8
   239.190    21.206     0.060         8
   239.658    21.150     0.060         8
   240.295    21.050     0.060         8
   240.744    20.984     0.060         8
   241.056    20.904     0.060         8
   241.206    20.892     0.060         8
   241.354    20.864     0.060         8
   241.507    20.842     0.060         8
   241.669    20.816     0.060         8
   241.819    20.790     0.060         8
   241.970    20.771     0.060         8
   242.120    20.749     0.060         8
   242.274    20.724     0.060         8
   242.414    20.709     0.060         8
   242.553    20.688     0.060         8
   242.704    20.667     0.060         8
   242.844    20.649     0.060         8
   242.994    20.623     0.060         8
   243.131    20.609     0.060         8
   243.282    20.583     0.060         8
   243.419    20.569     0.060         8
   243.569    20.550     0.060         8
   243.717    20.528     0.060         8
   243.857    20.518     0.060         8
   244.015    20.492     0.060         8
   244.163    20.458     0.060         8
   244.313    20.432     0.060         8
   244.461    20.404     0.060         8
   244.622    20.382     0.060         8
   244.770    20.358     0.060         8
   244.931    20.330     0.060         8
   245.078    20.305     0.060         8
   245.240    20.275     0.060         8
   245.387    20.242     0.060         8
   245.538    20.228     0.060         8
   245.688    20.206     0.060         8
   245.825    20.179     0.060         8
   245.976    20.153     0.060         8
   246.129    20.136     0.060         8
   246.269    20.117     0.060         8
   246.430    20.094     0.060         8
   246.584    20.075     0.060         8
   246.734    20.048     0.060         8
   246.888    20.018     0.060         8
   247.052    19.996     0.060         8
   247.203    19.970     0.060         8
   247.367    19.936     0.060         8
   247.520    19.912     0.060         8
   247.671    19.877     0.060         8
   247.835    19.829     0.060         8
   247.986    19.812     0.060         8
   248.147    19.781     0.060         8
   248.297    19.756     0.060         8
   248.459    19.719     0.060         8
   248.609    19.695     0.060         8
   248.770    19.663     0.060         8
   248.921    19.635     0.060         8
   249.085    19.601     0.060         8
   249.236    19.574     0.060         8
   249.397    19.541     0.060         8
   249.547    19.514     0.060         8
   249.709    19.487     0.060         8
   249.859    19.467     0.060         8
   250.013    19.447     0.060         8
   250.163    19.419     0.060         8
   250.317    19.375     0.060         8
   250.470    19.353     0.060         8
   250.632    19.319     0.060         8
   250.785    19.289     0.060         8
   250.939    19.275     0.060         8
   251.103    19.221     0.060         8
   251.256    19.204     0.060         8
   251.410    19.165     0.060         8
   251.574    19.136     0.060         8
   251.728    19.103     0.060         8
   251.882    19.079     0.060         8
   252.046    19.037     0.060         8
   252.199    19.010     0.060         8
   252.364    18.976     0.060         8
   252.528    18.944     0.060         8
   252.681    18.922     0.060         8
   252.845    18.882     0.060         8
   253.010    18.852     0.060         8
   253.174    18.823     0.060         8
   253.327    18.792     0.060         8
   253.481    18.759     0.060         8
   253.634    18.733     0.060         8
   253.796    18.699     0.060         8
   253.946    18.657     0.060         8
   254.097    18.637     0.060         8
   254.258    18.597     0.060         8
   254.416    18.570     0.060         8
   254.567    18.535     0.060         8
   254.728    18.498     0.060         8
   254.878    18.467     0.060         8
   255.037    18.450     0.060         8
   255.187    18.420     0.060         8
   255.348    18.390     0.060         8
   255.499    18.355     0.060         8
   255.660    18.321     0.060         8
   255.811    18.293     0.060         8
   255.972    18.261     0.060         8
   256.122    18.231     0.060         8
   256.273    18.203     0.060         8
   256.434    18.164     0.060         8
   256.585    18.132     0.060         8
   256.735    18.089     0.060         8
   256.897    18.066     0.060         8
   257.047    18.035     0.060         8
   257.208    17.991     0.060         8
   257.369    17.955     0.060         8
   257.520    17.910     0.060         8
   257.681    17.876     0.060         8
   257.842    17.844     0.060         8
   258.007    17.809     0.060         8
   258.168    17.777     0.060         8
   258.329    17.747     0.060         8
   258.480    17.723     0.060         8
   258.641    17.677     0.060         8
   258.802    17.653     0.060         8
   258.966    17.627     0.060         8
   259.117    17.599     0.060         8
   259.278    17.577     0.060         8
   259.439    17.538     0.060         8
   259.593    17.521     0.060         8
   259.754    17.499     0.060         8
   259.915    17.469     0.060         8
   260.069    17.451     0.060         8
   260.230    17.427     0.060         8
   260.391    17.407     0.060         8
   260.552    17.387     0.060         8
   260.703    17.359     0.060         8
   260.864    17.350     0.060         8
   261.014    17.326     0.060         8
   261.179    17.304     0.060         8
   261.340    17.284     0.060         8
   261.490    17.263     0.060         8
   261.652    17.251     0.060         8
   261.813    17.229     0.060         8
   261.977    17.207     0.060         8
   262.138    17.179     0.060         8
   262.299    17.166     0.060         8
   262.461    17.138     0.060         8
   262.625    17.118     0.060         8
   262.786    17.092     0.060         8
   262.947    17.066     0.060         8
   263.111    17.050     0.060         8
   263.273    17.026     0.060         8
   263.434    17.013     0.060         8
   263.584    16.993     0.060         8
   263.746    16.963     0.060         8
   263.907    16.949     0.060         8
   264.082    16.932     0.060         8
   264.243    16.920     0.060         8
   264.401    16.905     0.060         8
   264.562    16.874     0.060         8
   264.734    16.855     0.060         8
   264.892    16.837     0.060         8
   265.053    16.815     0.060         8
   265.222    16.789     0.060         8
   265.384    16.761     0.060         8
   265.552    16.733     0.060         8
   265.714    16.707     0.060         8
   265.882    16.679     0.060         8
   266.044    16.655     0.060         8
   266.205    16.620     0.060         8
   266.377    16.601     0.060         8
   266.538    16.571     0.060         8
   266.699    16.541     0.060         8
   266.863    16.515     0.060         8
   267.024    16.475     0.060         8
   267.186    16.444     0.060         8
   267.347    16.426     0.060         8
   267.511    16.392     0.060         8
   267.672    16.356     0.060         8
   267.833    16.322     0.060         8
   267.995    16.297     0.060         8
   268.159    16.260     0.060         8
   268.320    16.221     0.060         8
   268.473    16.195     0.060         8
   268.638    16.160     0.060         8
   268.802    16.136     0.060         8
   268.955    16.088     0.060         8
   269.120    16.048     0.060         8
   269.276    16.028     0.060         8
   269.430    15.990     0.060         8
   269.597    15.962     0.060         8
   269.750    15.934     0.060         8
   269.918    15.894     0.060         8
   270.074    15.853     0.060         8
   270.238    15.823     0.060         8
   270.395    15.791     0.060         8
   270.559    15.761     0.060         8
   270.712    15.731     0.060         8
   270.877    15.692     0.060         8
   271.041    15.664     0.060         8
   271.205    15.640     0.060         8
   271.356    15.621     0.060         8
   271.520    15.578     0.060         8
   271.684    15.548     0.060         8
   271.837    15.518     0.060         8
   271.999    15.488     0.060         8
   272.163    15.458     0.060         8
   272.324    15.400     0.060         8
   272.488    15.387     0.060         8
   272.649    15.359     0.060         8
   272.811    15.335     0.060         8
   272.972    15.293     0.060         8
   273.133    15.267     0.060         8
   273.294    15.243     0.060         8
   273.455    15.226     0.060         8
   273.617    15.202     0.060         8
   273.778    15.167     0.060         8
   273.939    15.127     0.060         8
   274.100    15.096     0.060         8
   274.261    15.063     0.060         8
   274.422    15.028     0.060         8
   274.587    14.984     0.060         8
   274.748    14.960     0.060         8
   274.912    14.927     0.060         8
   275.073    14.888     0.060         8
   275.237    14.845     0.060         8
   275.412    14.800     0.060         8
   275.573    14.770     0.060         8
   275.738    14.748     0.060         8
   276.063    14.700     0.060         8
   276.227    14.685     0.060         8
   276.557    14.643     0.060         8
   276.729    14.619     0.060         8
   276.887    14.604     0.060         8
   277.048    14.580     0.060         8
   277.368    14.530     0.060         8
   277.529    14.502     0.060         8
   277.841    14.446     0.060         8
   278.324    14.339     0.060         8
   278.650    14.273     0.060         8
   278.975    14.206     0.060         8
   279.126    14.180     0.060         8
   279.287    14.160     0.060         8
   279.448    14.143     0.060         8
   279.612    14.111     0.060         8
   279.773    14.087     0.060         8
   279.935    14.081     0.060         8
   280.099    14.049     0.060         8
   280.263    14.027     0.060         8
   280.413    13.996     0.060         8
   280.578    13.971     0.060         8
   280.739    13.949     0.060         8
   280.892    13.928     0.060         8
   281.056    13.899     0.060         8
   281.218    13.854     0.060         8
   281.382    13.829     0.060         8
   281.543    13.811     0.060         8
   281.697    13.785     0.060         8
   281.858    13.754     0.060         8
   282.022    13.720     0.060         8
   282.172    13.688     0.060         8
   282.334    13.648     0.060         8
   282.498    13.626     0.060         8
   282.648    13.592     0.060         8
   282.812    13.576     0.060         8
   282.974    13.532     0.060         8
   283.127    13.502     0.060         8
   283.288    13.472     0.060         8
   283.453    13.460     0.060         8
   283.603    13.420     0.060         8
   283.764    13.390     0.060         8
   283.928    13.362     0.060         8
   284.090    13.334     0.060         8
   284.240    13.310     0.060         8
   284.566    13.263     0.060         8
   284.730    13.232     0.060         8
   284.891    13.212     0.060         8
   285.044    13.190     0.060         8
   285.206    13.166     0.060         8
   285.370    13.138     0.060         8
   285.684    13.084     0.060         8
   286.013    13.034     0.060         8
   286.327    13.001     0.060         8
   286.653    12.961     0.060         8
   286.814    12.941     0.060         8
   287.139    12.892     0.060         8
   287.304    12.872     0.060         8
   287.465    12.858     0.060         8
   287.790    12.798     0.060         8
   287.941    12.782     0.060         8
   288.102    12.773     0.060         8
   288.263    12.759     0.060         8
   288.582    12.717     0.060         8
   288.905    12.670     0.060         8
   289.227    12.638     0.060         8
   289.718    12.563     0.060         8
   290.041    12.531     0.060         8
   290.366    12.490     0.060         8
   290.688    12.442     0.060         8
   291.021    12.400     0.060         8
   291.344    12.392     0.060         8
   291.830    12.334     0.060         8
   292.145    12.305     0.060         8
   292.309    12.287     0.060         8
   292.624    12.264     0.060         8
   292.785    12.251     0.060         8
   292.949    12.237     0.060         8
   293.253    12.210     0.060         8
   293.414    12.192     0.060         8
   293.718    12.175     0.060         8
   293.883    12.171     0.060         8
   294.184    12.140     0.060         8
   294.348    12.131     0.060         8
   294.498    12.121     0.060         8
   294.813    12.098     0.060         8
   294.964    12.097     0.060         8
   295.114    12.081     0.060         8
   295.278    12.069     0.060         8
   295.579    12.036     0.060         8
   295.733    12.021     0.060         8
   295.883    12.044     0.060         8
   296.195    11.990     0.060         8
   296.348    11.978     0.060         8
   296.499    11.979     0.060         8
   296.663    11.963     0.060         8
   296.814    11.944     0.060         8
   296.964    11.940     0.060         8
   297.118    11.925     0.060         8
   297.432    11.879     0.060         8
   297.583    11.877     0.060         8
   297.736    11.847     0.060         8
   298.040    11.812     0.060         8
   298.194    11.796     0.060         8
   298.501    11.771     0.060         8
   298.654    11.768     0.060         8
   298.808    11.758     0.060         8
   299.575    11.675     0.060         8
   299.729    11.668     0.060         8
   300.025    11.645     0.060         8
   300.179    11.629     0.060         8
   344.613     3.991     0.060         9
   344.774     3.921     0.060         9
   344.927     3.852     0.060         9
   345.252     3.747     0.060         9
   345.403     3.673     0.060         9
   345.564     3.616     0.060         9
   345.728     3.535     0.060         9
   345.879     3.461     0.060         9
   346.040     3.379     0.060         9
   346.354     3.266     0.060         9
   346.516     3.196     0.060         9
   334.437     6.117     0.060        10
   334.591     6.093     0.060        10
   334.741     6.056     0.060        10
   334.906     6.021     0.060        10
   335.059     5.991     0.060        10
   335.223     5.958     0.060        10
   335.374     5.920     0.060        10
   335.535     5.885     0.060        10
   335.688     5.847     0.060        10
   335.853     5.809     0.060        10
   336.003     5.772     0.060        10
   336.167     5.740     0.060        10
   336.328     5.705     0.060        10
   336.492     5.670     0.060        10
   336.646     5.632     0.060        10
   336.807     5.596     0.060        10
   336.971     5.566     0.060        10
   337.135     5.529     0.060        10
   337.289     5.492     0.060        10
   337.453     5.459     0.060        10
   337.606     5.424     0.060        10
   337.771     5.386     0.060        10
   337.932     5.356     0.060        10
   338.096     5.325     0.060        10
   338.246     5.298     0.060        10
   338.407     5.265     0.060        10
   338.558     5.231     0.060        10
   338.719     5.207     0.060        10
   338.880     5.171     0.060        10
   339.041     5.123     0.060        10
   339.203     5.090     0.060        10
   339.353     5.054     0.060        10
   339.514     5.017     0.060        10
   339.675     4.982     0.060        10
   339.834     4.953     0.060        10
   339.984     4.916     0.060        10
   340.145     4.886     0.060        10
   340.306     4.856     0.060        10
   340.454     4.819     0.060        10
   340.615     4.794     0.060        10
   340.773     4.751     0.060        10
   340.934     4.716     0.060        10
   341.092     4.681     0.060        10
   341.253     4.640     0.060        10
   341.404     4.608     0.060        10
   341.568     4.575     0.060        10
   341.719     4.543     0.060        10
   341.883     4.503     0.060        10
   342.047     4.470     0.060        10
   342.197     4.438     0.060        10
   342.361     4.410     0.060        10
   342.523     4.375     0.060        10
   342.687     4.340     0.060        10
   342.840     4.310     0.060        10
   343.001     4.273     0.060        10
   343.166     4.228     0.060        10
   343.330     4.191     0.060        10
   226.565    22.776     0.060        13
   227.586    22.618     0.060        13
   228.167    22.574     0.060        13
   228.608    22.510     0.060        13
   229.028    22.456     0.060        13
   229.179    22.450     0.060        13
   229.883    22.340     0.060        13
   230.439    22.264     0.060        13
   230.856    22.200     0.060        13
   231.423    22.089     0.060        13
   232.267    21.971     0.060        13
   232.985    21.862     0.060        13
   233.416    21.820     0.060        13
   233.832    21.773     0.060        13
   234.389    21.655     0.060        13
   234.669    21.622     0.060        13
   235.099    21.598     0.060        13
   235.529    21.515     0.060        13
   236.100    21.452     0.060        13
   236.673    21.371     0.060        13
   237.100    21.329     0.060        13
   237.692    21.253     0.060        13
   238.122    21.191     0.060        13
   238.886    21.055     0.060        13
   298.654    12.102     0.060        14
   299.575    11.995     0.060        14
   300.179    11.920     0.060        14
   301.085    11.817     0.060        14
   301.702    11.734     0.060        14
   302.333    11.667     0.060        14
   303.287    11.532     0.060        14
   304.222    11.429     0.060        14
   304.845    11.358     0.060        14
   305.633    11.259     0.060        14
   306.420    11.152     0.060        14
   307.047    11.048     0.060        14
   307.512    10.976     0.060        14
   307.977    10.917     0.060        14
   309.074    10.766     0.060        14
   309.848    10.638     0.060        14
   310.794    10.515     0.060        14
   311.732    10.400     0.060        14
   312.506    10.301     0.060        14
   313.444    10.170     0.060        14
   314.382    10.039     0.060        14
   315.467     9.900     0.060        14
   316.241     9.813     0.060        14
   317.039     9.694     0.060        14
   317.835     9.595     0.060        14
   318.482     9.511     0.060        14
   319.277     9.396     0.060        14
   320.059     9.309     0.060        14
   320.836     9.169     0.060        14
   320.989     9.161     0.060        14
   322.056     9.014     0.060        14
   322.371     8.987     0.060        14
   253.010    32.405     0.060        24
   253.327    32.325     0.060        24
   254.416    32.039     0.060        24
   255.187    31.819     0.060        24
   255.811    31.635     0.060        24
   256.273    31.505     0.060        24
   257.047    31.285     0.060        24
   257.681    31.047     0.060        24
   271.041    27.370     0.060        24
   271.837    27.156     0.060        24
   272.163    27.020     0.060        24
   272.811    26.817     0.060        24
   273.455    26.590     0.060        24
   274.261    26.334     0.060        24
   275.073    26.088     0.060        24
   275.738    25.860     0.060        24
   276.729    25.535     0.060        24
   277.368    25.333     0.060        24
   278.324    25.037     0.060        24
   279.126    24.802     0.060        24
   280.413    24.421     0.060        24
   281.697    24.052     0.060        24
   282.172    23.890     0.060        24
   294.348    20.586     0.060        24
   295.579    20.310     0.060        24
   297.432    19.867     0.060        24
   298.654    19.580     0.060        24
   300.332    19.188     0.060        24
   301.863    18.822     0.060        24
   303.128    18.506     0.060        24
   303.598    18.393     0.060        24
   351.584     1.000     0.000         0
   351.747     1.286     0.060         1
   351.907     1.306     0.060         1
   352.068     1.334     0.060         1
   352.229     1.378     0.060         1
   352.393     1.421     0.060         1
   352.554     1.468     0.060         1
   352.705     1.512     0.060         1
   352.866     1.569     0.060         1
   353.016     1.625     0.060         1
   353.177     1.671     0.060         1
   353.331     1.736     0.060         1
   353.492     1.846     0.060         1
   353.642     1.920     0.060         1
   353.806     1.993     0.060         1
   353.957     2.079     0.060         1
   354.110     2.169     0.060         1
   354.271     2.289     0.060         1
   354.425     2.370     0.060         1
   354.586     2.454     0.060         1
   351.747     2.661     0.060         3
   351.907     2.674     0.060         3
   352.068     2.670     0.060         3
   352.229     2.679     0.060         3
   352.393     2.696     0.060         3
   352.554     2.714     0.060         3
   352.705     2.731     0.060         3
   352.866     2.756     0.060         3
   353.016     2.769     0.060         3
   353.177     2.793     0.060         3
   353.331     2.807     0.060         3
   353.492     2.828     0.060         3
   353.642     2.844     0.060         3
   353.806     2.873     0.060         3
   353.957     2.886     0.060         3
   361.095     4.714     0.060         5
   361.259     4.763     0.060         5
   361.420     4.812     0.060         5
   361.582     4.880     0.060         5
   361.732     4.934     0.060         5
   361.893     4.979     0.060         5
   362.044     5.031     0.060         5
   362.208     5.074     0.060         5
   362.358     5.104     0.060         5
   362.519     5.153     0.060         5
   362.680     5.187     0.060         5
   362.842     5.224     0.060         5
   363.006     5.275     0.060         5
   363.167     5.310     0.060         5
   363.339     5.351     0.060         5
   363.500     5.390     0.060         5
   363.664     5.434     0.060         5
   363.825     5.477     0.060         5
   363.986     5.535     0.060         5
   364.147     5.589     0.060         5
   364.308     5.650     0.060         5
   364.470     5.720     0.060         5
   364.631     5.762     0.060         5
   364.795     5.828     0.060         5
   364.945     5.891     0.060         5
   365.109     5.949     0.060         5
   365.270     6.014     0.060         5
   365.424     6.085     0.060         5
   365.585     6.129     0.060         5
   365.749     6.161     0.060         5
   365.910     6.213     0.060         5
   366.064     6.267     0.060         5
   366.225     6.315     0.060         5
   366.386     6.358     0.060         5
   366.539     6.397     0.060         5
   366.701     6.428     0.060         5
   366.865     6.472     0.060         5
   367.015     6.515     0.060         5
   367.176     6.546     0.060         5
   367.340     6.577     0.060         5
   367.491     6.606     0.060         5
   367.655     6.639     0.060         5
   367.816     6.676     0.060         5
   367.967     6.713     0.060         5
   368.131     6.746     0.060         5
   368.292     6.787     0.060         5
   368.445     6.828     0.060         5
   368.606     6.860     0.060         5
   368.760     6.899     0.060         5
   368.921     6.931     0.060         5
   369.072     6.967     0.060         5
   369.236     6.999     0.060         5
   369.386     7.032     0.060         5
   369.550     7.071     0.060         5
   369.711     7.109     0.060         5
   369.862     7.142     0.060         5
   370.023     7.170     0.060         5
   370.187     7.202     0.060         5
   370.338     7.230     0.060         5
   370.499     7.254     0.060         5
   370.660     7.274     0.060         5
   370.810     7.298     0.060         5
   370.971     7.326     0.060         5
   371.122     7.354     0.060         5
   371.283     7.374     0.060         5
   371.444     7.402     0.060         5
   371.595     7.418     0.060         5
   371.756     7.446     0.060         5
   371.906     7.482     0.060         5
   372.067     7.508     0.060         5
   372.218     7.515     0.060         5
   372.379     7.534     0.060         5
   372.529     7.549     0.060         5
   372.690     7.563     0.060         5
   372.852     7.582     0.060         5
   373.013     7.597     0.060         5
   373.174     7.608     0.060         5
   373.338     7.620     0.060         5
   373.488     7.641     0.060         5
   373.652     7.657     0.060         5
   373.814     7.681     0.060         5
   373.978     7.717     0.060         5
   374.139     7.721     0.060         5
   374.289     7.759     0.060         5
   374.453     7.770     0.060         5
   374.615     7.774     0.060         5
   374.779     7.795     0.060         5
   374.943     7.822     0.060         5
   376.545     8.164     0.060         5
   377.356     8.231     0.060         5
   378.004     8.282     0.060         5
   378.329     8.289     0.060         5
   378.987     8.303     0.060         5
   379.466     8.313     0.060         5
   379.791     8.320     0.060         5
   380.270     8.289     0.060         5
   380.745     8.283     0.060         5
   381.227     8.261     0.060         5
   381.867     8.291     0.060         5
   382.496     8.314     0.060         5
   383.125     8.344     0.060         5
   383.590     8.392     0.060         5
   384.534     8.512     0.060         5
   385.467     8.636     0.060         5
   385.942     8.688     0.060         5
   386.246     8.765     0.060         5
   387.327     8.942     0.060         5
   388.096     9.096     0.060         5
   389.023     9.270     0.060         5
   389.660     9.408     0.060         5
   390.296     9.512     0.060         5
   390.758     9.626     0.060         5
   391.546     9.776     0.060         5
   392.011     9.881     0.060         5
   392.969    10.051     0.060         5
   355.368     2.803     0.060        10
   355.530     2.875     0.060        10
   355.683     2.937     0.060        10
   355.833     2.982     0.060        10
   355.998     3.017     0.060        10
   356.148     3.078     0.060        10
   356.312     3.116     0.060        10
   356.463     3.155     0.060        10
   356.624     3.211     0.060        10
   356.788     3.266     0.060        10
   356.938     3.296     0.060        10
   357.103     3.360     0.060        10
   357.264     3.402     0.060        10
   357.417     3.438     0.060        10
   357.578     3.480     0.060        10
   357.742     3.537     0.060        10
   357.896     3.593     0.060        10
   358.057     3.643     0.060        10
   358.210     3.698     0.060        10
   358.375     3.757     0.060        10
   358.536     3.815     0.060        10
   358.700     3.871     0.060        10
   358.861     3.931     0.060        10
   359.014     3.989     0.060        10
   359.179     4.049     0.060        10
   359.340     4.113     0.060        10
   359.504     4.162     0.060        10
   359.665     4.226     0.060        10
   359.819     4.278     0.060        10
   359.980     4.318     0.060        10
   360.130     4.394     0.060        10
   360.294     4.447     0.060        10
   360.445     4.509     0.060        10
   366.865     7.842     0.060        14
   367.655     8.012     0.060        14
   368.445     8.172     0.060        14
   369.236     8.342     0.060        14
   370.023     8.498     0.060        14
   371.122     8.687     0.060        14
   371.595     8.775     0.060        14
   372.379     8.890     0.060        14
   373.013     8.970     0.060        14
   373.814     9.077     0.060        14
   374.943     9.252     0.060        14
   375.908     9.396     0.060        14
   376.706     9.487     0.060        14
   377.517     9.574     0.060        14
   378.004     9.579     0.060        14
   378.826     9.636     0.060        14
   379.302     9.671     0.060        14
   380.270     9.744     0.060        14
   381.388     9.846     0.060        14
   381.703     9.824     0.060        14
   382.181     9.822     0.060        14
   382.810     9.818     0.060        14
   383.590     9.882     0.060        14
   383.905     9.903     0.060        14
   384.219     9.930     0.060        14
   384.534     9.957     0.060        14
   385.163    10.032     0.060        14
   385.316    10.056     0.060        14
   385.942    10.119     0.060        14
   386.862    10.272     0.060        14
   387.477    10.383     0.060        14
   388.096    10.492     0.060        14
   388.872    10.640     0.060        14
   389.982    10.836     0.060        14
     0.000     0.000     0.000        -1
