   378.481    -1.000     0.000         0
   375.101     2.643     0.060         1
   375.264     2.603     0.060         1
   375.415     2.507     0.060         1
   375.578     2.410     0.060         1
   375.739     2.328     0.060         1
   375.903     2.248     0.060         1
   376.064     2.174     0.060         1
   376.214     2.087     0.060         1
   376.377     1.995     0.060         1
   376.538     1.912     0.060         1
   376.699     1.847     0.060         1
   376.862     1.790     0.060         1
   377.022     1.746     0.060         1
   377.183     1.705     0.060         1
   377.345     1.662     0.060         1
   377.504     1.619     0.060         1
   377.664     1.592     0.060         1
   377.823     1.556     0.060         1
   377.979     1.540     0.060         1
   378.128     1.523     0.060         1
   378.261     1.517     0.060         1
   378.328     1.525     0.060         1
   376.862     2.697     0.060         2
   377.022     2.653     0.060         2
   377.345     2.584     0.060         2
   377.504     2.540     0.060         2
   377.664     2.512     0.060         2
   377.823     2.476     0.060         2
   378.128     2.424     0.060         2
   375.415     3.249     0.060         3
   375.578     3.223     0.060         3
   375.903     3.113     0.060         3
   376.064     3.091     0.060         3
   376.377     2.960     0.060         3
   376.538     2.916     0.060         3
   376.699     2.891     0.060         3
   376.862     2.880     0.060         3
   377.183     2.841     0.060         3
   377.664     2.799     0.060         3
   377.823     2.802     0.060         3
   378.128     2.770     0.060         3
   378.328     2.770     0.060         3
   335.688    10.513     0.060         5
   335.852    10.488     0.060         5
   336.003    10.413     0.060         5
   336.167    10.397     0.060         5
   336.328    10.365     0.060         5
   336.492    10.377     0.060         5
   336.645    10.333     0.060         5
   336.807    10.285     0.060         5
   336.971    10.297     0.060         5
   337.135    10.285     0.060         5
   337.288    10.268     0.060         5
   337.452    10.228     0.060         5
   337.606    10.196     0.060         5
   337.770    10.150     0.060         5
   337.931    10.134     0.060         5
   338.095    10.094     0.060         5
   338.246    10.074     0.060         5
   338.407    10.046     0.060         5
   338.557    10.018     0.060         5
   338.718     9.994     0.060         5
   338.880     9.974     0.060         5
   339.041     9.956     0.060         5
   339.202     9.914     0.060         5
   339.352     9.868     0.060         5
   339.514     9.858     0.060         5
   339.675     9.822     0.060         5
   339.833     9.822     0.060         5
   339.983     9.772     0.060         5
   340.145     9.766     0.060         5
   340.306     9.728     0.060         5
   340.453     9.706     0.060         5
   340.615     9.694     0.060         5
   340.773     9.662     0.060         5
   340.934     9.626     0.060         5
   341.092     9.608     0.060         5
   341.253     9.601     0.060         5
   341.404     9.567     0.060         5
   341.568     9.522     0.060         5
   341.718     9.498     0.060         5
   341.882     9.482     0.060         5
   342.047     9.446     0.060         5
   342.197     9.426     0.060         5
   342.361     9.394     0.060         5
   342.522     9.370     0.060         5
   342.686     9.343     0.060         5
   342.840     9.327     0.060         5
   343.001     9.307     0.060         5
   343.165     9.283     0.060         5
   343.329     9.255     0.060         5
   343.490     9.239     0.060         5
   343.655     9.211     0.060         5
   343.819     9.187     0.060         5
   343.980     9.155     0.060         5
   344.133     9.127     0.060         5
   344.294     9.107     0.060         5
   344.458     9.060     0.060         5
   344.612     9.045     0.060         5
   344.773     9.075     0.060         5
   344.927     9.040     0.060         5
   345.091     9.025     0.060         5
   345.252     9.022     0.060         5
   345.402     8.986     0.060         5
   345.563     8.955     0.060         5
   345.728     8.966     0.060         5
   345.878     8.905     0.060         5
   346.039     8.897     0.060         5
   346.203     8.861     0.060         5
   346.354     8.854     0.060         5
   346.515     8.830     0.060         5
   346.679     8.793     0.060         5
   346.840     8.753     0.060         5
   346.991     8.729     0.060         5
   347.155     8.724     0.060         5
   347.308     8.690     0.060         5
   347.469     8.656     0.060         5
   347.623     8.646     0.060         5
   347.787     8.632     0.060         5
   347.937     8.607     0.060         5
   348.091     8.559     0.060         5
   348.255     8.556     0.060         5
   348.408     8.585     0.060         5
   348.572     8.550     0.060         5
   348.726     8.539     0.060         5
   348.890     8.511     0.060         5
   349.043     8.491     0.060         5
   349.207     8.484     0.060         5
   349.358     8.480     0.060         5
   349.519     8.456     0.060         5
   349.680     8.445     0.060         5
   349.841     8.361     0.060         5
   350.002     8.333     0.060         5
   350.164     8.288     0.060         5
   350.322     8.256     0.060         5
   350.483     8.194     0.060         5
   350.644     8.185     0.060         5
   350.792     8.160     0.060         5
   350.953     8.118     0.060         5
   351.114     8.054     0.060         5
   351.272     8.059     0.060         5
   351.434     8.023     0.060         5
   351.584     8.012     0.060         5
   351.745     7.941     0.060         5
   351.906     7.901     0.060         5
   352.067     7.853     0.060         5
   352.229     7.824     0.060         5
   352.393     7.781     0.060         5
   352.554     7.740     0.060         5
   352.704     7.707     0.060         5
   352.866     7.667     0.060         5
   353.016     7.631     0.060         5
   353.177     7.567     0.060         5
   353.331     7.554     0.060         5
   353.492     7.505     0.060         5
   353.642     7.483     0.060         5
   353.806     7.453     0.060         5
   353.957     7.449     0.060         5
   354.110     7.368     0.060         5
   354.271     7.340     0.060         5
   354.425     7.329     0.060         5
   354.586     7.301     0.060         5
   354.739     7.281     0.060         5
   354.901     7.248     0.060         5
   355.054     7.218     0.060         5
   355.215     7.184     0.060         5
   355.368     7.193     0.060         5
   355.530     7.132     0.060         5
   355.683     7.145     0.060         5
   355.834     7.087     0.060         5
   355.998     7.044     0.060         5
   356.148     7.028     0.060         5
   356.312     7.004     0.060         5
   356.463     6.995     0.060         5
   356.624     6.943     0.060         5
   356.788     6.974     0.060         5
   356.938     6.969     0.060         5
   357.102     6.913     0.060         5
   357.264     6.902     0.060         5
   357.417     6.886     0.060         5
   357.578     6.896     0.060         5
   357.742     6.847     0.060         5
   357.896     6.831     0.060         5
   358.057     6.803     0.060         5
   358.210     6.796     0.060         5
   358.374     6.788     0.060         5
   358.535     6.777     0.060         5
   358.699     6.769     0.060         5
   358.861     6.754     0.060         5
   359.014     6.742     0.060         5
   359.178     6.739     0.060         5
   359.339     6.727     0.060         5
   359.503     6.716     0.060         5
   359.664     6.712     0.060         5
   359.818     6.701     0.060         5
   359.979     6.689     0.060         5
   360.129     6.671     0.060         5
   360.293     6.695     0.060         5
   360.444     6.675     0.060         5
   360.608     6.668     0.060         5
   360.769     6.644     0.060         5
   360.933     6.657     0.060         5
   361.094     6.658     0.060         5
   361.258     6.665     0.060         5
   361.420     6.643     0.060         5
   361.581     6.645     0.060         5
   361.731     6.647     0.060         5
   361.892     6.632     0.060         5
   362.043     6.617     0.060         5
   362.207     6.599     0.060         5
   362.357     6.557     0.060         5
   362.518     6.537     0.060         5
   362.680     6.535     0.060         5
   362.841     6.512     0.060         5
   363.005     6.478     0.060         5
   363.166     6.454     0.060         5
   363.338     6.434     0.060         5
   363.499     6.407     0.060         5
   363.663     6.379     0.060         5
   363.824     6.359     0.060         5
   363.985     6.324     0.060         5
   364.147     6.284     0.060         5
   364.469     6.226     0.060         5
   364.630     6.190     0.060         5
   364.794     6.153     0.060         5
   364.945     6.125     0.060         5
   365.109     6.093     0.060         5
   365.423     6.020     0.060         5
   365.584     5.992     0.060         5
   365.748     5.964     0.060         5
   365.910     5.936     0.060         5
   366.063     5.904     0.060         5
   245.688    24.667     0.060         8
   246.584    24.535     0.060         8
   247.835    24.245     0.060         8
   249.085    23.967     0.060         8
   250.163    23.758     0.060         8
   250.470    23.670     0.060         8
   251.102    23.548     0.060         8
   252.198    23.319     0.060         8
   253.173    23.122     0.060         8
   253.795    22.982     0.060         8
   254.415    22.866     0.060         8
   255.036    22.746     0.060         8
   255.810    22.616     0.060         8
   256.433    22.462     0.060         8
   258.006    22.141     0.060         8
   258.801    21.981     0.060         8
   259.438    21.852     0.060         8
   260.229    21.686     0.060         8
   260.863    21.573     0.060         8
   261.490    21.451     0.060         8
   261.976    21.367     0.060         8
   267.672    20.223     0.060         8
   268.319    20.127     0.060         8
   269.119    19.994     0.060         8
   269.596    19.901     0.060         8
   270.558    19.731     0.060         8
   271.204    19.623     0.060         8
   272.162    19.454     0.060         8
   272.810    19.348     0.060         8
   273.293    19.247     0.060         8
   273.938    19.118     0.060         8
   274.586    19.003     0.060         8
   274.747    18.960     0.060         8
   275.573    18.806     0.060         8
   275.901    18.750     0.060         8
   276.398    18.671     0.060         8
   277.048    18.550     0.060         8
   277.367    18.477     0.060         8
   277.840    18.392     0.060         8
   278.324    18.315     0.060         8
   278.975    18.198     0.060         8
   279.612    18.077     0.060         8
   280.098    17.992     0.060         8
   280.413    17.932     0.060         8
   280.892    17.839     0.060         8
   281.381    17.750     0.060         8
   281.857    17.665     0.060         8
   282.333    17.572     0.060         8
   282.973    17.463     0.060         8
   283.452    17.378     0.060         8
   284.089    17.269     0.060         8
   284.729    17.164     0.060         8
   285.530    17.029     0.060         8
   286.173    16.910     0.060         8
   286.814    16.803     0.060         8
   287.464    16.680     0.060         8
   287.940    16.598     0.060         8
   288.582    16.500     0.060         8
   289.388    16.378     0.060         8
   290.040    16.289     0.060         8
   291.343    16.133     0.060         8
   291.994    16.086     0.060         8
   292.309    16.054     0.060         8
   292.949    15.990     0.060         8
   293.253    15.975     0.060         8
   293.414    15.976     0.060         8
   293.882    15.924     0.060         8
   294.183    15.908     0.060         8
   294.498    15.897     0.060         8
   295.114    15.846     0.060         8
   295.278    15.826     0.060         8
   295.883    15.771     0.060         8
   296.348    15.749     0.060         8
   296.964    15.696     0.060         8
   297.582    15.645     0.060         8
   298.358    15.571     0.060         8
   298.961    15.518     0.060         8
   300.178    15.391     0.060         8
   300.632    15.351     0.060         8
   301.382    15.255     0.060         8
   302.021    15.213     0.060         8
   302.494    15.182     0.060         8
   303.128    15.118     0.060         8
   303.909    15.040     0.060         8
   304.221    14.994     0.060         8
   304.998    14.915     0.060         8
   305.632    14.863     0.060         8
   306.258    14.822     0.060         8
   307.196    14.728     0.060         8
   307.976    14.637     0.060         8
   308.444    14.598     0.060         8
   308.598    14.562     0.060         8
   309.224    14.519     0.060         8
   309.697    14.475     0.060         8
   310.793    14.364     0.060         8
   311.567    14.293     0.060         8
   312.204    14.225     0.060         8
   312.978    14.137     0.060         8
   314.070    14.030     0.060         8
   314.532    13.999     0.060         8
   315.316    13.920     0.060         8
   315.779    13.876     0.060         8
   316.241    13.828     0.060         8
   316.717    13.789     0.060         8
   317.200    13.745     0.060         8
   317.834    13.682     0.060         8
   318.159    13.654     0.060         8
   318.793    13.587     0.060         8
   319.116    13.559     0.060         8
   319.908    13.471     0.060         8
   320.524    13.408     0.060         8
   320.835    13.372     0.060         8
   321.139    13.340     0.060         8
   321.755    13.280     0.060         8
   322.206    13.241     0.060         8
   322.836    13.165     0.060         8
   323.301    13.121     0.060         8
   324.056    13.054     0.060         8
   324.210    13.057     0.060         8
   367.014     5.716     0.060        10
   367.175     5.663     0.060        10
   367.339     5.618     0.060        10
   367.490     5.563     0.060        10
   367.654     5.513     0.060        10
   367.815     5.461     0.060        10
   367.965     5.410     0.060        10
   368.129     5.357     0.060        10
   368.291     5.304     0.060        10
   368.444     5.249     0.060        10
   368.605     5.192     0.060        10
   368.758     5.133     0.060        10
   368.919     5.070     0.060        10
   369.070     5.010     0.060        10
   369.234     4.956     0.060        10
   369.384     4.909     0.060        10
   369.548     4.864     0.060        10
   369.709     4.823     0.060        10
   369.860     4.772     0.060        10
   370.021     4.716     0.060        10
   370.185     4.658     0.060        10
   370.335     4.604     0.060        10
   370.497     4.539     0.060        10
   370.658     4.468     0.060        10
   370.808     4.395     0.060        10
   370.969     4.337     0.060        10
   371.120     4.281     0.060        10
   371.281     4.223     0.060        10
   371.442     4.173     0.060        10
   371.593     4.122     0.060        10
   371.754     4.065     0.060        10
   371.904     4.008     0.060        10
   372.066     3.968     0.060        10
   372.216     3.919     0.060        10
   372.377     3.862     0.060        10
   372.528     3.801     0.060        10
   372.689     3.752     0.060        10
   372.850     3.712     0.060        10
   228.027    26.482     0.060        13
   228.608    26.399     0.060        13
   229.028    26.339     0.060        13
   229.746    26.236     0.060        13
   230.439    26.153     0.060        13
   231.283    26.037     0.060        13
   231.987    25.954     0.060        13
   233.125    25.787     0.060        13
   234.112    25.648     0.060        13
   235.099    25.484     0.060        13
   236.099    25.341     0.060        13
   237.691    25.085     0.060        13
   238.724    24.938     0.060        13
   240.295    24.674     0.060        13
   241.507    24.507     0.060        13
   242.994    24.300     0.060        13
   244.015    24.177     0.060        13
   244.769    24.053     0.060        13
   246.269    23.805     0.060        13
   247.367    23.621     0.060        13
   248.297    23.490     0.060        13
   250.012    23.206     0.060        13
   250.785    23.074     0.060        13
   252.527    22.778     0.060        13
   253.795    22.566     0.060        13
   255.347    22.298     0.060        13
   256.584    22.069     0.060        13
   257.680    21.860     0.060        13
   259.277    21.588     0.060        13
   260.229    21.428     0.060        13
   378.481     1.000     0.000         0
   378.723     1.541     0.060         1
   378.858     1.552     0.060         1
   379.008     1.577     0.060         1
   379.159     1.613     0.060         1
   379.315     1.662     0.060         1
   379.478     1.697     0.060         1
   379.637     1.743     0.060         1
   379.800     1.792     0.060         1
   379.960     1.844     0.060         1
   380.113     1.908     0.060         1
   380.277     1.991     0.060         1
   380.437     2.051     0.060         1
   380.601     2.109     0.060         1
   380.751     2.174     0.060         1
   380.915     2.279     0.060         1
   381.079     2.383     0.060         1
   381.708     2.543     0.060         5
   381.872     2.558     0.060         5
   382.026     2.571     0.060         5
   382.186     2.592     0.060         5
   382.347     2.607     0.060         5
   382.501     2.620     0.060         5
   382.661     2.635     0.060         5
   382.976     2.676     0.060         5
   383.129     2.695     0.060         5
   383.290     2.712     0.060         5
   383.440     2.725     0.060         5
   383.594     2.756     0.060         5
   383.755     2.771     0.060         5
   383.909     2.777     0.060         5
   384.069     2.777     0.060         5
   384.223     2.804     0.060         5
   384.373     2.800     0.060         5
   384.538     2.809     0.060         5
   384.688     2.834     0.060         5
   384.852     2.856     0.060         5
   385.006     2.881     0.060         5
   385.320     2.936     0.060         5
   385.631     2.996     0.060         5
   385.785     3.031     0.060         5
   386.100     3.094     0.060         5
   386.400     3.160     0.060         5
   386.561     3.192     0.060         5
   386.865     3.266     0.060         5
   387.016     3.304     0.060         5
   387.166     3.338     0.060         5
   387.330     3.369     0.060         5
   387.480     3.403     0.060         5
   387.634     3.443     0.060         5
   387.784     3.456     0.060         5
   387.945     3.506     0.060         5
   388.099     3.541     0.060         5
   388.249     3.573     0.060         5
   388.561     3.636     0.060         5
   388.714     3.656     0.060         5
   388.875     3.692     0.060         5
   389.026     3.716     0.060         5
   389.187     3.747     0.060         5
   389.348     3.775     0.060         5
   389.512     3.803     0.060         5
   389.662     3.851     0.060         5
   389.823     3.888     0.060         5
   389.984     3.925     0.060         5
   390.138     3.962     0.060         5
   390.299     4.001     0.060         5
   390.449     4.034     0.060         5
   390.610     4.090     0.060         5
   390.760     4.133     0.060         5
   390.925     4.173     0.060         5
   391.075     4.222     0.060         5
   391.236     4.258     0.060         5
   391.386     4.311     0.060         5
   391.547     4.368     0.060         5
   391.701     4.415     0.060         5
   391.862     4.461     0.060         5
   392.012     4.532     0.060         5
   392.173     4.595     0.060         5
   392.334     4.658     0.060         5
   392.499     4.723     0.060         5
   392.660     4.778     0.060         5
   393.132     4.928     0.060         5
   393.293     4.992     0.060         5
   393.457     5.035     0.060         5
   393.618     5.092     0.060         5
   393.779     5.135     0.060         5
   393.940     5.174     0.060         5
   394.101     5.213     0.060         5
   394.262     5.266     0.060         5
   394.426     5.298     0.060         5
   394.588     5.337     0.060         5
   394.749     5.365     0.060         5
   394.910     5.408     0.060         5
   395.071     5.443     0.060         5
   395.232     5.489     0.060         5
   395.393     5.536     0.060         5
   395.557     5.560     0.060         5
   395.718     5.614     0.060         5
   395.879     5.645     0.060         5
   396.201     5.723     0.060         5
   396.365     5.784     0.060         5
   396.687     5.847     0.060         5
   397.009     5.907     0.060         5
   397.174     5.931     0.060         5
     0.000     0.000     0.000        -1
