   348.590    -1.000     0.000         0
   345.564     2.316     0.060         1
   345.729     2.230     0.060         1
   345.879     2.144     0.060         1
   346.040     2.076     0.060         1
   346.204     1.994     0.060         1
   346.355     1.930     0.060         1
   346.516     1.859     0.060         1
   346.680     1.784     0.060         1
   346.841     1.690     0.060         1
   346.991     1.630     0.060         1
   347.156     1.580     0.060         1
   347.309     1.523     0.060         1
   347.470     1.485     0.060         1
   347.624     1.428     0.060         1
   347.788     1.400     0.060         1
   347.939     1.368     0.060         1
   348.092     1.359     0.060         1
   348.256     1.345     0.060         1
   348.409     1.310     0.060         1
   348.566     1.316     0.060         1
   347.156     1.983     0.060         2
   347.309     1.944     0.060         2
   347.470     1.913     0.060         2
   347.624     1.871     0.060         2
   347.788     1.861     0.060         2
   347.939     1.837     0.060         2
   348.092     1.820     0.060         2
   348.256     1.806     0.060         2
   348.409     1.819     0.060         2
   348.566     1.819     0.060         2
   346.680     2.459     0.060         3
   346.841     2.449     0.060         3
   346.991     2.432     0.060         3
   347.156     2.424     0.060         3
   347.309     2.404     0.060         3
   347.470     2.407     0.060         3
   347.624     2.411     0.060         3
   347.788     2.411     0.060         3
   347.939     2.417     0.060         3
   348.092     2.415     0.060         3
   348.256     2.411     0.060         3
   348.409     2.409     0.060         3
   348.566     2.371     0.060         3
   256.435    17.520     0.060         5
   256.736    17.447     0.060         5
   257.048    17.383     0.060         5
   257.209    17.351     0.060         5
   257.520    17.274     0.060         5
   257.682    17.234     0.060         5
   258.007    17.178     0.060         5
   258.168    17.141     0.060         5
   258.329    17.101     0.060         5
   258.967    16.960     0.060         5
   259.117    16.923     0.060         5
   259.440    16.851     0.060         5
   259.754    16.791     0.060         5
   259.915    16.754     0.060         5
   260.553    16.630     0.060         5
   260.864    16.570     0.060         5
   261.179    16.501     0.060         5
   261.491    16.449     0.060         5
   261.813    16.383     0.060         5
   261.977    16.364     0.060         5
   262.139    16.324     0.060         5
   262.300    16.311     0.060         5
   262.461    16.280     0.060         5
   262.625    16.259     0.060         5
   262.786    16.226     0.060         5
   262.948    16.194     0.060         5
   263.112    16.176     0.060         5
   263.273    16.151     0.060         5
   263.434    16.120     0.060         5
   263.585    16.101     0.060         5
   263.746    16.085     0.060         5
   263.907    16.055     0.060         5
   264.082    16.029     0.060         5
   264.243    16.012     0.060         5
   264.401    15.998     0.060         5
   264.563    15.960     0.060         5
   264.734    15.939     0.060         5
   264.893    15.917     0.060         5
   265.054    15.899     0.060         5
   265.384    15.869     0.060         5
   265.714    15.817     0.060         5
   266.044    15.765     0.060         5
   266.377    15.712     0.060         5
   266.699    15.660     0.060         5
   267.025    15.597     0.060         5
   267.347    15.533     0.060         5
   267.673    15.473     0.060         5
   267.834    15.439     0.060         5
   267.995    15.406     0.060         5
   268.159    15.374     0.060         5
   268.474    15.312     0.060         5
   268.638    15.270     0.060         5
   269.120    15.175     0.060         5
   269.277    15.137     0.060         5
   269.751    15.042     0.060         5
   270.395    14.891     0.060         5
   270.559    14.853     0.060         5
   270.713    14.806     0.060         5
   270.877    14.770     0.060         5
   271.041    14.735     0.060         5
   271.356    14.653     0.060         5
   271.684    14.588     0.060         5
   271.838    14.552     0.060         5
   271.999    14.518     0.060         5
   272.163    14.477     0.060         5
   272.489    14.405     0.060         5
   272.650    14.377     0.060         5
   272.811    14.338     0.060         5
   272.972    14.302     0.060         5
   273.456    14.202     0.060         5
   273.617    14.171     0.060         5
   273.778    14.134     0.060         5
   273.939    14.117     0.060         5
   274.101    14.085     0.060         5
   274.262    14.057     0.060         5
   274.423    14.019     0.060         5
   274.587    13.956     0.060         5
   274.748    13.928     0.060         5
   274.912    13.908     0.060         5
   275.074    13.872     0.060         5
   275.238    13.846     0.060         5
   275.413    13.799     0.060         5
   275.574    13.768     0.060         5
   275.738    13.725     0.060         5
   275.902    13.709     0.060         5
   276.063    13.680     0.060         5
   276.228    13.654     0.060         5
   276.399    13.624     0.060         5
   276.558    13.585     0.060         5
   276.730    13.565     0.060         5
   276.888    13.537     0.060         5
   277.049    13.509     0.060         5
   277.207    13.485     0.060         5
   277.368    13.457     0.060         5
   277.529    13.423     0.060         5
   277.680    13.389     0.060         5
   277.841    13.367     0.060         5
   278.002    13.336     0.060         5
   278.164    13.308     0.060         5
   278.325    13.276     0.060         5
   278.489    13.242     0.060         5
   278.650    13.213     0.060         5
   278.811    13.169     0.060         5
   278.976    13.133     0.060         5
   279.126    13.105     0.060         5
   279.287    13.077     0.060         5
   279.448    13.055     0.060         5
   279.613    13.015     0.060         5
   279.774    12.995     0.060         5
   279.935    12.970     0.060         5
   280.099    12.931     0.060         5
   280.263    12.907     0.060         5
   280.414    12.875     0.060         5
   280.578    12.840     0.060         5
   280.739    12.807     0.060         5
   280.893    12.785     0.060         5
   281.057    12.751     0.060         5
   281.218    12.718     0.060         5
   281.382    12.690     0.060         5
   281.543    12.660     0.060         5
   281.697    12.630     0.060         5
   281.858    12.598     0.060         5
   282.022    12.563     0.060         5
   282.173    12.531     0.060         5
   282.334    12.495     0.060         5
   282.498    12.472     0.060         5
   282.649    12.428     0.060         5
   282.813    12.418     0.060         5
   282.974    12.370     0.060         5
   283.128    12.344     0.060         5
   283.289    12.319     0.060         5
   283.453    12.288     0.060         5
   283.604    12.250     0.060         5
   283.929    12.196     0.060         5
   284.090    12.164     0.060         5
   284.241    12.134     0.060         5
   284.566    12.072     0.060         5
   284.730    12.042     0.060         5
   285.045    11.978     0.060         5
   285.370    11.911     0.060         5
   285.849    11.817     0.060         5
   286.174    11.755     0.060         5
   286.653    11.660     0.060         5
   286.814    11.622     0.060         5
   287.140    11.553     0.060         5
   287.465    11.483     0.060         5
   287.941    11.399     0.060         5
   288.263    11.337     0.060         5
   288.583    11.278     0.060         5
   289.066    11.196     0.060         5
   289.389    11.144     0.060         5
   289.558    11.123     0.060         5
   289.719    11.097     0.060         5
   289.880    11.075     0.060         5
   290.202    11.029     0.060         5
   290.689    10.971     0.060         5
   291.505    10.875     0.060         5
   291.995    10.819     0.060         5
   292.624    10.739     0.060         5
   293.254    10.667     0.060         5
   293.719    10.624     0.060         5
   294.184    10.576     0.060         5
   294.649    10.533     0.060         5
   295.114    10.489     0.060         5
   295.429    10.461     0.060         5
   296.045    10.390     0.060         5
   296.499    10.334     0.060         5
   297.118    10.258     0.060         5
   297.583    10.198     0.060         5
   297.890    10.162     0.060         5
   298.359    10.093     0.060         5
   298.808    10.046     0.060         5
   299.115    10.022     0.060         5
   299.269    10.006     0.060         5
   299.576     9.974     0.060         5
   299.875     9.938     0.060         5
   300.332     9.874     0.060         5
   300.784     9.814     0.060         5
   301.085     9.778     0.060         5
   301.383     9.730     0.060         5
   301.703     9.703     0.060         5
   301.864     9.695     0.060         5
   302.022     9.682     0.060         5
   302.172     9.668     0.060         5
   302.334     9.655     0.060         5
   302.656     9.619     0.060         5
   303.287     9.539     0.060         5
   303.749     9.491     0.060         5
   304.222     9.444     0.060         5
   304.684     9.396     0.060         5
   304.846     9.376     0.060         5
   305.321     9.320     0.060         5
   305.633     9.288     0.060         5
   306.095     9.228     0.060         5
   306.421     9.180     0.060         5
   306.732     9.128     0.060         5
   307.197     9.064     0.060         5
   307.512     9.011     0.060         5
   307.816     8.959     0.060         5
   308.131     8.915     0.060         5
   308.445     8.862     0.060         5
   308.599     8.830     0.060         5
   309.075     8.770     0.060         5
   309.698     8.694     0.060         5
   309.849     8.678     0.060         5
   310.010     8.666     0.060         5
   310.483     8.610     0.060         5
   310.945     8.554     0.060         5
   311.106     8.534     0.060         5
   311.568     8.466     0.060         5
   312.044     8.398     0.060         5
   312.506     8.334     0.060         5
   312.979     8.274     0.060         5
   313.294     8.234     0.060         5
   313.605     8.185     0.060         5
   313.906     8.129     0.060         5
   314.221     8.080     0.060         5
   314.844     7.984     0.060         5
   315.317     7.920     0.060         5
   315.930     7.844     0.060         5
   316.406     7.784     0.060         5
   316.879     7.724     0.060         5
   317.351     7.672     0.060         5
   317.835     7.608     0.060         5
   318.321     7.552     0.060         5
   318.633     7.516     0.060         5
   319.117     7.456     0.060         5
   320.059     7.348     0.060         5
   320.989     7.232     0.060         5
   321.452     7.172     0.060         5
   321.906     7.112     0.060         5
   322.207     7.076     0.060         5
   322.522     7.032     0.060         5
   322.836     6.992     0.060         5
   322.987     6.972     0.060         5
   323.302     6.932     0.060         5
   323.606     6.892     0.060         5
   323.756     6.868     0.060         5
   324.361     6.788     0.060         5
   324.826     6.723     0.060         5
   325.288     6.655     0.060         5
   325.600     6.593     0.060         5
   325.761     6.579     0.060         5
   326.073     6.534     0.060         5
   326.384     6.488     0.060         5
   326.546     6.468     0.060         5
   326.854     6.422     0.060         5
   327.005     6.405     0.060         5
   327.327     6.353     0.060         5
   327.800     6.285     0.060         5
   327.947     6.261     0.060         5
   328.108     6.244     0.060         5
   328.424     6.196     0.060         5
   328.733     6.148     0.060         5
   328.891     6.124     0.060         5
   329.357     6.054     0.060         5
   329.669     6.011     0.060         5
   329.970     5.969     0.060         5
   330.435     5.901     0.060         5
   330.750     5.860     0.060         5
   331.054     5.812     0.060         5
   331.372     5.764     0.060         5
   331.676     5.712     0.060         5
   331.993     5.662     0.060         5
   230.857    22.029     0.060         8
   231.133    21.991     0.060         8
   231.284    21.971     0.060         8
   231.561    21.927     0.060         8
   231.851    21.881     0.060         8
   232.128    21.835     0.060         8
   232.558    21.763     0.060         8
   232.698    21.743     0.060         8
   233.126    21.671     0.060         8
   233.266    21.650     0.060         8
   233.416    21.628     0.060         8
   233.973    21.534     0.060         8
   234.113    21.514     0.060         8
   234.529    21.442     0.060         8
   234.669    21.418     0.060         8
   235.239    21.324     0.060         8
   235.379    21.295     0.060         8
   235.670    21.239     0.060         8
   235.810    21.213     0.060         8
   236.240    21.131     0.060         8
   236.383    21.105     0.060         8
   236.673    21.053     0.060         8
   237.542    20.900     0.060         8
   237.832    20.852     0.060         8
   238.123    20.804     0.060         8
   238.574    20.728     0.060         8
   238.886    20.678     0.060         8
   239.344    20.611     0.060         8
   239.820    20.537     0.060         8
   240.134    20.499     0.060         8
   240.296    20.475     0.060         8
   240.594    20.436     0.060         8
   240.895    20.390     0.060         8
   241.207    20.346     0.060         8
   241.508    20.302     0.060         8
   241.669    20.278     0.060         8
   241.820    20.259     0.060         8
   242.274    20.189     0.060         8
   242.704    20.127     0.060         8
   242.995    20.079     0.060         8
   243.570    19.985     0.060         8
   244.016    19.909     0.060         8
   244.461    19.835     0.060         8
   244.770    19.789     0.060         8
   245.240    19.709     0.060         8
   245.538    19.661     0.060         8
   245.825    19.611     0.060         8
   246.130    19.559     0.060         8
   246.584    19.483     0.060         8
   246.735    19.459     0.060         8
   247.053    19.401     0.060         8
   247.671    19.287     0.060         8
   247.986    19.233     0.060         8
   248.459    19.142     0.060         8
   248.610    19.112     0.060         8
   248.922    19.052     0.060         8
   249.398    18.962     0.060         8
   249.710    18.901     0.060         8
   250.014    18.845     0.060         8
   250.471    18.759     0.060         8
   250.940    18.673     0.060         8
   251.411    18.582     0.060         8
   251.575    18.546     0.060         8
   252.046    18.456     0.060         8
   252.528    18.365     0.060         8
   253.174    18.245     0.060         8
   253.796    18.131     0.060         8
   254.417    18.006     0.060         8
   254.728    17.944     0.060         8
   255.188    17.849     0.060         8
   255.661    17.753     0.060         8
   256.273    17.632     0.060         8
   256.435    17.594     0.060         8
   256.897    17.510     0.060         8
   257.370    17.414     0.060         8
   257.682    17.353     0.060         8
   258.168    17.265     0.060         8
   258.967    17.129     0.060         8
   259.440    17.041     0.060         8
   259.915    16.953     0.060         8
   260.553    16.840     0.060         8
   261.340    16.708     0.060         8
   261.813    16.637     0.060         8
   262.300    16.569     0.060         8
   278.976    13.610     0.060         8
   279.126    13.572     0.060         8
   279.287    13.547     0.060         8
   279.448    13.530     0.060         8
   279.613    13.495     0.060         8
   279.774    13.452     0.060         8
   279.935    13.413     0.060         8
   280.099    13.411     0.060         8
   280.263    13.380     0.060         8
   280.414    13.349     0.060         8
   280.578    13.326     0.060         8
   280.739    13.292     0.060         8
   280.893    13.269     0.060         8
   281.057    13.247     0.060         8
   281.218    13.229     0.060         8
   281.382    13.199     0.060         8
   281.543    13.176     0.060         8
   281.697    13.127     0.060         8
   281.858    13.099     0.060         8
   282.022    13.085     0.060         8
   282.173    13.060     0.060         8
   282.334    13.019     0.060         8
   282.498    12.987     0.060         8
   282.813    12.928     0.060         8
   282.974    12.907     0.060         8
   283.128    12.862     0.060         8
   283.289    12.843     0.060         8
   283.453    12.824     0.060         8
   283.604    12.795     0.060         8
   283.765    12.780     0.060         8
   283.929    12.751     0.060         8
   284.090    12.724     0.060         8
   284.241    12.692     0.060         8
   284.405    12.674     0.060         8
   284.566    12.645     0.060         8
   284.730    12.611     0.060         8
   284.891    12.578     0.060         8
   285.045    12.573     0.060         8
   285.206    12.537     0.060         8
   285.685    12.483     0.060         8
   286.328    12.351     0.060         8
   286.979    12.243     0.060         8
   288.102    12.067     0.060         8
   288.744    11.982     0.060         8
   289.558    11.887     0.060         8
   289.880    11.884     0.060         8
   290.366    11.858     0.060         8
   290.850    11.811     0.060         8
   291.505    11.773     0.060         8
   292.145    11.711     0.060         8
   292.785    11.689     0.060         8
   293.415    11.672     0.060         8
   293.719    11.649     0.060         8
   294.348    11.594     0.060         8
   294.964    11.556     0.060         8
   295.580    11.518     0.060         8
   296.045    11.500     0.060         8
   296.499    11.482     0.060         8
   296.814    11.463     0.060         8
   297.118    11.468     0.060         8
   297.737    11.422     0.060         8
   298.194    11.396     0.060         8
   298.808    11.363     0.060         8
   299.422    11.307     0.060         8
   300.332    11.246     0.060         8
   300.784    11.228     0.060         8
   301.544    11.140     0.060         8
   302.334    11.087     0.060         8
   302.817    11.023     0.060         8
   303.287    10.987     0.060         8
   304.373    10.871     0.060         8
   304.999    10.808     0.060         8
   305.472    10.807     0.060         8
   306.259    10.695     0.060         8
   306.732    10.619     0.060         8
   307.197    10.580     0.060         8
   307.663    10.537     0.060         8
   308.445    10.455     0.060         8
   309.698    10.336     0.060         8
   310.633    10.231     0.060         8
   311.418    10.122     0.060         8
   342.687     3.578     0.060         9
   342.840     3.566     0.060         9
   343.002     3.491     0.060         9
   343.166     3.424     0.060         9
   343.330     3.328     0.060         9
   343.491     3.256     0.060         9
   343.819     3.140     0.060         9
   343.980     3.067     0.060         9
   344.134     3.018     0.060         9
   344.295     2.959     0.060         9
   344.459     2.888     0.060         9
   344.613     2.813     0.060         9
   344.774     2.743     0.060         9
   344.928     2.684     0.060         9
   345.092     2.598     0.060         9
   335.535     5.078     0.060        10
   335.689     5.052     0.060        10
   335.853     5.030     0.060        10
   336.003     5.006     0.060        10
   336.168     4.982     0.060        10
   336.329     4.955     0.060        10
   336.493     4.931     0.060        10
   336.646     4.903     0.060        10
   336.808     4.871     0.060        10
   336.972     4.842     0.060        10
   337.136     4.814     0.060        10
   337.289     4.782     0.060        10
   337.453     4.746     0.060        10
   337.607     4.714     0.060        10
   337.771     4.678     0.060        10
   337.932     4.642     0.060        10
   338.096     4.607     0.060        10
   338.247     4.576     0.060        10
   338.408     4.541     0.060        10
   338.558     4.506     0.060        10
   338.720     4.475     0.060        10
   338.881     4.444     0.060        10
   339.042     4.413     0.060        10
   339.203     4.374     0.060        10
   339.354     4.337     0.060        10
   339.515     4.298     0.060        10
   339.676     4.255     0.060        10
   339.834     4.213     0.060        10
   339.984     4.175     0.060        10
   340.146     4.152     0.060        10
   340.307     4.118     0.060        10
   340.454     4.080     0.060        10
   340.615     4.035     0.060        10
   340.773     4.001     0.060        10
   340.934     3.959     0.060        10
   341.092     3.926     0.060        10
   341.253     3.892     0.060        10
   341.404     3.844     0.060        10
   341.568     3.809     0.060        10
   341.719     3.773     0.060        10
   341.883     3.733     0.060        10
   342.047     3.692     0.060        10
   342.197     3.656     0.060        10
   342.362     3.625     0.060        10
   309.537     9.769     0.060        14
   310.322     9.657     0.060        14
   311.106     9.583     0.060        14
   311.883     9.488     0.060        14
   312.356     9.416     0.060        14
   312.979     9.337     0.060        14
   313.444     9.277     0.060        14
   314.221     9.162     0.060        14
   314.694     9.111     0.060        14
   315.317     9.031     0.060        14
   316.406     8.872     0.060        14
   316.717     8.845     0.060        14
   317.996     8.682     0.060        14
   318.955     8.539     0.060        14
   319.428     8.484     0.060        14
   320.371     8.377     0.060        14
   320.989     8.298     0.060        14
   321.452     8.222     0.060        14
   321.756     8.186     0.060        14
   322.522     8.083     0.060        14
   322.836     8.039     0.060        14
   323.606     7.928     0.060        14
   324.361     7.837     0.060        14
   325.288     7.714     0.060        14
   325.600     7.670     0.060        14
   326.234     7.566     0.060        14
   326.854     7.462     0.060        14
   327.327     7.390     0.060        14
   327.800     7.310     0.060        14
   328.424     7.206     0.060        14
   329.196     7.111     0.060        14
   329.669     7.035     0.060        14
   330.285     6.931     0.060        14
   315.156    14.044     0.060        24
   315.779    13.944     0.060        24
   316.556    13.710     0.060        24
   317.513    13.482     0.060        24
   318.160    13.345     0.060        24
   318.633    13.186     0.060        24
   319.589    12.963     0.060        24
   320.059    12.795     0.060        24
   339.676     5.262     0.060        30
   339.834     5.197     0.060        30
   339.984     5.135     0.060        30
   340.146     5.065     0.060        30
   340.307     4.959     0.060        30
   340.454     4.905     0.060        30
   340.615     4.835     0.060        30
   340.773     4.778     0.060        30
   340.934     4.708     0.060        30
   341.092     4.628     0.060        30
   341.253     4.544     0.060        30
   341.404     4.482     0.060        30
   341.568     4.426     0.060        30
   341.719     4.373     0.060        30
   341.883     4.304     0.060        30
   342.047     4.239     0.060        30
   342.197     4.173     0.060        30
   342.362     4.092     0.060        30
   342.523     4.002     0.060        30
   342.687     3.953     0.060        30
   342.840     3.899     0.060        30
   348.590     1.000     0.000         0
   348.729     1.331     0.060         1
   348.892     1.346     0.060         1
   349.046     1.366     0.060         1
   349.210     1.407     0.060         1
   349.360     1.451     0.060         1
   349.521     1.496     0.060         1
   349.681     1.536     0.060         1
   349.842     1.565     0.060         1
   350.003     1.622     0.060         1
   350.164     1.690     0.060         1
   350.322     1.761     0.060         1
   350.484     1.837     0.060         1
   350.645     1.953     0.060         1
   350.792     2.058     0.060         1
   350.953     2.113     0.060         1
   351.114     2.200     0.060         1
   348.729     1.807     0.060         2
   348.892     1.833     0.060         2
   349.046     1.836     0.060         2
   349.210     1.876     0.060         2
   349.360     1.893     0.060         2
   348.729     2.375     0.060         3
   348.892     2.387     0.060         3
   349.046     2.397     0.060         3
   349.210     2.410     0.060         3
   349.360     2.434     0.060         3
   349.521     2.454     0.060         3
   349.681     2.478     0.060         3
   349.842     2.506     0.060         3
   350.003     2.548     0.060         3
   350.164     2.573     0.060         3
   354.586     3.659     0.060         5
   354.740     3.703     0.060         5
   354.901     3.743     0.060         5
   355.054     3.804     0.060         5
   355.215     3.868     0.060         5
   355.369     3.907     0.060         5
   355.530     3.943     0.060         5
   355.683     3.981     0.060         5
   355.834     4.022     0.060         5
   355.998     4.073     0.060         5
   356.149     4.126     0.060         5
   356.313     4.161     0.060         5
   356.463     4.183     0.060         5
   356.624     4.235     0.060         5
   356.788     4.260     0.060         5
   356.939     4.307     0.060         5
   357.103     4.355     0.060         5
   357.264     4.423     0.060         5
   357.418     4.445     0.060         5
   357.579     4.509     0.060         5
   357.743     4.555     0.060         5
   357.896     4.599     0.060         5
   358.057     4.628     0.060         5
   358.211     4.676     0.060         5
   358.375     4.724     0.060         5
   358.536     4.776     0.060         5
   358.700     4.804     0.060         5
   358.861     4.846     0.060         5
   359.015     4.883     0.060         5
   359.179     4.937     0.060         5
   359.340     4.980     0.060         5
   359.504     5.026     0.060         5
   359.665     5.067     0.060         5
   359.819     5.108     0.060         5
   359.980     5.150     0.060         5
   360.130     5.183     0.060         5
   360.295     5.220     0.060         5
   360.445     5.261     0.060         5
   360.609     5.301     0.060         5
   360.770     5.337     0.060         5
   360.934     5.375     0.060         5
   361.096     5.413     0.060         5
   361.260     5.461     0.060         5
   361.421     5.493     0.060         5
   361.582     5.529     0.060         5
   361.732     5.569     0.060         5
   361.894     5.609     0.060         5
   362.044     5.648     0.060         5
   362.208     5.689     0.060         5
   362.359     5.726     0.060         5
   362.520     5.768     0.060         5
   362.681     5.805     0.060         5
   362.842     5.843     0.060         5
   363.006     5.889     0.060         5
   363.167     5.930     0.060         5
   363.339     5.973     0.060         5
   363.500     6.014     0.060         5
   363.664     6.059     0.060         5
   363.825     6.099     0.060         5
   363.987     6.156     0.060         5
   364.148     6.208     0.060         5
   364.309     6.248     0.060         5
   364.470     6.296     0.060         5
   364.631     6.345     0.060         5
   364.795     6.395     0.060         5
   364.946     6.452     0.060         5
   365.110     6.506     0.060         5
   365.271     6.565     0.060         5
   365.424     6.625     0.060         5
   365.586     6.684     0.060         5
   365.750     6.738     0.060         5
   365.911     6.800     0.060         5
   366.064     6.848     0.060         5
   366.225     6.898     0.060         5
   366.386     6.931     0.060         5
   366.540     6.964     0.060         5
   366.701     7.001     0.060         5
   366.865     7.045     0.060         5
   367.016     7.076     0.060         5
   367.177     7.103     0.060         5
   367.341     7.131     0.060         5
   367.491     7.166     0.060         5
   367.655     7.202     0.060         5
   367.817     7.237     0.060         5
   367.967     7.272     0.060         5
   368.131     7.308     0.060         5
   368.292     7.338     0.060         5
   368.446     7.372     0.060         5
   368.607     7.418     0.060         5
   368.760     7.443     0.060         5
   368.921     7.488     0.060         5
   369.072     7.528     0.060         5
   369.236     7.559     0.060         5
   369.387     7.594     0.060         5
   369.551     7.620     0.060         5
   369.712     7.654     0.060         5
   369.862     7.692     0.060         5
   370.023     7.718     0.060         5
   370.187     7.744     0.060         5
   370.338     7.769     0.060         5
   370.499     7.792     0.060         5
   370.660     7.810     0.060         5
   370.811     7.826     0.060         5
   370.972     7.837     0.060         5
   371.122     7.874     0.060         5
   371.283     7.887     0.060         5
   371.444     7.905     0.060         5
   371.595     7.935     0.060         5
   371.756     7.951     0.060         5
   371.907     7.963     0.060         5
   372.068     7.991     0.060         5
   372.218     8.015     0.060         5
   372.379     8.026     0.060         5
   372.530     8.038     0.060         5
   372.691     8.041     0.060         5
   372.852     8.073     0.060         5
   373.013     8.078     0.060         5
   373.174     8.094     0.060         5
   373.338     8.106     0.060         5
   373.489     8.126     0.060         5
   373.653     8.150     0.060         5
   373.814     8.152     0.060         5
   373.978     8.162     0.060         5
   374.139     8.193     0.060         5
   374.290     8.204     0.060         5
   374.454     8.231     0.060         5
   374.615     8.254     0.060         5
   374.779     8.286     0.060         5
   374.943     8.306     0.060         5
   375.104     8.338     0.060         5
   375.268     8.366     0.060         5
   375.419     8.394     0.060         5
   375.583     8.416     0.060         5
   375.744     8.458     0.060         5
   375.908     8.499     0.060         5
   376.069     8.520     0.060         5
   376.220     8.551     0.060         5
   376.545     8.580     0.060         5
   376.706     8.592     0.060         5
   376.870     8.607     0.060         5
   377.031     8.626     0.060         5
   377.193     8.648     0.060         5
   377.357     8.659     0.060         5
   377.518     8.681     0.060         5
   377.679     8.692     0.060         5
   377.843     8.710     0.060         5
   378.004     8.732     0.060         5
   378.168     8.759     0.060         5
   378.329     8.769     0.060         5
   378.501     8.783     0.060         5
   378.665     8.793     0.060         5
   378.826     8.820     0.060         5
   378.987     8.829     0.060         5
   379.141     8.851     0.060         5
   379.302     8.864     0.060         5
   379.466     8.868     0.060         5
   379.627     8.873     0.060         5
   379.791     8.869     0.060         5
   379.952     8.878     0.060         5
   380.106     8.882     0.060         5
   380.270     8.860     0.060         5
   380.431     8.851     0.060         5
   380.595     8.833     0.060         5
   380.746     8.786     0.060         5
   380.910     8.784     0.060         5
   381.074     8.786     0.060         5
   381.227     8.793     0.060         5
   381.388     8.792     0.060         5
   381.553     8.773     0.060         5
   381.703     8.782     0.060         5
   381.867     8.779     0.060         5
   382.021     8.789     0.060         5
   382.182     8.802     0.060         5
   382.343     8.795     0.060         5
   382.496     8.803     0.060         5
   382.657     8.773     0.060         5
   382.811     8.797     0.060         5
   382.972     8.805     0.060         5
   383.125     8.812     0.060         5
   383.286     8.791     0.060         5
   383.437     8.815     0.060         5
   383.752     8.829     0.060         5
   383.905     8.816     0.060         5
   384.220     8.835     0.060         5
   384.370     8.847     0.060         5
   384.534     8.871     0.060         5
   384.849     8.906     0.060         5
   385.002     8.914     0.060         5
   385.317     8.945     0.060         5
   385.467     8.953     0.060         5
   385.782     9.004     0.060         5
   385.943     9.012     0.060         5
   386.247     9.052     0.060         5
   386.397     9.063     0.060         5
   351.584     2.507     0.060        10
   351.746     2.578     0.060        10
   351.907     2.663     0.060        10
   352.068     2.708     0.060        10
   352.229     2.773     0.060        10
   352.393     2.867     0.060        10
   352.554     2.954     0.060        10
   352.705     2.952     0.060        10
   352.866     3.038     0.060        10
   353.017     3.091     0.060        10
   353.178     3.149     0.060        10
   353.331     3.205     0.060        10
   353.492     3.258     0.060        10
   353.643     3.310     0.060        10
   353.807     3.388     0.060        10
   353.957     3.442     0.060        10
   354.111     3.498     0.060        10
   354.272     3.583     0.060        10
   355.834     4.352     0.060        30
   355.998     4.402     0.060        30
   356.149     4.498     0.060        30
   356.313     4.540     0.060        30
   356.463     4.587     0.060        30
   356.624     4.657     0.060        30
   356.788     4.716     0.060        30
   356.939     4.768     0.060        30
   357.103     4.851     0.060        30
   357.264     4.886     0.060        30
   357.418     4.935     0.060        30
   357.579     5.013     0.060        30
   357.743     5.050     0.060        30
   357.896     5.102     0.060        30
   358.057     5.151     0.060        30
   358.211     5.214     0.060        30
   358.375     5.340     0.060        30
   358.536     5.393     0.060        30
   358.700     5.454     0.060        30
   358.861     5.515     0.060        30
   359.015     5.577     0.060        30
   359.179     5.639     0.060        30
   359.340     5.719     0.060        30
   359.504     5.772     0.060        30
   359.665     5.843     0.060        30
   359.819     5.917     0.060        30
   359.980     5.985     0.060        30
   360.130     6.045     0.060        30
   360.295     6.109     0.060        30
   360.445     6.163     0.060        30
   360.609     6.211     0.060        30
   360.770     6.274     0.060        30
   360.934     6.332     0.060        30
   361.096     6.392     0.060        30
   361.260     6.441     0.060        30
   361.421     6.526     0.060        30
   361.582     6.555     0.060        30
   361.732     6.592     0.060        30
   361.894     6.645     0.060        30
   362.044     6.695     0.060        30
   362.208     6.848     0.060        30
   362.359     6.862     0.060        30
   362.520     6.911     0.060        30
   362.681     6.979     0.060        30
   362.842     7.036     0.060        30
   363.006     7.102     0.060        30
   363.167     7.160     0.060        30
   363.339     7.225     0.060        30
   363.500     7.288     0.060        30
   363.664     7.339     0.060        30
   363.825     7.393     0.060        30
   363.987     7.455     0.060        30
   364.148     7.509     0.060        30
   364.309     7.556     0.060        30
     0.000     0.000     0.000        -1
