   156.702    -1.000     0.000         0
   153.781     2.180     0.060         1
   153.931     2.094     0.060         1
   154.084     2.031     0.060         1
   154.236     1.972     0.060         1
   154.377     1.884     0.060         1
   154.529     1.807     0.060         1
   154.680     1.737     0.060         1
   154.831     1.668     0.060         1
   154.982     1.608     0.060         1
   155.132     1.552     0.060         1
   155.281     1.503     0.060         1
   155.429     1.455     0.060         1
   155.575     1.421     0.060         1
   155.719     1.388     0.060         1
   155.872     1.353     0.060         1
   156.009     1.324     0.060         1
   156.140     1.312     0.060         1
   156.258     1.306     0.060         1
   156.358     1.302     0.060         1
   156.396     1.298     0.060         1
   101.232    12.045     0.060         5
   101.844    11.966     0.060         5
   102.764    11.839     0.060         5
   103.523    11.719     0.060         5
   104.629    11.543     0.060         5
   105.423    11.436     0.060         5
   106.204    11.324     0.060         5
   106.519    11.281     0.060         5
   106.831    11.237     0.060         5
   107.608    11.113     0.060         5
   108.544    10.974     0.060         5
   109.315    10.870     0.060         5
   110.104    10.763     0.060         5
   111.354    10.588     0.060         5
   111.978    10.525     0.060         5
   112.441    10.482     0.060         5
   113.051    10.403     0.060         5
   113.511    10.368     0.060         5
   114.309    10.278     0.060         5
   115.119    10.166     0.060         5
   115.925    10.043     0.060         5
   116.877     9.883     0.060         5
   117.809     9.727     0.060         5
   118.132     9.675     0.060         5
   118.766     9.583     0.060         5
   119.243     9.528     0.060         5
   119.568     9.487     0.060         5
   119.891     9.461     0.060         5
   120.052     9.452     0.060         5
   120.697     9.382     0.060         5
   121.510     9.287     0.060         5
   122.147     9.224     0.060         5
   122.798     9.144     0.060         5
   123.422     9.065     0.060         5
   123.734     9.028     0.060         5
   123.895     9.004     0.060         5
   124.046     8.980     0.060         5
   124.207     8.948     0.060         5
   124.369     8.920     0.060         5
   124.522     8.892     0.060         5
   124.687     8.868     0.060         5
   124.837     8.835     0.060         5
   124.998     8.802     0.060         5
   125.163     8.777     0.060         5
   125.313     8.756     0.060         5
   125.475     8.727     0.060         5
   125.636     8.698     0.060         5
   125.787     8.677     0.060         5
   125.948     8.652     0.060         5
   126.098     8.624     0.060         5
   126.249     8.592     0.060         5
   126.410     8.568     0.060         5
   126.561     8.540     0.060         5
   126.722     8.520     0.060         5
   126.873     8.484     0.060         5
   127.031     8.464     0.060         5
   127.182     8.456     0.060         5
   127.343     8.420     0.060         5
   127.494     8.400     0.060         5
   127.655     8.384     0.060         5
   127.806     8.368     0.060         5
   127.970     8.342     0.060         5
   128.121     8.304     0.060         5
   128.282     8.281     0.060         5
   128.446     8.279     0.060         5
   128.607     8.255     0.060         5
   128.772     8.212     0.060         5
   128.922     8.195     0.060         5
   129.087     8.186     0.060         5
   129.251     8.145     0.060         5
   129.412     8.133     0.060         5
   129.576     8.112     0.060         5
   129.738     8.087     0.060         5
   129.888     8.054     0.060         5
   130.053     8.041     0.060         5
   130.214     8.001     0.060         5
   130.378     7.988     0.060         5
   130.529     7.952     0.060         5
   130.693     7.923     0.060         5
   130.854     7.908     0.060         5
   131.019     7.887     0.060         5
   131.169     7.873     0.060         5
   131.492     7.812     0.060         5
   132.132     7.722     0.060         5
   132.458     7.675     0.060         5
   132.783     7.616     0.060         5
   132.948     7.586     0.060         5
   133.101     7.570     0.060         5
   133.263     7.545     0.060         5
   133.427     7.524     0.060         5
   133.588     7.513     0.060         5
   133.752     7.492     0.060         5
   133.914     7.469     0.060         5
   134.078     7.457     0.060         5
   134.239     7.433     0.060         5
   134.401     7.405     0.060         5
   134.565     7.386     0.060         5
   134.726     7.378     0.060         5
   134.890     7.358     0.060         5
   135.044     7.323     0.060         5
   135.205     7.295     0.060         5
   135.366     7.284     0.060         5
   135.531     7.273     0.060         5
   135.681     7.256     0.060         5
   135.843     7.238     0.060         5
   135.996     7.207     0.060         5
   136.158     7.174     0.060         5
   136.308     7.158     0.060         5
   136.472     7.137     0.060         5
   136.634     7.124     0.060         5
   136.787     7.092     0.060         5
   136.949     7.062     0.060         5
   137.099     7.057     0.060         5
   137.263     7.034     0.060         5
   137.425     7.021     0.060         5
   137.575     6.987     0.060         5
   137.740     6.958     0.060         5
   137.901     6.924     0.060         5
   138.052     6.902     0.060         5
   138.216     6.879     0.060         5
   138.366     6.853     0.060         5
   138.528     6.827     0.060         5
   138.689     6.800     0.060         5
   138.853     6.767     0.060         5
   139.004     6.735     0.060         5
   139.491     6.627     0.060         5
   140.128     6.491     0.060         5
   140.615     6.378     0.060         5
   141.252     6.249     0.060         5
   141.739     6.149     0.060         5
   142.541     6.003     0.060         5
   143.178     5.847     0.060         5
   143.504     5.777     0.060         5
   143.988     5.681     0.060         5
   144.475     5.571     0.060         5
   144.786     5.502     0.060         5
   145.435     5.369     0.060         5
   145.596     5.306     0.060         5
   146.244     5.189     0.060         5
   146.567     5.113     0.060         5
   147.043     4.950     0.060        10
   147.355     4.852     0.060        10
   147.680     4.732     0.060        10
   148.003     4.642     0.060        10
   148.318     4.560     0.060        10
   148.794     4.467     0.060        10
   148.955     4.434     0.060        10
   149.267     4.341     0.060        10
   149.582     4.255     0.060        10
   149.746     4.195     0.060        10
   150.061     4.116     0.060        10
    11.380    24.621     0.060        13
    12.042    24.527     0.060        13
    13.027    24.403     0.060        13
    13.979    24.283     0.060        13
    15.435    24.108     0.060        13
    18.183    23.799     0.060        13
    18.502    23.749     0.060        13
    19.441    23.653     0.060        13
    20.693    23.497     0.060        13
    22.878    23.211     0.060        13
    24.291    23.030     0.060        13
    25.393    22.889     0.060        13
    25.855    22.834     0.060        13
   119.243     9.813     0.060        14
   119.407     9.797     0.060        14
   119.730     9.773     0.060        14
   120.052     9.746     0.060        14
   120.213     9.746     0.060        14
   120.536     9.719     0.060        14
   120.697     9.711     0.060        14
   121.345     9.639     0.060        14
   121.832     9.588     0.060        14
   122.312     9.544     0.060        14
   122.634     9.488     0.060        14
   122.960     9.431     0.060        14
   123.272     9.387     0.060        14
   123.584     9.330     0.060        14
   123.734     9.291     0.060        14
   123.895     9.271     0.060        14
   124.046     9.243     0.060        14
   124.207     9.219     0.060        14
   124.369     9.195     0.060        14
   124.522     9.155     0.060        14
   124.687     9.131     0.060        14
   124.837     9.107     0.060        14
   124.998     9.079     0.060        14
   125.163     9.051     0.060        14
   125.313     9.023     0.060        14
   125.475     9.005     0.060        14
   125.636     8.970     0.060        14
   125.787     8.956     0.060        14
   125.948     8.926     0.060        14
   126.098     8.896     0.060        14
   126.249     8.874     0.060        14
   126.410     8.839     0.060        14
   126.561     8.821     0.060        14
   126.722     8.803     0.060        14
   126.873     8.773     0.060        14
   127.031     8.748     0.060        14
   127.182     8.738     0.060        14
   127.343     8.708     0.060        14
   127.494     8.678     0.060        14
   127.655     8.677     0.060        14
   127.806     8.639     0.060        14
   127.970     8.621     0.060        14
   128.121     8.599     0.060        14
   128.282     8.566     0.060        14
   128.446     8.540     0.060        14
   128.607     8.529     0.060        14
   128.772     8.482     0.060        14
   128.922     8.459     0.060        14
   129.087     8.436     0.060        14
   129.251     8.418     0.060        14
   129.412     8.375     0.060        14
   129.576     8.384     0.060        14
   129.738     8.367     0.060        14
   129.888     8.328     0.060        14
   130.053     8.275     0.060        14
   130.214     8.278     0.060        14
   130.378     8.265     0.060        14
   130.529     8.236     0.060        14
   130.693     8.204     0.060        14
   130.854     8.179     0.060        14
   131.019     8.178     0.060        14
   131.169     8.154     0.060        14
   131.331     8.118     0.060        14
   131.492     8.095     0.060        14
   131.656     8.054     0.060        14
   131.807     8.062     0.060        14
   131.971     8.014     0.060        14
   132.132     7.998     0.060        14
   132.297     7.984     0.060        14
   132.458     7.975     0.060        14
   132.622     7.939     0.060        14
   132.783     7.935     0.060        14
   132.948     7.903     0.060        14
   133.101     7.877     0.060        14
   133.263     7.865     0.060        14
   133.427     7.833     0.060        14
   133.588     7.818     0.060        14
   133.752     7.787     0.060        14
   133.914     7.760     0.060        14
   134.078     7.748     0.060        14
   134.239     7.709     0.060        14
   134.401     7.709     0.060        14
   134.565     7.674     0.060        14
   134.726     7.651     0.060        14
   134.890     7.611     0.060        14
   135.044     7.611     0.060        14
   135.205     7.572     0.060        14
   135.366     7.560     0.060        14
   135.531     7.529     0.060        14
   135.681     7.509     0.060        14
   135.843     7.506     0.060        14
   135.996     7.465     0.060        14
   136.158     7.412     0.060        14
   136.308     7.455     0.060        14
   136.472     7.434     0.060        14
   136.634     7.405     0.060        14
   136.787     7.384     0.060        14
   136.949     7.348     0.060        14
   137.099     7.319     0.060        14
   137.263     7.311     0.060        14
   137.425     7.307     0.060        14
   137.575     7.279     0.060        14
   137.740     7.243     0.060        14
   137.901     7.211     0.060        14
   138.052     7.183     0.060        14
   138.216     7.147     0.060        14
   138.366     7.119     0.060        14
   138.528     7.083     0.060        14
   138.689     7.051     0.060        14
   138.853     7.020     0.060        14
   139.004     6.985     0.060        14
   139.168     6.958     0.060        14
   139.329     6.927     0.060        14
   139.491     6.900     0.060        14
   139.655     6.868     0.060        14
   139.805     6.841     0.060        14
   139.967     6.806     0.060        14
   140.128     6.775     0.060        14
   140.292     6.752     0.060        14
   140.454     6.721     0.060        14
   140.615     6.693     0.060        14
   140.776     6.666     0.060        14
   140.930     6.638     0.060        14
   141.091     6.611     0.060        14
   141.252     6.587     0.060        14
   141.417     6.560     0.060        14
   141.578     6.540     0.060        14
   141.739     6.513     0.060        14
   141.900     6.477     0.060        14
   142.065     6.445     0.060        14
   142.226     6.410     0.060        14
   142.380     6.383     0.060        14
   142.541     6.347     0.060        14
   142.702     6.315     0.060        14
   142.866     6.268     0.060        14
   143.017     6.237     0.060        14
   143.178     6.221     0.060        14
   143.340     6.158     0.060        14
   143.504     6.114     0.060        14
   143.665     6.078     0.060        14
   143.826     6.047     0.060        14
   144.475     5.919     0.060        14
   144.948     5.785     0.060        14
   145.273     5.708     0.060        14
   145.596     5.632     0.060        14
    71.111    28.435     0.060        24
    72.512    28.068     0.060        24
    73.769    27.764     0.060        24
    74.993    27.480     0.060        24
    76.526    27.093     0.060        24
    76.992    26.977     0.060        24
    78.074    26.702     0.060        24
    79.620    26.275     0.060        24
    80.704    25.961     0.060        24
    82.261    25.546     0.060        24
    83.196    25.290     0.060        24
    84.450    24.940     0.060        24
    85.074    24.768     0.060        24
    85.865    24.545     0.060        24
   118.931    16.120     0.060        24
   119.730    15.900     0.060        24
   120.052    15.808     0.060        24
   120.697    15.624     0.060        24
   121.345    15.430     0.060        24
   122.147    15.244     0.060        24
   122.798    15.060     0.060        24
   127.655    13.710     0.060        24
   128.446    13.464     0.060        24
   129.412    13.208     0.060        24
   129.888    13.024     0.060        24
   156.702     1.000     0.000         0
   157.039     1.286     0.060         1
   157.135     1.308     0.060         1
   157.259     1.341     0.060         1
   157.392     1.379     0.060         1
   157.539     1.415     0.060         1
   157.680     1.458     0.060         1
   157.830     1.523     0.060         1
   157.987     1.591     0.060         1
   158.136     1.637     0.060         1
   158.284     1.690     0.060         1
   158.441     1.753     0.060         1
   158.587     1.816     0.060         1
   158.742     1.890     0.060         1
   158.897     1.974     0.060         1
   216.468    12.209     0.060         5
   216.852    12.306     0.060         5
   217.121    12.401     0.060         5
   217.691    12.535     0.060         5
   217.999    12.624     0.060         5
   218.455    12.723     0.060         5
   218.762    12.813     0.060         5
   219.045    12.885     0.060         5
   219.465    12.999     0.060         5
   219.731    13.076     0.060         5
   220.011    13.156     0.060         5
   220.414    13.244     0.060         5
   220.820    13.354     0.060         5
   220.957    13.415     0.060         5
   221.223    13.483     0.060         5
   221.787    13.635     0.060         5
   221.927    13.696     0.060         5
   222.067    13.753     0.060         5
   222.344    13.862     0.060         5
   222.774    14.000     0.060         5
   222.925    14.061     0.060         5
   223.205    14.151     0.060         5
   223.495    14.255     0.060         5
   223.786    14.373     0.060         5
   224.076    14.463     0.060         5
   224.367    14.544     0.060         5
   224.808    14.658     0.060         5
   225.098    14.734     0.060         5
   225.238    14.782     0.060         5
   225.679    14.890     0.060         5
   226.123    14.990     0.060         5
   226.413    15.066     0.060         5
   226.855    15.185     0.060         5
   227.296    15.266     0.060         5
   227.737    15.351     0.060         5
   228.027    15.418     0.060         5
   228.317    15.475     0.060         5
   228.608    15.537     0.060         5
   229.028    15.615     0.060         5
   229.458    15.714     0.060         5
   229.745    15.778     0.060         5
   230.159    15.859     0.060         5
   230.439    15.912     0.060         5
   230.856    15.984     0.060         5
   231.423    16.081     0.060         5
   231.850    16.166     0.060         5
   232.127    16.223     0.060         5
   232.697    16.332     0.060         5
   232.985    16.389     0.060         5
   233.692    16.530     0.060         5
   234.252    16.631     0.060         5
   234.528    16.684     0.060         5
   234.948    16.769     0.060         5
   235.378    16.858     0.060         5
   235.809    16.939     0.060         5
   236.239    16.991     0.060         5
   236.672    17.059     0.060         5
   237.250    17.135     0.060         5
   237.541    17.179     0.060         5
   237.982    17.235     0.060         5
   238.272    17.276     0.060         5
   238.724    17.336     0.060         5
   239.039    17.372     0.060         5
   239.504    17.436     0.060         5
   239.969    17.496     0.060         5
   280.098    21.937     0.060        13
   282.333    22.144     0.060        13
   283.928    22.298     0.060        13
   285.369    22.432     0.060        13
   287.464    22.674     0.060        13
   289.065    22.855     0.060        13
   290.849    23.070     0.060        13
   293.414    23.399     0.060        13
   296.194    23.812     0.060        13
   299.268    24.278     0.060        13
   300.633    24.496     0.060        13
   302.172    24.725     0.060        13
   305.321    25.200     0.060        13
   307.815    25.576     0.060        13
   218.762    13.226     0.060        14
   219.325    13.422     0.060        14
   220.011    13.609     0.060        14
   220.414    13.765     0.060        14
   221.097    14.004     0.060        14
   221.640    14.192     0.060        14
   222.204    14.348     0.060        14
   222.925    14.539     0.060        14
   223.495    14.707     0.060        14
   224.517    14.975     0.060        14
   225.389    15.174     0.060        14
   226.123    15.354     0.060        14
   227.005    15.530     0.060        14
   228.027    15.750     0.060        14
   229.178    15.966     0.060        14
   230.159    16.154     0.060        14
   230.439    16.206     0.060        14
   231.850    16.458     0.060        14
   232.985    16.685     0.060        14
   233.832    16.829     0.060        14
   235.099    17.041     0.060        14
   236.239    17.237     0.060        14
   237.691    17.442     0.060        14
   238.885    17.598     0.060        14
   240.295    17.794     0.060        14
   220.680    22.737     0.060        24
   221.223    22.887     0.060        24
   221.500    22.993     0.060        24
   221.787    23.076     0.060        24
   222.067    23.183     0.060        24
   222.344    23.289     0.060        24
   222.634    23.415     0.060        24
   223.065    23.551     0.060        24
   223.355    23.664     0.060        24
   223.495    23.741     0.060        24
   223.786    23.821     0.060        24
   224.076    23.937     0.060        24
   224.367    24.055     0.060        24
   224.517    24.126     0.060        24
   224.657    24.186     0.060        24
   233.972    26.944     0.060        24
   234.388    27.066     0.060        24
   234.668    27.119     0.060        24
   235.099    27.210     0.060        24
   235.378    27.327     0.060        24
   235.669    27.384     0.060        24
   235.949    27.482     0.060        24
   236.239    27.539     0.060        24
   236.963    27.766     0.060        24
   237.250    27.853     0.060        24
   238.423    28.234     0.060        24
   238.724    28.311     0.060        24
   238.885    28.368     0.060        24
   239.189    28.469     0.060        24
   241.055    29.059     0.060        24
   241.507    29.203     0.060        24
   241.668    29.270     0.060        24
   241.969    29.356     0.060        24
   242.273    29.467     0.060        24
     0.000     0.000     0.000        -1
