Generated by GetData Graph Digitizer 2.22 on July 03 2026, 14:58
from file 'C:\Users\go223\Desktop\ͼƬ2.jpg'

Fxl=0.8
 6.80515463917526e+000    1.84536082474227e-001
 6.83092783505155e+000    1.76804123711340e-001
 6.85670103092783e+000    1.70618556701031e-001
 6.87731958762887e+000    1.65979381443299e-001
 6.90309278350515e+000    1.58247422680412e-001
 6.92886597938144e+000    1.53608247422680e-001
 6.95979381443299e+000    1.47422680412371e-001
 6.99072164948454e+000    1.42783505154639e-001
 7.02680412371134e+000    1.38144329896907e-001
 7.07835051546392e+000    1.33505154639175e-001
 7.11958762886598e+000    1.30412371134021e-001
 7.16597938144330e+000    1.30412371134021e-001
 7.24329896907217e+000    1.33505154639175e-001
 7.30000000000000e+000    1.36597938144330e-001
 7.37216494845361e+000    1.47422680412371e-001
 7.41340206185567e+000    1.55154639175258e-001
 7.48556701030928e+000    1.72164948453608e-001
 7.55257731958763e+000    1.93814432989691e-001
 7.60927835051546e+000    2.15463917525773e-001
 7.66082474226804e+000    2.34020618556701e-001
 7.70721649484536e+000    2.55670103092783e-001
 7.75360824742268e+000    2.78865979381443e-001
 7.79484536082474e+000    2.98969072164948e-001

Fxl=0.7
 6.80515463917526e+000    2.46391752577320e-001
 6.82061855670103e+000    2.38659793814433e-001
 6.84123711340206e+000    2.30927835051546e-001
 6.86185567010309e+000    2.21649484536082e-001
 6.89278350515464e+000    2.10824742268041e-001
 6.92371134020619e+000    2.01546391752577e-001
 6.95463917525773e+000    1.92268041237113e-001
 6.99072164948454e+000    1.81443298969072e-001
 7.02164948453608e+000    1.75257731958763e-001
 7.06288659793814e+000    1.67525773195876e-001
 7.10927835051546e+000    1.61340206185567e-001
 7.16082474226804e+000    1.56701030927835e-001
 7.22268041237113e+000    1.55154639175258e-001
 7.28453608247423e+000    1.59793814432990e-001
 7.33608247422680e+000    1.65979381443299e-001
 7.38247422680412e+000    1.73711340206186e-001
 7.44432989690722e+000    1.89175257731959e-001
 7.50103092783505e+000    2.06185567010309e-001
 7.55257731958763e+000    2.24742268041237e-001
 7.61443298969072e+000    2.51030927835052e-001
 7.67628865979381e+000    2.81958762886598e-001
 7.70206185567010e+000    2.98969072164948e-001
 7.73814432989691e+000    3.20618556701031e-001
 7.77422680412371e+000    3.43814432989691e-001
 7.78453608247423e+000    3.48453608247423e-001

Fxl=0.6
 6.80515463917526e+000    2.83505154639175e-001
 6.82061855670103e+000    2.77319587628866e-001
 6.84639175257732e+000    2.63402061855670e-001
 6.87216494845361e+000    2.49484536082474e-001
 6.89793814432990e+000    2.38659793814433e-001
 6.93402061855670e+000    2.24742268041237e-001
 6.97010309278351e+000    2.12371134020619e-001
 7.00618556701031e+000    2.03092783505155e-001
 7.03711340206186e+000    1.95360824742268e-001
 7.07319587628866e+000    1.87628865979381e-001
 7.11958762886598e+000    1.79896907216495e-001
 7.16082474226804e+000    1.75257731958763e-001
 7.20206185567010e+000    1.75257731958763e-001
 7.28453608247423e+000    1.78350515463918e-001
 7.35670103092783e+000    1.86082474226804e-001
 7.40824742268041e+000    1.98453608247423e-001
 7.47525773195876e+000    2.18556701030928e-001
 7.52680412371134e+000    2.37113402061856e-001
 7.57319587628866e+000    2.57216494845361e-001
 7.62989690721649e+000    2.88144329896907e-001
 7.67113402061856e+000    3.12886597938144e-001
 7.72268041237113e+000    3.46907216494845e-001

Fxl=0.5
 6.81030927835052e+000    2.86597938144330e-001
 6.83092783505155e+000    2.74226804123711e-001
 6.87216494845361e+000    2.58762886597938e-001
 6.91340206185567e+000    2.40206185567010e-001
 6.95463917525773e+000    2.26288659793814e-001
 7.01649484536082e+000    2.09278350515464e-001
 7.07835051546392e+000    1.98453608247423e-001
 7.14020618556701e+000    1.92268041237113e-001
 7.20206185567010e+000    1.89175257731959e-001
 7.28969072164948e+000    1.93814432989691e-001
 7.35670103092783e+000    2.03092783505155e-001
 7.41340206185567e+000    2.18556701030928e-001
 7.45463917525773e+000    2.32474226804124e-001
 7.49587628865979e+000    2.49484536082474e-001
 7.52164948453608e+000    2.61855670103093e-001
 7.58350515463918e+000    2.88144329896907e-001
 7.63505154639175e+000    3.15979381443299e-001
 7.68659793814433e+000    3.46907216494845e-001
