Generated by GetData Graph Digitizer 2.22 on July 03 2026, 15:03
from file 'C:\Users\go223\Desktop\ͼƬ2.jpg'

Fxl=0.8
 6.80000000000000e+000    1.92268041237113e-001
 6.84639175257732e+000    1.75257731958763e-001
 6.88762886597938e+000    1.61340206185567e-001
 6.92886597938144e+000    1.52061855670103e-001
 6.98041237113402e+000    1.39690721649485e-001
 7.02164948453608e+000    1.31958762886598e-001
 7.06804123711340e+000    1.25773195876289e-001
 7.11958762886598e+000    1.22680412371134e-001
 7.17628865979381e+000    1.21134020618557e-001
 7.23814432989691e+000    1.22680412371134e-001
 7.28969072164948e+000    1.27319587628866e-001
 7.34639175257732e+000    1.33505154639175e-001
 7.40309278350515e+000    1.47422680412371e-001
 7.47010309278351e+000    1.65979381443299e-001
 7.52680412371134e+000    1.84536082474227e-001
 7.58350515463918e+000    2.06185567010309e-001
 7.64536082474227e+000    2.34020618556701e-001
 7.71237113402062e+000    2.68041237113402e-001
 7.76391752577320e+000    2.98969072164948e-001
 7.79484536082474e+000    3.15979381443299e-001

Fxl=0.7
 6.80515463917526e+000    1.90721649484536e-001
 6.82577319587629e+000    1.81443298969072e-001
 6.86185567010309e+000    1.72164948453608e-001
 6.90824742268041e+000    1.61340206185567e-001
 6.94948453608247e+000    1.52061855670103e-001
 7.00618556701031e+000    1.42783505154639e-001
 7.05257731958763e+000    1.38144329896907e-001
 7.12474226804124e+000    1.35051546391753e-001
 7.22268041237113e+000    1.38144329896907e-001
 7.28969072164948e+000    1.45876288659794e-001
 7.37731958762887e+000    1.59793814432990e-001
 7.43402061855670e+000    1.75257731958763e-001
 7.51134020618557e+000    2.06185567010309e-001
 7.55773195876289e+000    2.26288659793814e-001
 7.61958762886598e+000    2.54123711340206e-001
 7.68659793814433e+000    2.89690721649485e-001
 7.74845360824742e+000    3.25257731958763e-001
 7.78453608247423e+000    3.46907216494845e-001

Fxl=0.6
 6.80000000000000e+000    2.10824742268041e-001
 6.84639175257732e+000    1.92268041237113e-001
 6.90824742268041e+000    1.76804123711340e-001
 6.96494845360825e+000    1.62886597938144e-001
 7.02164948453608e+000    1.53608247422680e-001
 7.08865979381443e+000    1.48969072164948e-001
 7.16082474226804e+000    1.47422680412371e-001
 7.22268041237113e+000    1.52061855670103e-001
 7.31546391752577e+000    1.65979381443299e-001
 7.36185567010309e+000    1.79896907216495e-001
 7.40824742268041e+000    1.90721649484536e-001
 7.45979381443299e+000    2.09278350515464e-001
 7.50618556701031e+000    2.32474226804124e-001
 7.59381443298969e+000    2.68041237113402e-001
 7.65051546391753e+000    3.00515463917526e-001
 7.68659793814433e+000    3.23711340206186e-001
 7.71752577319588e+000    3.46907216494845e-001

Fxl=0.5
 6.80000000000000e+000    2.06185567010309e-001
 6.85670103092783e+000    1.87628865979381e-001
 6.91855670103093e+000    1.72164948453608e-001
 6.99587628865979e+000    1.62886597938144e-001
 7.05257731958763e+000    1.58247422680412e-001
 7.09896907216495e+000    1.56701030927835e-001
 7.17113402061856e+000    1.61340206185567e-001
 7.26391752577320e+000    1.67525773195876e-001
 7.35670103092783e+000    1.89175257731959e-001
 7.42371134020619e+000    2.12371134020619e-001
 7.47525773195876e+000    2.32474226804124e-001
 7.55257731958763e+000    2.69587628865979e-001
 7.61958762886598e+000    3.06701030927835e-001
 7.67113402061856e+000    3.37628865979381e-001
 7.68659793814433e+000    3.46907216494845e-001
