Generated by GetData Graph Digitizer 2.22 on July 02 2026, 15:33
from file 'C:\Users\go223\Desktop\ScreenShot_2026-07-02_152553_004.jpg'

cum.sol.(1kb)
 1.91752577319588e-001    7.59329302141158e+000
 2.04123711340206e-001    7.57018041237113e+000
 2.22680412371134e-001    7.54012688342585e+000
 2.39175257731959e-001    7.51931007137193e+000
 2.57731958762887e-001    7.49617961934972e+000
 2.76288659793814e-001    7.47766455194290e+000
 3.03092783505155e-001    7.45681800158604e+000
 3.38144329896907e-001    7.42902458366376e+000
 3.77319587628866e-001    7.40583465503569e+000
 4.06185567010309e-001    7.39421292624901e+000
 4.49484536082474e-001    7.38254956383822e+000
 5.15463917525773e-001    7.36620539254560e+000
 5.89690721649485e-001    7.34752973830293e+000
 6.61855670103093e-001    7.33347541633624e+000
 7.29896907216495e-001    7.31943298969072e+000
 7.97938144329897e-001    7.30077517842982e+000

inc.sol.(1kb)
 8.04123711340206e-002    7.59592188739096e+000
 8.04123711340206e-002    7.50130650277558e+000
 8.04123711340206e-002    7.42284496431404e+000
 8.24742268041237e-002    7.32360824742268e+000
 9.27835051546392e-002    7.28204004758129e+000
 1.64948453608247e-001    7.26567803330690e+000
 2.49484536082474e-001    7.24697264076130e+000
 3.17525773195876e-001    7.22831482950040e+000
 3.83505154639175e-001    7.20504758128469e+000
 4.06185567010309e-001    7.27882831086439e+000
 4.41237113402062e-001    7.27180412371134e+000
 4.90721649484536e-001    7.25781522601110e+000
 5.42268041237113e-001    7.24382038065028e+000
 5.81443298969072e-001    7.22986122125297e+000
 6.45360824742268e-001    7.20198453608247e+000
 7.09278350515464e-001    7.16487708168121e+000
 7.58762886597938e-001    7.12550356859635e+000
 8.00000000000000e-001    7.07692307692308e+000

frac.res.(1kb)
 4.12371134020619e-003    7.17152656621729e+000
 4.74226804123711e-002    7.12755551149881e+000
 8.24742268041237e-002    7.10437747819191e+000
 1.52577319587629e-001    7.09032910388581e+000
 2.63917525773196e-001    7.06462331482950e+000
 3.54639175257732e-001    7.04128469468676e+000
 4.20618556701031e-001    7.02032513877875e+000
 4.90721649484536e-001    6.98781522601110e+000
 5.62886597938144e-001    6.94837628865979e+000
 6.28865979381443e-001    6.89972442505948e+000
 6.74226804123711e-001    6.86036280729580e+000
 7.21649484536083e-001    6.81176447264076e+000
 7.60824742268041e-001    6.76088223632038e+000
 7.95876288659794e-001    6.70539651070579e+000

eq.res.(1kb)
 7.95876288659794e-001    6.92693497224425e+000
 7.71134020618557e-001    6.93623711340206e+000
 7.29896907216495e-001    6.95020222045995e+000
 6.72164948453608e-001    6.97113798572561e+000
 6.26804123711340e-001    6.98511498810468e+000
 5.77319587628866e-001    7.00141157811261e+000
 5.34020618556701e-001    7.01307494052339e+000
 4.88659793814433e-001    7.02705194290246e+000
 4.32989690721650e-001    7.04336637589215e+000
 3.79381443298969e-001    7.05275178429818e+000
 3.17525773195876e-001    7.06216098334655e+000
 2.76288659793814e-001    7.06458762886598e+000
 2.41237113402062e-001    7.07161181601903e+000
 2.04123711340206e-001    7.08094964314036e+000
 1.48453608247423e-001    7.09034099920698e+000
 9.89690721649485e-002    7.09971451229183e+000
 8.24742268041237e-002    7.10206978588422e+000
 5.15463917525773e-002    7.12523592386995e+000
 6.18556701030928e-003    7.16921292624901e+000

inc.sol.(8-1kb)
 7.42268041237113e-002    7.59363203806503e+000
 7.42268041237113e-002    7.48747819191118e+000
 7.42268041237113e-002    7.34440126883426e+000
 7.62886597938144e-002    7.22439532117367e+000
 8.65979381443299e-002    7.21975019825535e+000
 1.07216494845361e-001    7.21738302934179e+000
 1.56701030927835e-001    7.21493259318002e+000
 2.02061855670103e-001    7.20787866772403e+000
 2.32989690721650e-001    7.20548176050753e+000
 2.51546391752577e-001    7.25850515463918e+000
 2.63917525773196e-001    7.25385408406027e+000
 2.72164948453608e-001    7.26075337034100e+000
 2.94845360824742e-001    7.25607256145916e+000
 3.09278350515464e-001    7.25603092783505e+000
 3.23711340206186e-001    7.25368160190325e+000
 3.42268041237113e-001    7.25362807295797e+000
 3.54639175257732e-001    7.25359238699445e+000
 3.71134020618557e-001    7.24892942109437e+000
 3.85567010309278e-001    7.24196471054718e+000
 4.06185567010309e-001    7.24652061855670e+000
 4.30927835051546e-001    7.24644924662966e+000
 4.51546391752577e-001    7.24638977002379e+000
 4.84536082474227e-001    7.24398691514671e+000
 5.23711340206186e-001    7.23695083267248e+000
 5.56701030927835e-001    7.22993259318002e+000
 5.85567010309278e-001    7.22292624900872e+000
 6.55670103092784e-001    7.20426249008723e+000
 6.92783505154639e-001    7.18800158604282e+000
 7.46391752577320e-001    7.15784694686757e+000
 7.97938144329897e-001    7.11846748612213e+000

eq.sol.(1kb)
 7.97938144329897e-001    7.24769825535290e+000
 7.69072164948454e-001    7.25470459952419e+000
 7.21649484536083e-001    7.26868754956384e+000
 6.47422680412371e-001    7.28736320380650e+000
 6.00000000000000e-001    7.29903846153846e+000
 5.58762886597938e-001    7.31069587628866e+000
 5.11340206185567e-001    7.32237113402062e+000
 4.65979381443299e-001    7.33634813639968e+000
 4.24742268041237e-001    7.34800555114988e+000
 3.87628865979381e-001    7.36426645519429e+000
 3.34020618556701e-001    7.40595955590801e+000
 2.92783505154639e-001    7.43607850911975e+000
 2.86597938144330e-001    7.45917327517843e+000
 2.80412371134021e-001    7.48688342585250e+000
 2.55670103092783e-001    7.49849325931800e+000
 2.41237113402062e-001    7.50776566217288e+000
 2.22680412371134e-001    7.52628072957970e+000
 2.04123711340206e-001    7.55633425852498e+000
 1.85567010309278e-001    7.59331086439334e+000

cum.sol.(8-1kb)
 1.52577319587629e-001    7.59340602696273e+000
 1.60824742268041e-001    7.57261300555115e+000
 1.73195876288660e-001    7.54719270420301e+000
 1.87628865979381e-001    7.51484337827121e+000
 2.10309278350515e-001    7.48016256938937e+000
 2.24742268041237e-001    7.45704401268834e+000
 2.51546391752577e-001    7.43158207771610e+000
 2.82474226804124e-001    7.41303132434576e+000
 3.13402061855670e-001    7.39448057097542e+000
 3.62886597938144e-001    7.37587628865979e+000
 4.37113402061856e-001    7.35258524980175e+000
 4.84536082474227e-001    7.34090999206979e+000
 5.42268041237113e-001    7.32920499603489e+000
 5.91752577319588e-001    7.31983148295004e+000
 6.51546391752577e-001    7.31042823156225e+000
 7.07216494845361e-001    7.30103687549564e+000
 7.54639175257732e-001    7.29397700237906e+000
 7.97938144329897e-001    7.28462133227597e+000

frac.res.(8-1kb)
 4.12371134020619e-003    7.16921887390960e+000
 5.36082474226804e-002    7.12522997620936e+000
 7.21649484536083e-002    7.11133029341792e+000
 1.11340206185567e-001    7.10890959555908e+000
 1.48453608247423e-001    7.10418715305313e+000
 1.95876288659794e-001    7.09712727993656e+000
 2.43298969072165e-001    7.09006740681998e+000
 2.84536082474227e-001    7.08302537668517e+000
 3.31958762886598e-001    7.06904242664552e+000
 3.93814432989691e-001    7.05271015067407e+000
 4.51546391752577e-001    7.03638977002379e+000
 5.05154639175258e-001    7.01777359238699e+000
 5.46391752577320e-001    6.99688540840603e+000
 5.91752577319588e-001    6.97598532910389e+000
 6.49484536082474e-001    6.93889571768438e+000
 6.94845360824742e-001    6.90414948453608e+000
 7.38144329896907e-001    6.86479381443299e+000
 7.75257731958763e-001    6.82314829500397e+000
 7.97938144329897e-001    6.79077517842982e+000
