Generated by GetData Graph Digitizer 2.22 on July 04 2026, 12:46
from file 'C:\Users\go223\Desktop\ScreenShot_2026-07-04_124209_264.jpg'

X=1
 1.25096418732782e+003    6.92064220183486e+000
 1.26253443526171e+003    6.95275229357798e+000
 1.27314049586777e+003    6.97798165137615e+000
 1.28278236914601e+003    6.99862385321101e+000
 1.29820936639118e+003    7.03073394495413e+000
 1.30977961432507e+003    7.05596330275229e+000
 1.32231404958678e+003    7.07889908256881e+000
 1.33484848484848e+003    7.10183486238532e+000
 1.34834710743802e+003    7.12247706422018e+000
 1.36955922865014e+003    7.15458715596330e+000
 1.38787878787879e+003    7.17752293577982e+000
 1.41101928374656e+003    7.20733944954128e+000
 1.43512396694215e+003    7.23256880733945e+000
 1.47176308539945e+003    7.27155963302752e+000
 1.51418732782369e+003    7.31055045871560e+000
 1.54600550964187e+003    7.34036697247706e+000
 1.57493112947658e+003    7.36100917431193e+000
 1.59710743801653e+003    7.37706422018349e+000

x=8
 1.25867768595041e+003    6.90229357798165e+000
 1.27603305785124e+003    6.94587155963303e+000
 1.29435261707989e+003    6.98715596330275e+000
 1.31170798898072e+003    7.02385321100917e+000
 1.32713498622590e+003    7.05825688073395e+000
 1.34449035812672e+003    7.09036697247706e+000
 1.35798898071625e+003    7.12018348623853e+000
 1.37920110192837e+003    7.15458715596330e+000
 1.39848484848485e+003    7.18669724770642e+000
 1.41198347107438e+003    7.20733944954128e+000
 1.44669421487603e+003    7.24633027522936e+000
 1.46983471074380e+003    7.27155963302752e+000
 1.50840220385675e+003    7.30596330275229e+000
 1.55179063360882e+003    7.34266055045872e+000
 1.57975206611570e+003    7.36330275229358e+000
 1.59710743801653e+003    7.37706422018349e+000
