Generated by GetData Graph Digitizer 2.22 on July 04 2026, 12:49
from file 'C:\Users\go223\Desktop\ScreenShot_2026-07-04_124221_433.jpg'

b=0
 1.25000000000000e+003    6.92293577981651e+000
 1.26160220994475e+003    6.95275229357798e+000
 1.28480662983425e+003    7.00321100917431e+000
 1.30607734806630e+003    7.05137614678899e+000
 1.33508287292818e+003    7.10183486238532e+000
 1.35828729281768e+003    7.13853211009174e+000
 1.37955801104972e+003    7.16834862385321e+000
 1.40082872928177e+003    7.19587155963303e+000
 1.41629834254144e+003    7.21192660550459e+000
 1.44433701657459e+003    7.24403669724771e+000
 1.47237569060773e+003    7.27385321100917e+000
 1.50428176795580e+003    7.30366972477064e+000
 1.53038674033149e+003    7.32660550458716e+000
 1.55455801104972e+003    7.34495412844037e+000
 1.57389502762431e+003    7.35871559633028e+000
 1.59806629834254e+003    7.37706422018349e+000

b=30
 1.29834254143646e+003    6.90229357798165e+000
 1.31187845303867e+003    6.95045871559633e+000
 1.33024861878453e+003    7.01926605504587e+000
 1.34668508287293e+003    7.06972477064220e+000
 1.36795580110497e+003    7.12247706422018e+000
 1.38245856353591e+003    7.15688073394495e+000
 1.40082872928177e+003    7.19357798165138e+000
 1.42596685082873e+003    7.22798165137615e+000
 1.44820441988950e+003    7.25779816513761e+000
 1.46464088397790e+003    7.27844036697248e+000
 1.49171270718232e+003    7.30366972477064e+000
 1.51395027624309e+003    7.31972477064220e+000
 1.53812154696133e+003    7.34036697247706e+000
 1.56229281767956e+003    7.35642201834862e+000
 1.59709944751381e+003    7.37935779816514e+000

b=20
 1.28093922651934e+003    6.90458715596330e+000
 1.29640883977901e+003    6.95733944954128e+000
 1.30994475138122e+003    7.00091743119266e+000
 1.33024861878453e+003    7.05596330275229e+000
 1.34765193370166e+003    7.09724770642202e+000
 1.36408839779006e+003    7.13165137614679e+000
 1.37762430939227e+003    7.15458715596330e+000
 1.40082872928177e+003    7.19357798165138e+000
 1.41629834254144e+003    7.21422018348624e+000
 1.43660220994475e+003    7.23944954128440e+000
 1.45593922651934e+003    7.26238532110092e+000
 1.48107734806630e+003    7.28532110091743e+000
 1.49751381215470e+003    7.30137614678899e+000
 1.51878453038674e+003    7.31972477064220e+000
 1.53715469613260e+003    7.33577981651376e+000
 1.56519337016575e+003    7.35412844036697e+000
 1.59806629834254e+003    7.37706422018349e+000
