Generated by GetData Graph Digitizer 2.22 on July 04 2026, 13:15
from file 'D:\python-learn\pyAOBS\pyAOBS\petrology\data\WPSͼƬ.jpg'

x=8,b=0
 8.91304347826087e+000    6.90125000000000e+000
 9.48695652173913e+000    6.91250000000000e+000
 9.85217391304348e+000    6.92000000000000e+000
 1.08434782608696e+001    6.93750000000000e+000
 1.15739130434783e+001    6.95000000000000e+000
 1.25652173913043e+001    6.96500000000000e+000
 1.35043478260870e+001    6.98125000000000e+000
 1.44956521739130e+001    6.99750000000000e+000
 1.54347826086957e+001    7.01000000000000e+000
 1.64260869565217e+001    7.02500000000000e+000
 1.75217391304348e+001    7.04000000000000e+000
 1.87739130434783e+001    7.05625000000000e+000
 2.02347826086957e+001    7.07500000000000e+000
 2.14869565217391e+001    7.09000000000000e+000
 2.26869565217391e+001    7.10500000000000e+000
 2.42521739130435e+001    7.12250000000000e+000
 2.69130434782609e+001    7.15125000000000e+000
 2.92086956521739e+001    7.17375000000000e+000
 3.07739130434783e+001    7.19000000000000e+000
 3.25478260869565e+001    7.20500000000000e+000
 3.49478260869565e+001    7.22500000000000e+000

x=4,b=0
 5.05217391304348e+000    6.90125000000000e+000
 5.67826086956522e+000    6.91875000000000e+000
 6.46086956521739e+000    6.94000000000000e+000
 7.24347826086957e+000    6.96000000000000e+000
 7.81739130434783e+000    6.97375000000000e+000
 8.39130434782609e+000    6.98625000000000e+000
 9.27826086956522e+000    7.00500000000000e+000
 1.01130434782609e+001    7.02250000000000e+000
 1.11043478260870e+001    7.03875000000000e+000
 1.22521739130435e+001    7.06125000000000e+000
 1.43913043478261e+001    7.09375000000000e+000
 1.63217391304348e+001    7.12125000000000e+000
 1.80434782608696e+001    7.14375000000000e+000
 1.96086956521739e+001    7.16250000000000e+000
 2.13826086956522e+001    7.18250000000000e+000
 2.34695652173913e+001    7.20250000000000e+000
 2.60260869565217e+001    7.22875000000000e+000
 2.93652173913043e+001    7.25750000000000e+000
 3.22869565217391e+001    7.28000000000000e+000
 3.48956521739130e+001    7.29625000000000e+000

x=2,b=0
 3.06956521739130e+000    6.91875000000000e+000
 3.48695652173913e+000    6.93750000000000e+000
 3.90434782608696e+000    6.95500000000000e+000
 4.42608695652174e+000    6.97625000000000e+000
 5.00000000000000e+000    6.99500000000000e+000
 5.57391304347826e+000    7.01500000000000e+000
 6.14782608695652e+000    7.03250000000000e+000
 6.98260869565217e+000    7.05500000000000e+000
 7.86956521739130e+000    7.07750000000000e+000
 9.33043478260869e+000    7.10750000000000e+000
 1.00086956521739e+001    7.12125000000000e+000
 1.18347826086957e+001    7.15250000000000e+000
 1.35043478260870e+001    7.17750000000000e+000
 1.48608695652174e+001    7.19625000000000e+000
 1.75739130434783e+001    7.23000000000000e+000
 1.98695652173913e+001    7.25500000000000e+000
 2.24260869565217e+001    7.28000000000000e+000
 2.45652173913043e+001    7.29750000000000e+000
 2.72260869565217e+001    7.31875000000000e+000
 2.97826086956522e+001    7.33750000000000e+000
 3.30695652173913e+001    7.35750000000000e+000

x=1,b=0
 3.06956521739130e+000    7.01625000000000e+000
 3.33043478260870e+000    7.03000000000000e+000
 3.80000000000000e+000    7.05250000000000e+000
 4.47826086956522e+000    7.08000000000000e+000
 4.84347826086957e+000    7.09250000000000e+000
 5.57391304347826e+000    7.11625000000000e+000
 5.93913043478261e+000    7.12750000000000e+000
 6.77391304347826e+000    7.14875000000000e+000
 8.28695652173913e+000    7.18375000000000e+000
 9.33043478260869e+000    7.20375000000000e+000
 1.07391304347826e+001    7.22875000000000e+000
 1.21478260869565e+001    7.25000000000000e+000
 1.39739130434783e+001    7.27750000000000e+000
 1.62173913043478e+001    7.30500000000000e+000
 1.78347826086957e+001    7.32250000000000e+000
 1.93478260869565e+001    7.33625000000000e+000
 2.17478260869565e+001    7.35875000000000e+000

x=1,b=10
 3.06956521739130e+000    7.06500000000000e+000
 3.53913043478261e+000    7.08750000000000e+000
 4.06086956521739e+000    7.10875000000000e+000
 4.73913043478261e+000    7.13375000000000e+000
 5.41739130434783e+000    7.15625000000000e+000
 6.09565217391304e+000    7.17500000000000e+000
 6.77391304347826e+000    7.19250000000000e+000
 7.86956521739130e+000    7.21625000000000e+000
 8.96521739130435e+000    7.23750000000000e+000
 1.00086956521739e+001    7.25625000000000e+000
 1.12608695652174e+001    7.27500000000000e+000
 1.31913043478261e+001    7.30125000000000e+000
 1.48608695652174e+001    7.32125000000000e+000
 1.66869565217391e+001    7.34125000000000e+000
 1.80956521739130e+001    7.35375000000000e+000
 1.85130434782609e+001    7.35750000000000e+000

x=1,b=20
 3.06956521739130e+000    7.11500000000000e+000
 3.43478260869565e+000    7.13375000000000e+000
 3.95652173913043e+000    7.15625000000000e+000
 4.42608695652174e+000    7.17375000000000e+000
 4.94782608695652e+000    7.19000000000000e+000
 5.46956521739130e+000    7.20500000000000e+000
 6.25217391304348e+000    7.22625000000000e+000
 7.08695652173913e+000    7.24375000000000e+000
 8.02608695652174e+000    7.26250000000000e+000
 8.91304347826087e+000    7.27750000000000e+000
 9.85217391304348e+000    7.29250000000000e+000
 1.09478260869565e+001    7.30875000000000e+000
 1.26695652173913e+001    7.32875000000000e+000
 1.40782608695652e+001    7.34250000000000e+000
 1.54347826086957e+001    7.35750000000000e+000

x=1,b=30
 3.06956521739130e+000    7.17000000000000e+000
 3.33043478260870e+000    7.18375000000000e+000
 3.74782608695652e+000    7.20000000000000e+000
 4.11304347826087e+000    7.21250000000000e+000
 4.47826086956522e+000    7.22500000000000e+000
 5.00000000000000e+000    7.24000000000000e+000
 5.67826086956522e+000    7.25500000000000e+000
 6.46086956521739e+000    7.27250000000000e+000
 7.34782608695652e+000    7.28750000000000e+000
 8.33913043478261e+000    7.30250000000000e+000
 9.43478260869565e+000    7.31750000000000e+000
 1.09478260869565e+001    7.33500000000000e+000
 1.20956521739130e+001    7.34875000000000e+000
 1.29304347826087e+001    7.35750000000000e+000

T=1300
 3.06956521739130e+000    7.03250000000000e+000
 3.33043478260870e+000    7.03625000000000e+000
 3.74782608695652e+000    7.03750000000000e+000
 4.21739130434783e+000    7.03875000000000e+000
 4.58260869565217e+000    7.03750000000000e+000
 5.15652173913043e+000    7.03500000000000e+000
 5.67826086956522e+000    7.03125000000000e+000
 6.30434782608696e+000    7.02875000000000e+000
 7.03478260869565e+000    7.02625000000000e+000
 8.07826086956522e+000    7.02250000000000e+000
 8.60000000000000e+000    7.02125000000000e+000
 9.12173913043478e+000    7.02000000000000e+000
 9.64347826086956e+000    7.01875000000000e+000
 1.03217391304348e+001    7.01500000000000e+000
 1.12608695652174e+001    7.01125000000000e+000
 1.21478260869565e+001    7.00875000000000e+000
 1.33478260869565e+001    7.00375000000000e+000
 1.41304347826087e+001    7.00250000000000e+000
 1.46521739130435e+001    7.00125000000000e+000

T=1400
 3.48695652173913e+000    7.19000000000000e+000
 4.32173913043478e+000    7.19250000000000e+000
 5.41739130434783e+000    7.19250000000000e+000
 6.46086956521739e+000    7.19375000000000e+000
 8.23478260869565e+000    7.19375000000000e+000
 9.53913043478261e+000    7.19375000000000e+000
 1.16260869565217e+001    7.19250000000000e+000
 1.40260869565217e+001    7.19250000000000e+000
 1.64260869565217e+001    7.19250000000000e+000
 1.89304347826087e+001    7.19250000000000e+000
 2.33130434782609e+001    7.19125000000000e+000
 2.58173913043478e+001    7.19250000000000e+000
 2.81130434782609e+001    7.18875000000000e+000
 3.00434782608696e+001    7.19125000000000e+000
 3.08260869565217e+001    7.19000000000000e+000

T=1500
 8.91304347826087e+000    7.31000000000000e+000
 9.85217391304348e+000    7.30750000000000e+000
 1.13130434782609e+001    7.30625000000000e+000
 1.28260869565217e+001    7.30500000000000e+000
 1.45478260869565e+001    7.30250000000000e+000
 1.60086956521739e+001    7.30125000000000e+000
 1.74173913043478e+001    7.30000000000000e+000
 1.90869565217391e+001    7.30000000000000e+000
 2.11739130434783e+001    7.30000000000000e+000
 2.28434782608696e+001    7.30250000000000e+000
 2.44086956521739e+001    7.30500000000000e+000
 2.62347826086957e+001    7.30500000000000e+000
 2.83217391304348e+001    7.30500000000000e+000
 3.04086956521739e+001    7.30625000000000e+000
 3.22869565217391e+001    7.30750000000000e+000
 3.30173913043478e+001    7.30875000000000e+000
 3.36956521739130e+001    7.30625000000000e+000
 3.43217391304348e+001    7.30250000000000e+000
 3.48956521739130e+001    7.29750000000000e+000

T=1350
 3.06956521739130e+000    7.10500000000000e+000
 3.69565217391304e+000    7.11250000000000e+000
 4.37391304347826e+000    7.11750000000000e+000
 5.15652173913043e+000    7.12125000000000e+000
 6.40869565217391e+000    7.12375000000000e+000
 8.02608695652174e+000    7.12250000000000e+000
 9.22608695652174e+000    7.12125000000000e+000
 1.06869565217391e+001    7.12000000000000e+000
 1.17826086956522e+001    7.11875000000000e+000
 1.32956521739130e+001    7.11625000000000e+000
 1.45478260869565e+001    7.11500000000000e+000
 1.56956521739130e+001    7.11250000000000e+000
 1.68956521739130e+001    7.10875000000000e+000
 1.79913043478261e+001    7.10500000000000e+000
 1.91913043478261e+001    7.10375000000000e+000
 1.99739130434783e+001    7.10500000000000e+000
 2.10173913043478e+001    7.10500000000000e+000
 2.23217391304348e+001    7.10375000000000e+000

T=1450
 5.93913043478261e+000    7.26000000000000e+000
 6.87826086956522e+000    7.25750000000000e+000
 7.86956521739130e+000    7.25750000000000e+000
 9.01739130434783e+000    7.25500000000000e+000
 1.06347826086957e+001    7.25250000000000e+000
 1.18347826086957e+001    7.25125000000000e+000
 1.29826086956522e+001    7.25125000000000e+000
 1.54347826086957e+001    7.25125000000000e+000
 1.73652173913043e+001    7.25125000000000e+000
 1.98695652173913e+001    7.25375000000000e+000
 2.21130434782609e+001    7.25375000000000e+000
 2.44086956521739e+001    7.25375000000000e+000
 2.72260869565217e+001    7.25375000000000e+000
 2.92608695652174e+001    7.25625000000000e+000
 3.04608695652174e+001    7.25750000000000e+000
 3.28086956521739e+001    7.25750000000000e+000
 3.35913043478261e+001    7.25250000000000e+000
 3.44260869565217e+001    7.24375000000000e+000
 3.50000000000000e+001    7.23875000000000e+000

T=1550
 1.23565217391304e+001    7.35125000000000e+000
 1.29826086956522e+001    7.34875000000000e+000
 1.36608695652174e+001    7.34750000000000e+000
 1.46000000000000e+001    7.34750000000000e+000
 1.52782608695652e+001    7.34750000000000e+000
 1.62695652173913e+001    7.34625000000000e+000
 1.72086956521739e+001    7.34625000000000e+000
 1.81478260869565e+001    7.34500000000000e+000
 1.91913043478261e+001    7.34375000000000e+000
 2.07043478260870e+001    7.34250000000000e+000
 2.18000000000000e+001    7.34250000000000e+000
 2.25826086956522e+001    7.34500000000000e+000
 2.37826086956522e+001    7.35000000000000e+000
 2.47217391304348e+001    7.35375000000000e+000
 2.56608695652174e+001    7.35375000000000e+000
 2.71739130434783e+001    7.35250000000000e+000
 2.93652173913043e+001    7.35000000000000e+000
 3.15043478260870e+001    7.34875000000000e+000
 3.26521739130435e+001    7.35000000000000e+000
 3.33304347826087e+001    7.35000000000000e+000
 3.40608695652174e+001    7.34750000000000e+000
 3.49478260869565e+001    7.34250000000000e+000
